actionId,actionNumber,clock,period,teamId,teamTricode,personId,playerName,playerNameI,xLegacy,yLegacy,shotDistance,shotResult,isFieldGoal,scoreHome,scoreAway,pointsTotal,location,description,actionType,subType,videoAvailable,shotValue
1,0,PT12M00.00S,1,0,,0,,,0,0,0,,0,0,0,0,,Start of 1st Period (8:41 PM EST),period,start,0,0
2,1,PT12M00.00S,1,1610612759,SAS,1495,Duncan,T. Duncan,0,0,0,,0,0,0,0,h,Jump Ball Duncan vs. Nene: Tip to Jefferson,Jump Ball,,0,0
3,2,PT11M53.00S,1,1610612759,SAS,2210,Jefferson,R. Jefferson,56,20,6,Missed,1,0,0,0,h,MISS Jefferson 6' Driving Jump Shot,Missed Shot,Driving Jump shot,0,0
4,3,PT11M52.00S,1,0,,1610612743,,,0,0,0,,0,0,0,0,v,Nuggets Rebound,Rebound,Unknown,0,0
5,4,PT11M40.00S,1,1610612743,DEN,2030,Martin,K. Martin,0,0,0,,0,0,0,0,v,Martin Traveling Turnover (P1.T1),Turnover,Traveling,0,0
6,5,PT11M16.00S,1,1610612759,SAS,2225,Parker,T. Parker,-59,74,9,Made,1,2,0,2,h,Parker 9' Floating Jump Shot (2 PTS) (Bogans 1 AST),Made Shot,Floating Jump shot,0,0
7,6,PT11M06.00S,1,1610612743,DEN,1497,Billups,C. Billups,201,143,25,Made,1,2,3,5,v,Billups 25' 3PT Jump Shot (3 PTS),Made Shot,Jump Shot,0,0
8,7,PT10M50.00S,1,1610612759,SAS,2586,Bogans,K. Bogans,236,-5,24,Missed,1,0,0,0,h,MISS Bogans 24' 3PT Jump Shot,Missed Shot,Jump Shot,0,0
9,8,PT10M49.00S,1,1610612743,DEN,2030,Martin,K. Martin,0,0,0,,0,0,0,0,v,Martin REBOUND (Off:0 Def:1),Rebound,Unknown,0,0
10,9,PT10M43.00S,1,1610612743,DEN,1497,Billups,C. Billups,80,33,9,Missed,1,0,0,0,v,MISS Billups 9' Jump Shot,Missed Shot,Jump Shot,0,0
11,10,PT10M41.00S,1,1610612759,SAS,686,McDyess,A. McDyess,0,0,0,,0,0,0,0,h,McDyess REBOUND (Off:0 Def:1),Rebound,Unknown,0,0
12,11,PT10M22.00S,1,1610612759,SAS,2225,Parker,T. Parker,7,6,1,Made,1,4,3,7,h,Parker 1' Layup (4 PTS),Made Shot,Layup Shot,0,0
13,12,PT10M12.00S,1,1610612743,DEN,2546,Anthony,C. Anthony,-130,-5,13,Missed,1,0,0,0,v,MISS Anthony 13' Jump Shot,Missed Shot,Jump Shot,0,0
14,13,PT10M10.00S,1,1610612759,SAS,2586,Bogans,K. Bogans,0,0,0,,0,0,0,0,h,Bogans REBOUND (Off:0 Def:1),Rebound,Unknown,0,0
15,14,PT10M02.00S,1,1610612759,SAS,2586,Bogans,K. Bogans,15,1,2,Made,1,6,3,9,h,Bogans 2' Driving Layup (2 PTS),Made Shot,Driving Layup Shot,0,0
16,15,PT09M43.00S,1,1610612743,DEN,2403,Hilario,Nene,-100,-3,10,Made,1,6,5,11,v,Nene 10' Turnaround Jump Shot (2 PTS) (Billups 1 AST),Made Shot,Turnaround Jump Shot,0,0
17,16,PT09M32.00S,1,1610612759,SAS,2210,Jefferson,R. Jefferson,-174,58,18,Made,1,8,5,13,h,Jefferson 18' Jump Shot (2 PTS),Made Shot,Jump Shot,0,0
18,17,PT09M14.00S,1,1610612743,DEN,2546,Anthony,C. Anthony,0,0,0,,0,0,0,0,v,Anthony Discontinue Dribble Turnover (P1.T2),Turnover,Discontinue Dribble,0,0
19,18,PT08M58.00S,1,1610612759,SAS,2225,Parker,T. Parker,6,47,5,Made,1,10,5,15,h,Parker 5' Driving Jump Shot (6 PTS),Made Shot,Driving Jump shot,0,0
20,19,PT08M48.00S,1,1610612759,SAS,2586,Bogans,K. Bogans,0,0,0,,0,0,0,0,h,Bogans P.FOUL (P1.T1),Foul,Personal,0,0
21,20,PT08M37.00S,1,1610612743,DEN,1497,Billups,C. Billups,9,17,2,Missed,1,0,0,0,v,MISS Billups 2' Layup,Missed Shot,Layup Shot,0,0
22,21,PT08M36.00S,1,1610612759,SAS,1495,Duncan,T. Duncan,0,0,0,,0,0,0,0,h,Duncan REBOUND (Off:0 Def:1),Rebound,Unknown,0,0
23,22,PT08M16.00S,1,1610612759,SAS,2210,Jefferson,R. Jefferson,-123,0,12,Missed,1,0,0,0,h,MISS Jefferson 12' Fadeaway Jumper,Missed Shot,Fadeaway Jump Shot,0,0
24,23,PT08M15.00S,1,1610612743,DEN,2546,Anthony,C. Anthony,0,0,0,,0,0,0,0,v,Anthony REBOUND (Off:0 Def:1),Rebound,Unknown,0,0
25,24,PT08M11.00S,1,1610612743,DEN,2546,Anthony,C. Anthony,6,17,2,Missed,1,0,0,0,v,MISS Anthony 2' Running Layup,Missed Shot,Running Layup Shot,0,0
26,25,PT08M10.00S,1,0,,1610612759,,,0,0,0,,0,0,0,0,h,SPURS Rebound,Rebound,Unknown,0,0
27,26,PT07M51.00S,1,1610612759,SAS,1495,Duncan,T. Duncan,-119,50,13,Missed,1,0,0,0,h,MISS Duncan 13' Jump Bank Shot,Missed Shot,Jump Bank Shot,0,0
28,27,PT07M49.00S,1,1610612759,SAS,1495,Duncan,T. Duncan,0,0,0,,0,0,0,0,h,Duncan REBOUND (Off:1 Def:1),Rebound,Unknown,0,0
29,28,PT07M35.00S,1,1610612759,SAS,1495,Duncan,T. Duncan,-16,6,2,Made,1,12,5,17,h,Duncan 2' Layup (2 PTS) (Parker 1 AST),Made Shot,Layup Shot,0,0
30,29,PT07M24.00S,1,1610612743,DEN,2403,Hilario,Nene,138,-13,14,Made,1,12,7,19,v,Nene 14' Jump Shot (4 PTS) (Billups 2 AST),Made Shot,Jump Shot,0,0
31,30,PT07M12.00S,1,1610612759,SAS,2225,Parker,T. Parker,32,7,3,Missed,1,0,0,0,h,MISS Parker 3' Layup,Missed Shot,Layup Shot,0,0
32,31,PT07M11.00S,1,1610612759,SAS,686,McDyess,A. McDyess,0,0,0,,0,0,0,0,h,McDyess REBOUND (Off:1 Def:1),Rebound,Unknown,0,0
33,32,PT07M11.00S,1,1610612743,DEN,2030,Martin,K. Martin,0,0,0,,0,0,0,0,v,Martin L.B.FOUL (P1.T1),Foul,Loose Ball,0,0
34,33,PT07M11.00S,1,0,,1610612743,,,0,0,0,,0,0,0,0,v,Nuggets Timeout: Regular (Reg.1 Short 0),Timeout,Regular,0,0
35,35,PT06M53.00S,1,1610612759,SAS,2210,Jefferson,R. Jefferson,37,12,4,Missed,1,0,0,0,h,MISS Jefferson 4' Jump Shot,Missed Shot,Jump Shot,0,0
36,35,PT06M53.00S,1,1610612743,DEN,2403,Hilario,Nene,0,0,0,,0,0,0,0,v,Nene BLOCK (1 BLK),,,0,0
37,36,PT06M51.00S,1,1610612743,DEN,2546,Anthony,C. Anthony,0,0,0,,0,0,0,0,v,Anthony REBOUND (Off:0 Def:2),Rebound,Unknown,0,0
38,37,PT06M47.00S,1,1610612759,SAS,2586,Bogans,K. Bogans,0,0,0,,0,0,0,0,h,Bogans P.FOUL (P2.T2),Foul,Personal,0,0
39,38,PT06M47.00S,1,1610612759,SAS,2586,Bogans,K. Bogans,0,0,0,,0,0,0,0,h,SUB: Ginobili FOR Bogans,Substitution,,0,0
40,39,PT06M39.00S,1,1610612743,DEN,2546,Anthony,C. Anthony,43,4,4,Made,1,12,9,21,v,Anthony 4' Jump Shot (2 PTS),Made Shot,Jump Shot,0,0
41,40,PT06M21.00S,1,1610612759,SAS,1495,Duncan,T. Duncan,-89,26,9,Made,1,14,9,23,h,Duncan 9' Turnaround Bank Shot (4 PTS),Made Shot,Turnaround Bank shot,0,0
42,41,PT06M09.00S,1,1610612743,DEN,1497,Billups,C. Billups,214,118,24,Made,1,14,12,26,v,Billups 24' 3PT Jump Shot (6 PTS),Made Shot,Jump Shot,0,0
43,42,PT05M48.00S,1,1610612759,SAS,686,McDyess,A. McDyess,-138,-5,14,Missed,1,0,0,0,h,MISS McDyess 14' Jump Shot,Missed Shot,Jump Shot,0,0
44,43,PT05M46.00S,1,1610612743,DEN,2030,Martin,K. Martin,0,0,0,,0,0,0,0,v,Martin REBOUND (Off:0 Def:2),Rebound,Unknown,0,0
45,44,PT05M33.00S,1,1610612743,DEN,2546,Anthony,C. Anthony,39,36,5,Missed,1,0,0,0,v,MISS Anthony 5' Running Jump Shot,Missed Shot,Running Jump Shot,0,0
46,45,PT05M32.00S,1,1610612759,SAS,686,McDyess,A. McDyess,0,0,0,,0,0,0,0,h,McDyess REBOUND (Off:1 Def:2),Rebound,Unknown,0,0
47,46,PT05M26.00S,1,1610612759,SAS,2225,Parker,T. Parker,1,1,0,Made,1,16,12,28,h,Parker  Running Reverse Layup (8 PTS) (Jefferson 1 AST),Made Shot,Running Reverse Layup Shot,0,0
48,47,PT05M05.00S,1,1610612743,DEN,2403,Hilario,Nene,-136,47,14,Missed,1,0,0,0,v,MISS Nene 14' Jump Shot,Missed Shot,Jump Shot,0,0
49,48,PT05M04.00S,1,0,,1610612759,,,0,0,0,,0,0,0,0,h,SPURS Rebound,Rebound,Unknown,0,0
50,49,PT04M44.00S,1,1610612743,DEN,201167,Afflalo,A. Afflalo,0,0,0,,0,0,0,0,v,Afflalo S.FOUL (P1.T2),Foul,Shooting,0,0
51,50,PT04M44.00S,1,1610612759,SAS,1938,Ginobili,M. Ginobili,0,0,0,,0,17,12,29,h,Ginobili Free Throw 1 of 2 (1 PTS),Free Throw,Free Throw 1 of 2,0,0
52,52,PT04M44.00S,1,1610612743,DEN,201167,Afflalo,A. Afflalo,0,0,0,,0,0,0,0,v,SUB: Smith FOR Afflalo,Substitution,,0,0
53,53,PT04M44.00S,1,1610612759,SAS,1938,Ginobili,M. Ginobili,0,0,0,,0,18,12,30,h,Ginobili Free Throw 2 of 2 (2 PTS),Free Throw,Free Throw 2 of 2,0,0
54,55,PT04M35.00S,1,1610612759,SAS,1495,Duncan,T. Duncan,0,0,0,,0,0,0,0,h,Duncan S.FOUL (P1.T3),Foul,Shooting,0,0
55,56,PT04M35.00S,1,1610612743,DEN,1497,Billups,C. Billups,0,0,0,,0,18,13,31,v,Billups Free Throw 1 of 2 (7 PTS),Free Throw,Free Throw 1 of 2,0,0
56,58,PT04M35.00S,1,1610612743,DEN,1497,Billups,C. Billups,0,0,0,,0,18,14,32,v,Billups Free Throw 2 of 2 (8 PTS),Free Throw,Free Throw 2 of 2,0,0
57,60,PT04M20.00S,1,1610612759,SAS,1495,Duncan,T. Duncan,0,0,0,,0,0,0,0,h,Duncan Bad Pass Turnover (P1.T1),Turnover,Bad Pass,0,0
58,60,PT04M20.00S,1,1610612743,DEN,2030,Martin,K. Martin,0,0,0,,0,0,0,0,v,Martin STEAL (1 STL),,,0,0
59,61,PT04M15.00S,1,1610612743,DEN,2403,Hilario,Nene,0,0,0,,0,0,0,0,v,Nene Lost Ball Turnover (P1.T3),Turnover,Lost Ball,0,0
60,61,PT04M15.00S,1,1610612759,SAS,1938,Ginobili,M. Ginobili,0,0,0,,0,0,0,0,h,Ginobili STEAL (1 STL),,,0,0
61,62,PT04M04.00S,1,1610612759,SAS,2210,Jefferson,R. Jefferson,-240,12,24,Made,1,21,14,35,h,Jefferson 24' 3PT Jump Shot (5 PTS) (Parker 2 AST),Made Shot,Jump Shot,0,0
62,63,PT03M49.00S,1,1610612743,DEN,2546,Anthony,C. Anthony,129,64,14,Made,1,21,16,37,v,Anthony 14' Jump Shot (4 PTS),Made Shot,Jump Shot,0,0
63,64,PT03M40.00S,1,0,,1610612759,,,0,0,0,,0,0,0,0,h,SPURS Timeout: Regular (Full 1 Short 0),Timeout,Regular,0,0
64,65,PT03M40.00S,1,1610612759,SAS,1495,Duncan,T. Duncan,0,0,0,,0,0,0,0,h,SUB: Blair FOR Duncan,Substitution,,0,0
65,66,PT03M40.00S,1,1610612743,DEN,2403,Hilario,Nene,0,0,0,,0,0,0,0,v,SUB: Andersen FOR Nene,Substitution,,0,0
66,67,PT03M23.00S,1,1610612759,SAS,2225,Parker,T. Parker,4,164,16,Missed,1,0,0,0,h,MISS Parker 16' Step Back Jump Shot,Missed Shot,Step Back Jump shot,0,0
67,67,PT03M23.00S,1,1610612743,DEN,1497,Billups,C. Billups,0,0,0,,0,0,0,0,v,Billups BLOCK (1 BLK),,,0,0
68,68,PT03M21.00S,1,1610612743,DEN,2030,Martin,K. Martin,0,0,0,,0,0,0,0,v,Martin REBOUND (Off:0 Def:3),Rebound,Unknown,0,0
69,69,PT03M09.00S,1,1610612743,DEN,2030,Martin,K. Martin,138,-5,14,Made,1,21,18,39,v,Martin 14' Jump Shot (2 PTS) (Anthony 1 AST),Made Shot,Jump Shot,0,0
70,70,PT02M51.00S,1,1610612759,SAS,201971,Blair,D. Blair,-27,15,3,Missed,1,0,0,0,h,MISS Blair 3' Layup,Missed Shot,Layup Shot,0,0
71,70,PT02M51.00S,1,1610612743,DEN,2546,Anthony,C. Anthony,0,0,0,,0,0,0,0,v,Anthony BLOCK (1 BLK),,,0,0
72,71,PT02M50.00S,1,1610612743,DEN,2030,Martin,K. Martin,0,0,0,,0,0,0,0,v,Martin REBOUND (Off:0 Def:4),Rebound,Unknown,0,0
73,72,PT02M37.00S,1,1610612743,DEN,2546,Anthony,C. Anthony,144,39,15,Missed,1,0,0,0,v,MISS Anthony 15' Jump Shot,Missed Shot,Jump Shot,0,0
74,73,PT02M35.00S,1,1610612759,SAS,686,McDyess,A. McDyess,0,0,0,,0,0,0,0,h,McDyess REBOUND (Off:1 Def:3),Rebound,Unknown,0,0
75,74,PT02M26.00S,1,1610612759,SAS,2210,Jefferson,R. Jefferson,0,0,0,,0,0,0,0,h,Jefferson Poss Lost Ball Turnover (P1.T2),Turnover,Poss Lost Ball Turnover,0,0
76,74,PT02M26.00S,1,1610612743,DEN,2747,Smith,J. Smith,0,0,0,,0,0,0,0,v,Smith STEAL (1 STL),,,0,0
77,76,PT02M14.00S,1,1610612743,DEN,2747,Smith,J. Smith,-90,230,25,Missed,1,0,0,0,v,MISS Smith 25' 3PT Jump Shot,Missed Shot,Jump Shot,0,0
78,77,PT02M11.00S,1,1610612743,DEN,2546,Anthony,C. Anthony,0,0,0,,0,0,0,0,v,Anthony REBOUND (Off:1 Def:2),Rebound,Unknown,0,0
79,78,PT02M05.00S,1,1610612759,SAS,201971,Blair,D. Blair,0,0,0,,0,0,0,0,h,SPURS T.Foul (Def. 3 Sec Blair ),Foul,Defense 3 Second,0,0
80,79,PT02M05.00S,1,1610612743,DEN,1497,Billups,C. Billups,0,0,0,,0,21,19,40,v,Billups Free Throw Technical (9 PTS),Free Throw,Free Throw Technical,0,0
81,81,PT02M05.00S,1,1610612759,SAS,686,McDyess,A. McDyess,0,0,0,,0,0,0,0,h,SUB: Bonner FOR McDyess,Substitution,,0,0
82,83,PT01M57.00S,1,1610612743,DEN,2747,Smith,J. Smith,26,64,7,Missed,1,0,0,0,v,MISS Smith 7' Running Jump Shot,Missed Shot,Running Jump Shot,0,0
83,84,PT01M56.00S,1,1610612759,SAS,2588,Bonner,M. Bonner,0,0,0,,0,0,0,0,h,Bonner REBOUND (Off:0 Def:1),Rebound,Unknown,0,0
84,85,PT01M48.00S,1,1610612759,SAS,201971,Blair,D. Blair,1,25,3,Missed,1,0,0,0,h,MISS Blair 3' Layup,Missed Shot,Layup Shot,0,0
85,85,PT01M48.00S,1,1610612743,DEN,2365,Andersen,C. Andersen,0,0,0,,0,0,0,0,v,Andersen BLOCK (1 BLK),,,0,0
86,86,PT01M47.00S,1,1610612743,DEN,2747,Smith,J. Smith,0,0,0,,0,0,0,0,v,Smith REBOUND (Off:0 Def:1),Rebound,Unknown,0,0
87,87,PT01M41.00S,1,1610612743,DEN,2546,Anthony,C. Anthony,-4,36,4,Missed,1,0,0,0,v,MISS Anthony 4' Jump Shot,Missed Shot,Jump Shot,0,0
88,88,PT01M40.00S,1,1610612743,DEN,2546,Anthony,C. Anthony,0,0,0,,0,0,0,0,v,Anthony REBOUND (Off:2 Def:2),Rebound,Unknown,0,0
89,89,PT01M40.00S,1,1610612759,SAS,201971,Blair,D. Blair,0,0,0,,0,0,0,0,h,Blair S.FOUL (P1.T4),Foul,Shooting,0,0
90,90,PT01M40.00S,1,1610612743,DEN,2546,Anthony,C. Anthony,0,0,0,,0,21,20,41,v,Anthony Free Throw 1 of 2 (5 PTS),Free Throw,Free Throw 1 of 2,0,0
91,93,PT01M40.00S,1,1610612743,DEN,1497,Billups,C. Billups,0,0,0,,0,0,0,0,v,SUB: Lawson FOR Billups,Substitution,,0,0
92,94,PT01M40.00S,1,1610612759,SAS,2225,Parker,T. Parker,0,0,0,,0,0,0,0,h,SUB: Hill FOR Parker,Substitution,,0,0
93,95,PT01M40.00S,1,1610612743,DEN,2546,Anthony,C. Anthony,0,0,0,,0,21,21,42,v,Anthony Free Throw 2 of 2 (6 PTS),Free Throw,Free Throw 2 of 2,0,0
94,97,PT01M21.00S,1,1610612759,SAS,201971,Blair,D. Blair,-54,9,5,Made,1,23,21,44,h,Blair 5' Turnaround Jump Shot (2 PTS) (Hill 1 AST),Made Shot,Turnaround Jump Shot,0,0
95,98,PT01M07.00S,1,1610612743,DEN,2030,Martin,K. Martin,-105,145,18,Missed,1,0,0,0,v,MISS Martin 18' Jump Shot,Missed Shot,Jump Shot,0,0
96,99,PT01M06.00S,1,1610612759,SAS,201971,Blair,D. Blair,0,0,0,,0,0,0,0,h,Blair REBOUND (Off:0 Def:1),Rebound,Unknown,0,0
97,100,PT00M58.70S,1,1610612743,DEN,2365,Andersen,C. Andersen,0,0,0,,0,0,0,0,v,Andersen S.FOUL (P1.T3),Foul,Shooting,0,0
98,101,PT00M58.70S,1,1610612759,SAS,201588,Hill,G. Hill,0,0,0,,0,24,21,45,h,Hill Free Throw 1 of 2 (1 PTS),Free Throw,Free Throw 1 of 2,0,0
99,103,PT00M58.70S,1,1610612759,SAS,201588,Hill,G. Hill,0,0,0,,0,25,21,46,h,Hill Free Throw 2 of 2 (2 PTS),Free Throw,Free Throw 2 of 2,0,0
100,105,PT00M45.90S,1,1610612743,DEN,2747,Smith,J. Smith,9,1,1,Missed,1,0,0,0,v,MISS Smith 1' Layup,Missed Shot,Layup Shot,0,0
101,106,PT00M43.90S,1,1610612759,SAS,2210,Jefferson,R. Jefferson,0,0,0,,0,0,0,0,h,Jefferson REBOUND (Off:0 Def:1),Rebound,Unknown,0,0
102,107,PT00M40.90S,1,1610612759,SAS,1938,Ginobili,M. Ginobili,0,23,2,Made,1,27,21,48,h,Ginobili 2' Layup (4 PTS) (Jefferson 2 AST),Made Shot,Layup Shot,0,0
103,108,PT00M30.60S,1,1610612759,SAS,2210,Jefferson,R. Jefferson,0,0,0,,0,0,0,0,h,Jefferson P.FOUL (P1.PN),Foul,Personal,0,0
104,109,PT00M30.60S,1,1610612743,DEN,2546,Anthony,C. Anthony,0,0,0,,0,0,0,0,v,MISS Anthony Free Throw 1 of 2,Free Throw,Free Throw 1 of 2,0,0
105,111,PT00M30.60S,1,0,,1610612743,,,0,0,0,,0,0,0,0,v,Nuggets Rebound,Rebound,Unknown,0,0
106,110,PT00M30.60S,1,1610612743,DEN,2546,Anthony,C. Anthony,0,0,0,,0,27,22,49,v,Anthony Free Throw 2 of 2 (7 PTS),Free Throw,Free Throw 2 of 2,0,0
107,113,PT00M13.90S,1,1610612759,SAS,201971,Blair,D. Blair,0,0,0,,0,0,0,0,h,Blair OFF.Foul (P2),Foul,Offensive,0,0
108,114,PT00M13.90S,1,1610612759,SAS,201971,Blair,D. Blair,0,0,0,,0,0,0,0,h,Blair Foul Turnover (P1.T3),Turnover,Foul,0,0
109,115,PT00M13.90S,1,1610612743,DEN,2365,Andersen,C. Andersen,0,0,0,,0,0,0,0,v,SUB: Billups FOR Andersen,Substitution,,0,0
110,116,PT00M13.90S,1,1610612759,SAS,2588,Bonner,M. Bonner,0,0,0,,0,0,0,0,h,SUB: Mason Jr. FOR Bonner,Substitution,,0,0
111,117,PT00M12.90S,1,1610612743,DEN,2747,Smith,J. Smith,0,0,0,,0,0,0,0,v,Smith Bad Pass Turnover (P1.T4),Turnover,Bad Pass,0,0
112,117,PT00M12.90S,1,1610612759,SAS,1938,Ginobili,M. Ginobili,0,0,0,,0,0,0,0,h,Ginobili STEAL (2 STL),,,0,0
113,118,PT00M08.90S,1,1610612759,SAS,1938,Ginobili,M. Ginobili,0,15,2,Missed,1,0,0,0,h,MISS Ginobili 2' Driving Layup,Missed Shot,Driving Layup Shot,0,0
114,118,PT00M08.90S,1,1610612743,DEN,2747,Smith,J. Smith,0,0,0,,0,0,0,0,v,Smith BLOCK (1 BLK),,,0,0
115,119,PT00M07.90S,1,1610612743,DEN,2747,Smith,J. Smith,0,0,0,,0,0,0,0,v,Smith REBOUND (Off:0 Def:2),Rebound,Unknown,0,0
116,120,PT00M04.50S,1,1610612759,SAS,201971,Blair,D. Blair,0,0,0,,0,0,0,0,h,Blair S.FOUL (P3.PN),Foul,Shooting,0,0
117,121,PT00M04.50S,1,1610612743,DEN,2030,Martin,K. Martin,0,0,0,,0,27,23,50,v,Martin Free Throw 1 of 2 (3 PTS),Free Throw,Free Throw 1 of 2,0,0
118,123,PT00M04.50S,1,1610612759,SAS,201971,Blair,D. Blair,0,0,0,,0,0,0,0,h,SUB: Bonner FOR Blair,Substitution,,0,0
119,124,PT00M04.50S,1,1610612743,DEN,2030,Martin,K. Martin,0,0,0,,0,0,0,0,v,MISS Martin Free Throw 2 of 2,Free Throw,Free Throw 2 of 2,0,0
120,126,PT00M04.20S,1,0,,1610612759,,,0,0,0,,0,0,0,0,h,SPURS Rebound,Rebound,Unknown,0,0
121,127,PT00M00.00S,1,1610612759,SAS,201588,Hill,G. Hill,-21,299,30,Made,1,30,23,53,h,Hill 30' 3PT Running Jump Shot (5 PTS),Made Shot,Running Jump Shot,0,0
122,128,PT00M00.00S,1,0,,0,,,0,0,0,,0,30,23,53,,Instant Replay1st Period (9:10 PM EST),Instant Replay,Support Ruling,0,0
123,129,PT00M00.00S,1,0,,0,,,0,0,0,,0,30,23,53,,End of 1st Period (9:11 PM EST),period,end,0,0
124,131,PT12M00.00S,2,0,,0,,,0,0,0,,0,30,23,53,,Start of 2nd Period (9:13 PM EST),period,start,0,0
125,132,PT11M46.00S,2,1610612743,DEN,2546,Anthony,C. Anthony,-5,3,1,Made,1,30,25,55,v,Anthony 1' Driving Layup (9 PTS),Made Shot,Driving Layup Shot,0,0
126,133,PT11M31.00S,2,1610612759,SAS,2588,Bonner,M. Bonner,0,0,0,,0,0,0,0,h,Bonner Bad Pass Turnover (P1.T4),Turnover,Bad Pass,0,0
127,133,PT11M31.00S,2,1610612743,DEN,2030,Martin,K. Martin,0,0,0,,0,0,0,0,v,Martin STEAL (2 STL),,,0,0
128,134,PT11M27.00S,2,1610612743,DEN,201951,Lawson,T. Lawson,13,1,1,Missed,1,0,0,0,v,MISS Lawson 1' Layup,Missed Shot,Layup Shot,0,0
129,134,PT11M27.00S,2,1610612759,SAS,686,McDyess,A. McDyess,0,0,0,,0,0,0,0,h,McDyess BLOCK (1 BLK),,,0,0
130,135,PT11M25.00S,2,1610612743,DEN,2030,Martin,K. Martin,0,0,0,,0,0,0,0,v,Martin REBOUND (Off:1 Def:4),Rebound,Unknown,0,0
131,136,PT11M24.00S,2,1610612759,SAS,686,McDyess,A. McDyess,0,0,0,,0,0,0,0,h,Jump Ball McDyess vs. Martin: Tip to McDyess,Jump Ball,,0,0
132,137,PT11M24.00S,2,1610612743,DEN,2030,Martin,K. Martin,0,0,0,,0,0,0,0,v,Martin Lost Ball Turnover (P2.T5),Turnover,Lost Ball,0,0
133,137,PT11M24.00S,2,1610612759,SAS,686,McDyess,A. McDyess,0,0,0,,0,0,0,0,h,McDyess STEAL (1 STL),,,0,0
134,138,PT11M05.00S,2,1610612759,SAS,201588,Hill,G. Hill,226,4,0,Made,1,33,25,58,h,Hill  3PT Jump Shot (8 PTS) (Bonner 1 AST),Made Shot,Jump Shot,0,0
135,139,PT10M47.00S,2,1610612743,DEN,2747,Smith,J. Smith,0,0,0,,0,0,0,0,v,Smith OFF.Foul (P1),Foul,Offensive,0,0
136,140,PT10M47.00S,2,1610612743,DEN,2747,Smith,J. Smith,0,0,0,,0,0,0,0,v,Smith Foul Turnover (P2.T6),Turnover,Foul,0,0
137,141,PT10M47.00S,2,1610612743,DEN,2030,Martin,K. Martin,0,0,0,,0,0,0,0,v,SUB: Nene FOR Martin,Substitution,,0,0
138,142,PT10M47.00S,2,0,,1610612743,,,0,0,0,,0,0,0,0,v,Nuggets Violation: Delay of game Violation,Violation,Delay Of Game,0,0
139,143,PT10M35.00S,2,1610612759,SAS,1938,Ginobili,M. Ginobili,-209,113,24,Made,1,36,25,61,h,Ginobili 24' 3PT Jump Shot (7 PTS) (Hill 2 AST),Made Shot,Jump Shot,0,0
140,144,PT10M14.00S,2,1610612743,DEN,2747,Smith,J. Smith,143,47,15,Made,1,36,27,63,v,Smith 15' Jump Shot (2 PTS),Made Shot,Jump Shot,0,0
141,145,PT09M54.00S,2,1610612759,SAS,201588,Hill,G. Hill,92,151,18,Missed,1,0,0,0,h,MISS Hill 18' Jump Shot,Missed Shot,Jump Shot,0,0
142,146,PT09M53.00S,2,1610612743,DEN,2747,Smith,J. Smith,0,0,0,,0,0,0,0,v,Smith REBOUND (Off:0 Def:3),Rebound,Unknown,0,0
143,147,PT09M45.00S,2,1610612743,DEN,2747,Smith,J. Smith,151,124,20,Missed,1,0,0,0,v,MISS Smith 20' Jump Shot,Missed Shot,Jump Shot,0,0
144,148,PT09M45.00S,2,0,,1610612759,,,0,0,0,,0,0,0,0,h,SPURS Rebound,Rebound,Unknown,0,0
145,149,PT09M45.00S,2,1610612743,DEN,2546,Anthony,C. Anthony,0,0,0,,0,0,0,0,v,SUB: Afflalo FOR Anthony,Substitution,,0,0
146,150,PT09M31.00S,2,1610612759,SAS,2588,Bonner,M. Bonner,141,206,25,Missed,1,0,0,0,h,MISS Bonner 25' 3PT Jump Shot,Missed Shot,Jump Shot,0,0
147,151,PT09M29.00S,2,1610612743,DEN,2747,Smith,J. Smith,0,0,0,,0,0,0,0,v,Smith REBOUND (Off:0 Def:4),Rebound,Unknown,0,0
148,152,PT09M20.00S,2,1610612743,DEN,2747,Smith,J. Smith,70,78,10,Made,1,36,29,65,v,Smith 10' Running Jump Shot (4 PTS),Made Shot,Running Jump Shot,0,0
149,153,PT09M20.00S,2,1610612759,SAS,1938,Ginobili,M. Ginobili,0,0,0,,0,0,0,0,h,Ginobili S.FOUL (P1.T1),Foul,Shooting,0,0
150,154,PT09M20.00S,2,1610612759,SAS,2586,Bogans,K. Bogans,0,0,0,,0,0,0,0,h,SUB: Mason Jr. FOR Bogans,Substitution,,0,0
151,155,PT09M20.00S,2,1610612743,DEN,2747,Smith,J. Smith,0,0,0,,0,36,30,66,v,Smith Free Throw 1 of 1 (5 PTS),Free Throw,Free Throw 1 of 1,0,0
152,157,PT09M15.00S,2,0,,1610612759,,,0,0,0,,0,0,0,0,h,SPURS Timeout: Regular (Full 2 Short 0),Timeout,Regular,0,0
153,159,PT09M15.00S,2,1610612759,SAS,686,McDyess,A. McDyess,0,0,0,,0,0,0,0,h,SUB: Duncan FOR McDyess,Substitution,,0,0
154,160,PT09M15.00S,2,1610612759,SAS,1938,Ginobili,M. Ginobili,0,0,0,,0,0,0,0,h,SUB: Finley FOR Ginobili,Substitution,,0,0
155,161,PT09M08.00S,2,1610612743,DEN,2365,Andersen,C. Andersen,0,0,0,,0,0,0,0,v,Andersen P.FOUL (P2.T1),Foul,Personal,0,0
156,162,PT08M56.00S,2,1610612759,SAS,2427,Mason Jr.,R. Mason Jr.,-223,22,0,Missed,1,0,0,0,h,MISS Mason Jr.  3PT Jump Shot,Missed Shot,Jump Shot,0,0
157,163,PT08M54.00S,2,1610612759,SAS,2588,Bonner,M. Bonner,0,0,0,,0,0,0,0,h,Bonner REBOUND (Off:1 Def:1),Rebound,Unknown,0,0
158,164,PT08M43.00S,2,1610612759,SAS,1495,Duncan,T. Duncan,75,129,15,Made,1,38,30,68,h,Duncan 15' Jump Shot (6 PTS),Made Shot,Jump Shot,0,0
159,165,PT08M29.00S,2,1610612759,SAS,2427,Mason Jr.,R. Mason Jr.,0,0,0,,0,0,0,0,h,Mason Jr. S.FOUL (P1.T2),Foul,Shooting,0,0
160,166,PT08M29.00S,2,1610612743,DEN,2747,Smith,J. Smith,0,0,0,,0,38,31,69,v,Smith Free Throw 1 of 2 (6 PTS),Free Throw,Free Throw 1 of 2,0,0
161,168,PT08M29.00S,2,1610612743,DEN,2747,Smith,J. Smith,0,0,0,,0,38,32,70,v,Smith Free Throw 2 of 2 (7 PTS),Free Throw,Free Throw 2 of 2,0,0
162,170,PT08M16.00S,2,1610612759,SAS,2588,Bonner,M. Bonner,133,197,24,Missed,1,0,0,0,h,MISS Bonner 24' 3PT Jump Shot,Missed Shot,Jump Shot,0,0
163,171,PT08M14.00S,2,1610612743,DEN,2365,Andersen,C. Andersen,0,0,0,,0,0,0,0,v,Andersen REBOUND (Off:0 Def:1),Rebound,Unknown,0,0
164,172,PT08M04.00S,2,1610612743,DEN,2747,Smith,J. Smith,-13,3,1,Missed,1,0,0,0,v,MISS Smith 1' Driving Layup,Missed Shot,Driving Layup Shot,0,0
165,173,PT08M03.00S,2,1610612759,SAS,1495,Duncan,T. Duncan,0,0,0,,0,0,0,0,h,Duncan REBOUND (Off:1 Def:2),Rebound,Unknown,0,0
166,174,PT07M58.00S,2,1610612759,SAS,2427,Mason Jr.,R. Mason Jr.,0,0,0,,0,0,0,0,h,Mason Jr. Bad Pass Turnover (P1.T5),Turnover,Bad Pass,0,0
167,175,PT07M46.00S,2,1610612743,DEN,201951,Lawson,T. Lawson,-67,78,10,Made,1,38,34,72,v,Lawson 10' Jump Shot (2 PTS),Made Shot,Jump Shot,0,0
168,176,PT07M33.00S,2,1610612759,SAS,1495,Duncan,T. Duncan,0,0,0,,0,0,0,0,h,Duncan Bad Pass Turnover (P2.T6),Turnover,Bad Pass,0,0
169,176,PT07M33.00S,2,1610612743,DEN,2403,Hilario,Nene,0,0,0,,0,0,0,0,v,Nene STEAL (1 STL),,,0,0
170,177,PT07M32.00S,2,1610612759,SAS,2427,Mason Jr.,R. Mason Jr.,0,0,0,,0,0,0,0,h,Mason Jr. P.FOUL (P2.T3),Foul,Personal,0,0
171,178,PT07M24.00S,2,1610612743,DEN,201167,Afflalo,A. Afflalo,111,224,25,Made,1,38,37,75,v,Afflalo 25' 3PT Jump Shot (3 PTS) (Nene 1 AST),Made Shot,Jump Shot,0,0
172,179,PT07M00.00S,2,1610612759,SAS,1495,Duncan,T. Duncan,-75,31,8,Made,1,40,37,77,h,Duncan 8' Jump Hook Shot (8 PTS),Made Shot,Jump Hook Shot,0,0
173,180,PT06M48.00S,2,1610612759,SAS,201588,Hill,G. Hill,0,0,0,,0,0,0,0,h,Hill S.FOUL (P1.T4),Foul,Shooting,0,0
174,181,PT06M48.00S,2,1610612743,DEN,201951,Lawson,T. Lawson,0,0,0,,0,40,38,78,v,Lawson Free Throw 1 of 2 (3 PTS),Free Throw,Free Throw 1 of 2,0,0
175,183,PT06M48.00S,2,1610612759,SAS,2427,Mason Jr.,R. Mason Jr.,0,0,0,,0,0,0,0,h,SUB: Parker FOR Mason Jr.,Substitution,,0,0
176,184,PT06M48.00S,2,1610612743,DEN,201951,Lawson,T. Lawson,0,0,0,,0,0,0,0,v,MISS Lawson Free Throw 2 of 2,Free Throw,Free Throw 2 of 2,0,0
177,185,PT06M47.00S,2,1610612759,SAS,2588,Bonner,M. Bonner,0,0,0,,0,0,0,0,h,Bonner REBOUND (Off:1 Def:2),Rebound,Unknown,0,0
178,186,PT06M38.00S,2,1610612759,SAS,2588,Bonner,M. Bonner,132,208,25,Made,1,43,38,81,h,Bonner 25' 3PT Jump Shot (3 PTS) (Parker 3 AST),Made Shot,Jump Shot,0,0
179,187,PT06M28.00S,2,1610612743,DEN,2747,Smith,J. Smith,130,9,13,Made,1,43,40,83,v,Smith 13' Jump Shot (9 PTS),Made Shot,Jump Shot,0,0
180,188,PT06M11.00S,2,1610612759,SAS,2588,Bonner,M. Bonner,-223,75,24,Missed,1,0,0,0,h,MISS Bonner 24' 3PT Jump Shot,Missed Shot,Jump Shot,0,0
181,189,PT06M10.00S,2,1610612743,DEN,2747,Smith,J. Smith,0,0,0,,0,0,0,0,v,Smith REBOUND (Off:0 Def:5),Rebound,Unknown,0,0
182,190,PT06M02.00S,2,1610612743,DEN,2747,Smith,J. Smith,-109,184,21,Missed,1,0,0,0,v,MISS Smith 21' Jump Shot,Missed Shot,Jump Shot,0,0
183,191,PT06M01.00S,2,1610612759,SAS,2225,Parker,T. Parker,0,0,0,,0,0,0,0,h,Parker REBOUND (Off:0 Def:1),Rebound,Unknown,0,0
184,192,PT05M47.00S,2,1610612759,SAS,1495,Duncan,T. Duncan,7,33,3,Made,1,45,40,85,h,Duncan 3' Driving Hook Shot (10 PTS),Made Shot,Driving Hook Shot,0,0
185,193,PT05M33.00S,2,1610612743,DEN,2403,Hilario,Nene,6,1,1,Made,1,45,42,87,v,Nene 1' Driving Layup (6 PTS),Made Shot,Driving Layup Shot,0,0
186,194,PT05M18.00S,2,1610612759,SAS,201588,Hill,G. Hill,-234,3,0,Missed,1,0,0,0,h,MISS Hill  3PT Jump Shot,Missed Shot,Jump Shot,0,0
187,195,PT05M16.00S,2,0,,1610612759,,,0,0,0,,0,0,0,0,h,SPURS Rebound,Rebound,Unknown,0,0
188,196,PT05M16.00S,2,0,,0,,,0,0,0,,0,0,0,0,,Timeout: Official,Timeout,Official,0,0
189,197,PT05M16.00S,2,1610612743,DEN,201167,Afflalo,A. Afflalo,0,0,0,,0,0,0,0,v,SUB: Billups FOR Afflalo,Substitution,,0,0
190,198,PT05M13.00S,2,1610612759,SAS,714,Finley,M. Finley,-13,99,10,Made,1,47,42,89,h,Finley 10' Jump Shot (2 PTS) (Parker 4 AST),Made Shot,Jump Shot,0,0
191,199,PT04M58.00S,2,1610612743,DEN,2403,Hilario,Nene,0,0,0,,0,0,0,0,v,Nene Lost Ball Turnover (P2.T7),Turnover,Lost Ball,0,0
192,199,PT04M58.00S,2,1610612759,SAS,1495,Duncan,T. Duncan,0,0,0,,0,0,0,0,h,Duncan STEAL (1 STL),,,0,0
193,200,PT04M55.00S,2,1610612759,SAS,2225,Parker,T. Parker,0,0,0,,0,0,0,0,h,Parker Bad Pass Turnover (P1.T7),Turnover,Bad Pass,0,0
194,201,PT04M43.00S,2,1610612743,DEN,2403,Hilario,Nene,13,15,2,Made,1,47,44,91,v,Nene 2' Layup (8 PTS) (Lawson 1 AST),Made Shot,Layup Shot,0,0
195,202,PT04M19.00S,2,1610612759,SAS,201588,Hill,G. Hill,231,-2,0,Missed,1,0,0,0,h,MISS Hill  3PT Jump Shot,Missed Shot,Jump Shot,0,0
196,203,PT04M18.00S,2,1610612743,DEN,2365,Andersen,C. Andersen,0,0,0,,0,0,0,0,v,Andersen REBOUND (Off:0 Def:2),Rebound,Unknown,0,0
197,204,PT04M07.00S,2,1610612743,DEN,2747,Smith,J. Smith,0,0,0,,0,0,0,0,v,Smith Lost Ball Turnover (P3.T8),Turnover,Lost Ball,0,0
198,204,PT04M07.00S,2,1610612759,SAS,201588,Hill,G. Hill,0,0,0,,0,0,0,0,h,Hill STEAL (1 STL),,,0,0
199,205,PT04M03.00S,2,1610612743,DEN,201951,Lawson,T. Lawson,0,0,0,,0,0,0,0,v,Lawson S.FOUL (P1.T2),Foul,Shooting,0,0
200,206,PT04M03.00S,2,1610612759,SAS,201588,Hill,G. Hill,0,0,0,,0,0,0,0,h,SUB: Jefferson FOR Hill,Substitution,,0,0
201,207,PT04M03.00S,2,1610612743,DEN,2365,Andersen,C. Andersen,0,0,0,,0,0,0,0,v,SUB: Martin FOR Andersen,Substitution,,0,0
202,208,PT04M03.00S,2,1610612743,DEN,201951,Lawson,T. Lawson,0,0,0,,0,0,0,0,v,SUB: Anthony FOR Lawson,Substitution,,0,0
203,209,PT04M03.00S,2,1610612759,SAS,2225,Parker,T. Parker,0,0,0,,0,48,44,92,h,Parker Free Throw 1 of 2 (9 PTS),Free Throw,Free Throw 1 of 2,0,0
204,211,PT04M03.00S,2,1610612759,SAS,2225,Parker,T. Parker,0,0,0,,0,49,44,93,h,Parker Free Throw 2 of 2 (10 PTS),Free Throw,Free Throw 2 of 2,0,0
205,213,PT03M51.00S,2,1610612743,DEN,2403,Hilario,Nene,-4,3,1,Made,1,49,46,95,v,Nene 1' Layup (10 PTS),Made Shot,Layup Shot,0,0
206,214,PT03M25.00S,2,1610612759,SAS,2210,Jefferson,R. Jefferson,91,224,24,Made,1,52,46,98,h,Jefferson 24' 3PT Jump Shot (8 PTS) (Parker 5 AST),Made Shot,Jump Shot,0,0
207,215,PT03M10.00S,2,1610612743,DEN,2747,Smith,J. Smith,1,44,4,Made,1,52,48,100,v,Smith 4' Jump Shot (11 PTS),Made Shot,Jump Shot,0,0
208,216,PT02M55.00S,2,1610612759,SAS,2588,Bonner,M. Bonner,23,239,24,Missed,1,0,0,0,h,MISS Bonner 24' 3PT Jump Shot,Missed Shot,Jump Shot,0,0
209,217,PT02M53.00S,2,1610612743,DEN,2747,Smith,J. Smith,0,0,0,,0,0,0,0,v,Smith REBOUND (Off:0 Def:6),Rebound,Unknown,0,0
210,218,PT02M38.00S,2,1610612743,DEN,1497,Billups,C. Billups,-89,34,10,Made,1,52,50,102,v,Billups 10' Jump Shot (11 PTS) (Martin 1 AST),Made Shot,Jump Shot,0,0
211,219,PT02M34.00S,2,0,,1610612743,,,0,0,0,,0,0,0,0,v,Nuggets Foul,Foul,Delay Technical,0,0
212,220,PT02M34.00S,2,1610612759,SAS,714,Finley,M. Finley,0,0,0,,0,53,50,103,h,Finley Free Throw Technical (3 PTS),Free Throw,Free Throw Technical,0,0
213,222,PT02M13.00S,2,1610612759,SAS,714,Finley,M. Finley,-13,22,3,Made,1,55,50,105,h,Finley 3' Layup (5 PTS) (Duncan 1 AST),Made Shot,Layup Shot,0,0
214,223,PT01M57.00S,2,1610612743,DEN,2403,Hilario,Nene,9,15,2,Missed,1,0,0,0,v,MISS Nene 2' Layup,Missed Shot,Layup Shot,0,0
215,223,PT01M57.00S,2,1610612759,SAS,2210,Jefferson,R. Jefferson,0,0,0,,0,0,0,0,h,Jefferson BLOCK (1 BLK),,,0,0
216,224,PT01M55.00S,2,1610612743,DEN,2030,Martin,K. Martin,0,0,0,,0,0,0,0,v,Martin REBOUND (Off:2 Def:4),Rebound,Unknown,0,0
217,225,PT01M51.00S,2,1610612743,DEN,2747,Smith,J. Smith,9,1,1,Missed,1,0,0,0,v,MISS Smith 1' Layup,Missed Shot,Layup Shot,0,0
218,226,PT01M49.00S,2,1610612759,SAS,2588,Bonner,M. Bonner,0,0,0,,0,0,0,0,h,Bonner REBOUND (Off:1 Def:3),Rebound,Unknown,0,0
219,227,PT01M42.00S,2,1610612759,SAS,2225,Parker,T. Parker,-10,6,1,Missed,1,0,0,0,h,MISS Parker 1' Layup,Missed Shot,Layup Shot,0,0
220,228,PT01M40.00S,2,1610612743,DEN,2030,Martin,K. Martin,0,0,0,,0,0,0,0,v,Martin REBOUND (Off:2 Def:5),Rebound,Unknown,0,0
221,229,PT01M26.00S,2,1610612743,DEN,2403,Hilario,Nene,-10,41,4,Missed,1,0,0,0,v,MISS Nene 4' Jump Shot,Missed Shot,Jump Shot,0,0
222,230,PT01M24.00S,2,1610612743,DEN,2546,Anthony,C. Anthony,0,0,0,,0,0,0,0,v,Anthony REBOUND (Off:3 Def:2),Rebound,Unknown,0,0
223,231,PT01M23.00S,2,1610612743,DEN,2546,Anthony,C. Anthony,24,11,3,Missed,1,0,0,0,v,MISS Anthony 3' Layup,Missed Shot,Layup Shot,0,0
224,231,PT01M23.00S,2,1610612759,SAS,2588,Bonner,M. Bonner,0,0,0,,0,0,0,0,h,Bonner BLOCK (1 BLK),,,0,0
225,232,PT01M23.00S,2,0,,1610612743,,,0,0,0,,0,0,0,0,v,Nuggets Rebound,Rebound,Unknown,0,0
226,233,PT01M23.00S,2,0,,1610612743,,,0,0,0,,0,0,0,0,v,Nuggets Timeout: Regular (Reg.2 Short 0),Timeout,Regular,0,0
227,235,PT01M23.00S,2,1610612743,DEN,2747,Smith,J. Smith,0,0,0,,0,0,0,0,v,SUB: Lawson FOR Smith,Substitution,,0,0
228,236,PT01M19.00S,2,1610612743,DEN,2546,Anthony,C. Anthony,122,67,14,Made,1,55,52,107,v,Anthony 14' Jump Shot (11 PTS) (Nene 2 AST),Made Shot,Jump Shot,0,0
229,237,PT01M12.00S,2,1610612759,SAS,714,Finley,M. Finley,0,0,0,,0,0,0,0,h,SUB: Ginobili FOR Finley,Substitution,,0,0
230,238,PT01M06.00S,2,1610612759,SAS,2588,Bonner,M. Bonner,0,0,0,,0,0,0,0,h,SUB: McDyess FOR Bonner,Substitution,,0,0
231,239,PT00M57.90S,2,1610612759,SAS,1938,Ginobili,M. Ginobili,34,239,24,Missed,1,0,0,0,h,MISS Ginobili 24' 3PT Jump Shot,Missed Shot,Jump Shot,0,0
232,240,PT00M56.90S,2,0,,1610612743,,,0,0,0,,0,0,0,0,v,Nuggets Rebound,Rebound,Unknown,0,0
233,241,PT00M56.90S,2,1610612759,SAS,686,McDyess,A. McDyess,0,0,0,,0,0,0,0,h,McDyess L.B.FOUL (P1.PN),Foul,Loose Ball,0,0
234,242,PT00M56.90S,2,1610612743,DEN,2546,Anthony,C. Anthony,0,0,0,,0,55,53,108,v,Anthony Free Throw 1 of 2 (12 PTS),Free Throw,Free Throw 1 of 2,0,0
235,244,PT00M56.90S,2,1610612743,DEN,2546,Anthony,C. Anthony,0,0,0,,0,0,0,0,v,MISS Anthony Free Throw 2 of 2,Free Throw,Free Throw 2 of 2,0,0
236,246,PT00M54.90S,2,1610612759,SAS,1495,Duncan,T. Duncan,0,0,0,,0,0,0,0,h,Duncan REBOUND (Off:1 Def:3),Rebound,Unknown,0,0
237,247,PT00M42.90S,2,1610612759,SAS,1495,Duncan,T. Duncan,-62,50,8,Made,1,57,53,110,h,Duncan 8' Jump Shot (12 PTS),Made Shot,Jump Shot,0,0
238,248,PT00M31.90S,2,1610612743,DEN,2546,Anthony,C. Anthony,10,22,2,Missed,1,0,0,0,v,MISS Anthony 2' Layup,Missed Shot,Layup Shot,0,0
239,249,PT00M30.60S,2,1610612759,SAS,1495,Duncan,T. Duncan,0,0,0,,0,0,0,0,h,Duncan REBOUND (Off:1 Def:4),Rebound,Unknown,0,0
240,252,PT00M08.40S,2,1610612743,DEN,2030,Martin,K. Martin,0,0,0,,0,0,0,0,v,Martin Violation:Defensive Goaltending,Violation,Defensive Goaltending,0,0
241,251,PT00M08.40S,2,1610612759,SAS,2225,Parker,T. Parker,7,23,2,Made,1,59,53,112,h,Parker 2' Driving Layup (12 PTS),Made Shot,Driving Layup Shot,0,0
242,254,PT00M00.00S,2,0,,0,,,0,0,0,,0,59,53,112,,Instant Replay2nd Period (9:42 PM EST),Instant Replay,Support Ruling,0,0
243,255,PT00M00.00S,2,0,,0,,,0,0,0,,0,59,53,112,,End of 2nd Period (9:42 PM EST),period,end,0,0
244,257,PT12M00.00S,3,0,,0,,,0,0,0,,0,59,53,112,,Start of 3rd Period (9:58 PM EST),period,start,0,0
245,258,PT11M47.00S,3,1610612743,DEN,2546,Anthony,C. Anthony,73,149,17,Missed,1,0,0,0,v,MISS Anthony 17' Jump Shot,Missed Shot,Jump Shot,0,0
246,259,PT11M45.00S,3,1610612759,SAS,686,McDyess,A. McDyess,0,0,0,,0,0,0,0,h,McDyess REBOUND (Off:1 Def:4),Rebound,Unknown,0,0
247,260,PT11M33.00S,3,1610612759,SAS,1495,Duncan,T. Duncan,-106,7,11,Made,1,61,53,114,h,Duncan 11' Turnaround Jump Shot (14 PTS),Made Shot,Turnaround Jump Shot,0,0
248,261,PT11M06.00S,3,0,,1610612743,,,0,0,0,,0,0,0,0,v,Nuggets Turnover: Shot Clock (T#9),Turnover,Shot Clock Turnover,0,0
249,292,PT11M06.00S,3,0,,0,,,0,0,0,,0,61,53,114,,Instant Replay3rd Period (9:59 PM EST),Instant Replay,Support Ruling,0,0
250,262,PT10M51.00S,3,1610612743,DEN,2546,Anthony,C. Anthony,0,0,0,,0,0,0,0,v,Anthony S.FOUL (P1.T1),Foul,Shooting,0,0
251,263,PT10M51.00S,3,1610612759,SAS,1495,Duncan,T. Duncan,0,0,0,,0,0,0,0,h,MISS Duncan Free Throw 1 of 2,Free Throw,Free Throw 1 of 2,0,0
252,264,PT10M51.00S,3,0,,1610612759,,,0,0,0,,0,0,0,0,h,SPURS Rebound,Rebound,Normal Rebound,0,0
253,265,PT10M51.00S,3,1610612759,SAS,1495,Duncan,T. Duncan,0,0,0,,0,62,53,115,h,Duncan Free Throw 2 of 2 (15 PTS),Free Throw,Free Throw 2 of 2,0,0
254,267,PT10M35.00S,3,1610612743,DEN,2546,Anthony,C. Anthony,-49,11,5,Made,1,62,55,117,v,Anthony 5' Driving Jump Shot (14 PTS),Made Shot,Driving Jump shot,0,0
255,268,PT10M15.00S,3,1610612759,SAS,1495,Duncan,T. Duncan,4,-5,1,Made,1,64,55,119,h,Duncan 1' Driving Layup (17 PTS),Made Shot,Driving Layup Shot,0,0
256,269,PT10M15.00S,3,1610612743,DEN,2403,Hilario,Nene,0,0,0,,0,0,0,0,v,Nene S.FOUL (P1.T2),Foul,Shooting,0,0
257,270,PT10M15.00S,3,1610612759,SAS,1495,Duncan,T. Duncan,0,0,0,,0,65,55,120,h,Duncan Free Throw 1 of 1 (18 PTS),Free Throw,Free Throw 1 of 1,0,0
258,272,PT09M57.00S,3,1610612743,DEN,2030,Martin,K. Martin,4,42,4,Made,1,65,57,122,v,Martin 4' Jump Shot (5 PTS) (Anthony 2 AST),Made Shot,Jump Shot,0,0
259,273,PT09M34.00S,3,1610612759,SAS,2586,Bogans,K. Bogans,0,0,0,,0,0,0,0,h,Bogans Bad Pass Turnover (P1.T8),Turnover,Bad Pass,0,0
260,274,PT09M17.00S,3,1610612759,SAS,2586,Bogans,K. Bogans,0,0,0,,0,0,0,0,h,Bogans S.FOUL (P3.T1),Foul,Shooting,0,0
261,275,PT09M17.00S,3,1610612743,DEN,2546,Anthony,C. Anthony,0,0,0,,0,65,58,123,v,Anthony Free Throw 1 of 2 (15 PTS),Free Throw,Free Throw 1 of 2,0,0
262,277,PT09M17.00S,3,1610612743,DEN,2546,Anthony,C. Anthony,0,0,0,,0,65,59,124,v,Anthony Free Throw 2 of 2 (16 PTS),Free Throw,Free Throw 2 of 2,0,0
263,279,PT08M57.00S,3,1610612759,SAS,2225,Parker,T. Parker,0,0,0,,0,0,0,0,h,Parker Lost Ball Turnover (P2.T9),Turnover,Lost Ball,0,0
264,279,PT08M57.00S,3,1610612743,DEN,2403,Hilario,Nene,0,0,0,,0,0,0,0,v,Nene STEAL (2 STL),,,0,0
265,280,PT08M53.00S,3,1610612743,DEN,2546,Anthony,C. Anthony,0,0,0,,0,0,0,0,v,Anthony Bad Pass Turnover (P2.T10),Turnover,Bad Pass,0,0
266,280,PT08M53.00S,3,1610612759,SAS,2210,Jefferson,R. Jefferson,0,0,0,,0,0,0,0,h,Jefferson STEAL (1 STL),,,0,0
267,281,PT08M39.00S,3,1610612759,SAS,1495,Duncan,T. Duncan,72,37,8,Made,1,67,59,126,h,Duncan 8' Running Hook Shot (20 PTS),Made Shot,Running Hook Shot,0,0
268,282,PT08M23.00S,3,1610612743,DEN,2030,Martin,K. Martin,-98,154,18,Missed,1,0,0,0,v,MISS Martin 18' Jump Shot,Missed Shot,Jump Shot,0,0
269,283,PT08M22.00S,3,1610612759,SAS,2225,Parker,T. Parker,0,0,0,,0,0,0,0,h,Parker REBOUND (Off:0 Def:2),Rebound,Unknown,0,0
270,284,PT08M08.00S,3,1610612759,SAS,2225,Parker,T. Parker,-78,170,19,Missed,1,0,0,0,h,MISS Parker 19' Jump Shot,Missed Shot,Jump Shot,0,0
271,285,PT08M06.00S,3,1610612743,DEN,201167,Afflalo,A. Afflalo,0,0,0,,0,0,0,0,v,Afflalo REBOUND (Off:0 Def:1),Rebound,Unknown,0,0
272,286,PT07M51.00S,3,1610612743,DEN,2403,Hilario,Nene,9,60,6,Missed,1,0,0,0,v,MISS Nene 6' Turnaround Jump Shot,Missed Shot,Turnaround Jump Shot,0,0
273,286,PT07M51.00S,3,1610612759,SAS,1495,Duncan,T. Duncan,0,0,0,,0,0,0,0,h,Duncan BLOCK (1 BLK),,,0,0
274,287,PT07M49.00S,3,1610612759,SAS,2586,Bogans,K. Bogans,0,0,0,,0,0,0,0,h,Bogans REBOUND (Off:0 Def:2),Rebound,Unknown,0,0
275,288,PT07M41.00S,3,1610612759,SAS,2210,Jefferson,R. Jefferson,228,113,25,Missed,1,0,0,0,h,MISS Jefferson 25' 3PT Jump Shot,Missed Shot,Jump Shot,0,0
276,289,PT07M39.00S,3,1610612743,DEN,2030,Martin,K. Martin,0,0,0,,0,0,0,0,v,Martin REBOUND (Off:2 Def:6),Rebound,Unknown,0,0
277,290,PT07M28.00S,3,1610612743,DEN,2546,Anthony,C. Anthony,-130,19,13,Made,1,67,61,128,v,Anthony 13' Jump Shot (18 PTS),Made Shot,Jump Shot,0,0
278,291,PT07M27.00S,3,0,,1610612759,,,0,0,0,,0,0,0,0,h,SPURS Timeout: Regular (Full 3 Short 0),Timeout,Regular,0,0
279,294,PT07M27.00S,3,1610612759,SAS,2586,Bogans,K. Bogans,0,0,0,,0,0,0,0,h,SUB: Ginobili FOR Bogans,Substitution,,0,0
280,295,PT07M27.00S,3,1610612759,SAS,686,McDyess,A. McDyess,0,0,0,,0,0,0,0,h,SUB: Bonner FOR McDyess,Substitution,,0,0
281,296,PT07M17.00S,3,1610612759,SAS,2210,Jefferson,R. Jefferson,0,0,0,,0,0,0,0,h,Jefferson OFF.Foul (P2),Foul,Offensive,0,0
282,297,PT07M17.00S,3,1610612759,SAS,2210,Jefferson,R. Jefferson,0,0,0,,0,0,0,0,h,Jefferson Foul Turnover (P2.T10),Turnover,Foul,0,0
283,298,PT07M00.00S,3,1610612743,DEN,2546,Anthony,C. Anthony,-144,66,16,Made,1,67,63,130,v,Anthony 16' Jump Shot (20 PTS),Made Shot,Jump Shot,0,0
284,300,PT06M35.00S,3,1610612743,DEN,2546,Anthony,C. Anthony,0,0,0,,0,0,0,0,v,Anthony S.FOUL (P2.T3),Foul,Shooting,0,0
285,301,PT06M35.00S,3,1610612759,SAS,1495,Duncan,T. Duncan,0,0,0,,0,68,63,131,h,Duncan Free Throw 1 of 2 (21 PTS),Free Throw,Free Throw 1 of 2,0,0
286,303,PT06M35.00S,3,1610612759,SAS,1495,Duncan,T. Duncan,0,0,0,,0,69,63,132,h,Duncan Free Throw 2 of 2 (22 PTS),Free Throw,Free Throw 2 of 2,0,0
287,305,PT06M30.00S,3,1610612743,DEN,201167,Afflalo,A. Afflalo,0,0,0,,0,0,0,0,v,Afflalo Out of Bounds Lost Ball Turnover (P1.T11),Turnover,Out of Bounds Lost Ball Turnover,0,0
288,306,PT06M17.00S,3,1610612759,SAS,2210,Jefferson,R. Jefferson,-2,11,1,Made,1,71,63,134,h,Jefferson 1' Reverse Layup (10 PTS) (Ginobili 1 AST),Made Shot,Reverse Layup Shot,0,0
289,307,PT06M00.00S,3,1610612743,DEN,2546,Anthony,C. Anthony,-11,138,14,Made,1,71,65,136,v,Anthony 14' Jump Shot (22 PTS),Made Shot,Jump Shot,0,0
290,308,PT05M37.00S,3,1610612759,SAS,2588,Bonner,M. Bonner,-158,201,26,Missed,1,0,0,0,h,MISS Bonner 26' 3PT Jump Shot,Missed Shot,Jump Shot,0,0
291,309,PT05M35.00S,3,1610612743,DEN,201167,Afflalo,A. Afflalo,0,0,0,,0,0,0,0,v,Afflalo REBOUND (Off:0 Def:2),Rebound,Unknown,0,0
292,311,PT05M32.00S,3,1610612743,DEN,1497,Billups,C. Billups,140,93,17,Missed,1,0,0,0,v,MISS Billups 17' Jump Shot,Missed Shot,Jump Shot,0,0
293,311,PT05M32.00S,3,1610612759,SAS,2225,Parker,T. Parker,0,0,0,,0,0,0,0,h,Parker BLOCK (1 BLK),,,0,0
294,312,PT05M31.00S,3,1610612759,SAS,2588,Bonner,M. Bonner,0,0,0,,0,0,0,0,h,Bonner REBOUND (Off:1 Def:4),Rebound,Unknown,0,0
295,313,PT05M09.00S,3,1610612759,SAS,1495,Duncan,T. Duncan,-27,74,8,Missed,1,0,0,0,h,MISS Duncan 8' Jump Shot,Missed Shot,Jump Shot,0,0
296,314,PT05M07.00S,3,1610612743,DEN,1497,Billups,C. Billups,0,0,0,,0,0,0,0,v,Billups REBOUND (Off:0 Def:1),Rebound,Unknown,0,0
297,315,PT04M58.00S,3,1610612743,DEN,1497,Billups,C. Billups,50,105,12,Missed,1,0,0,0,v,MISS Billups 12' Jump Shot,Missed Shot,Jump Shot,0,0
298,316,PT04M57.00S,3,1610612759,SAS,2225,Parker,T. Parker,0,0,0,,0,0,0,0,h,Parker REBOUND (Off:0 Def:3),Rebound,Unknown,0,0
299,317,PT04M49.00S,3,1610612759,SAS,2225,Parker,T. Parker,105,159,19,Missed,1,0,0,0,h,MISS Parker 19' Jump Shot,Missed Shot,Jump Shot,0,0
300,318,PT04M47.00S,3,1610612759,SAS,2588,Bonner,M. Bonner,0,0,0,,0,0,0,0,h,Bonner REBOUND (Off:2 Def:4),Rebound,Unknown,0,0
301,319,PT04M45.00S,3,1610612759,SAS,2225,Parker,T. Parker,0,0,0,,0,0,0,0,h,Parker Bad Pass Turnover (P3.T11),Turnover,Bad Pass,0,0
302,320,PT04M45.00S,3,1610612743,DEN,201167,Afflalo,A. Afflalo,0,0,0,,0,0,0,0,v,SUB: Smith FOR Afflalo,Substitution,,0,0
303,322,PT04M34.00S,3,1610612743,DEN,2546,Anthony,C. Anthony,12,94,9,Made,1,71,67,138,v,Anthony 9' Jump Shot (24 PTS),Made Shot,Jump Shot,0,0
304,323,PT04M08.00S,3,1610612759,SAS,2225,Parker,T. Parker,0,0,0,,0,0,0,0,h,Parker Lost Ball Turnover (P4.T12),Turnover,Lost Ball,0,0
305,323,PT04M08.00S,3,1610612743,DEN,2403,Hilario,Nene,0,0,0,,0,0,0,0,v,Nene STEAL (3 STL),,,0,0
306,324,PT04M02.00S,3,1610612743,DEN,2546,Anthony,C. Anthony,207,126,24,Missed,1,0,0,0,v,MISS Anthony 24' 3PT Jump Shot,Missed Shot,Jump Shot,0,0
307,325,PT04M01.00S,3,1610612759,SAS,1938,Ginobili,M. Ginobili,0,0,0,,0,0,0,0,h,Ginobili REBOUND (Off:0 Def:1),Rebound,Unknown,0,0
308,326,PT03M49.00S,3,1610612743,DEN,2747,Smith,J. Smith,0,0,0,,0,0,0,0,v,Smith P.FOUL (P2.T4),Foul,Personal,0,0
309,327,PT03M49.00S,3,1610612743,DEN,2403,Hilario,Nene,0,0,0,,0,0,0,0,v,SUB: Andersen FOR Nene,Substitution,,0,0
310,329,PT03M43.00S,3,1610612743,DEN,2546,Anthony,C. Anthony,0,0,0,,0,0,0,0,v,Anthony S.FOUL (P3.PN),Foul,Shooting,0,0
311,330,PT03M43.00S,3,1610612759,SAS,2210,Jefferson,R. Jefferson,0,0,0,,0,0,0,0,h,MISS Jefferson Free Throw 1 of 2,Free Throw,Free Throw 1 of 2,0,0
312,333,PT03M43.00S,3,0,,1610612759,,,0,0,0,,0,0,0,0,h,SPURS Rebound,Rebound,Normal Rebound,0,0
313,334,PT03M43.00S,3,1610612759,SAS,2210,Jefferson,R. Jefferson,0,0,0,,0,0,0,0,h,MISS Jefferson Free Throw 2 of 2,Free Throw,Free Throw 2 of 2,0,0
314,335,PT03M42.00S,3,1610612759,SAS,1495,Duncan,T. Duncan,0,0,0,,0,0,0,0,h,Duncan REBOUND (Off:2 Def:4),Rebound,Unknown,0,0
315,336,PT03M28.00S,3,1610612743,DEN,2365,Andersen,C. Andersen,0,0,0,,0,0,0,0,v,Andersen S.FOUL (P3.PN),Foul,Shooting,0,0
316,337,PT03M28.00S,3,1610612759,SAS,1938,Ginobili,M. Ginobili,0,0,0,,0,72,67,139,h,Ginobili Free Throw 1 of 3 (8 PTS),Free Throw,Free Throw 1 of 3,0,0
317,339,PT03M28.00S,3,1610612759,SAS,1938,Ginobili,M. Ginobili,0,0,0,,0,0,0,0,h,MISS Ginobili Free Throw 2 of 3,Free Throw,Free Throw 2 of 3,0,0
318,341,PT03M28.00S,3,0,,1610612759,,,0,0,0,,0,0,0,0,h,SPURS Rebound,Rebound,Unknown,0,0
319,340,PT03M28.00S,3,1610612759,SAS,2225,Parker,T. Parker,0,0,0,,0,0,0,0,h,SUB: Hill FOR Parker,Substitution,,0,0
320,342,PT03M28.00S,3,1610612759,SAS,2210,Jefferson,R. Jefferson,0,0,0,,0,0,0,0,h,SUB: Finley FOR Jefferson,Substitution,,0,0
321,343,PT03M28.00S,3,1610612759,SAS,1938,Ginobili,M. Ginobili,0,0,0,,0,73,67,140,h,Ginobili Free Throw 3 of 3 (9 PTS),Free Throw,Free Throw 3 of 3,0,0
322,346,PT03M13.00S,3,1610612759,SAS,2588,Bonner,M. Bonner,0,0,0,,0,0,0,0,h,Bonner S.FOUL (P1.T2),Foul,Shooting,0,0
323,347,PT03M13.00S,3,1610612743,DEN,1497,Billups,C. Billups,0,0,0,,0,73,68,141,v,Billups Free Throw 1 of 2 (12 PTS),Free Throw,Free Throw 1 of 2,0,0
324,350,PT03M13.00S,3,1610612743,DEN,1497,Billups,C. Billups,0,0,0,,0,73,69,142,v,Billups Free Throw 2 of 2 (13 PTS),Free Throw,Free Throw 2 of 2,0,0
325,353,PT02M57.00S,3,1610612759,SAS,201588,Hill,G. Hill,0,0,0,,0,0,0,0,h,Hill Bad Pass Turnover (P1.T13),Turnover,Bad Pass,0,0
326,354,PT02M57.00S,3,0,,1610612743,,,0,0,0,,0,0,0,0,v,Nuggets Timeout: Regular (Reg.3 Short 0),Timeout,Regular,0,0
327,356,PT02M57.00S,3,1610612759,SAS,2588,Bonner,M. Bonner,0,0,0,,0,0,0,0,h,SUB: Blair FOR Bonner,Substitution,,0,0
328,357,PT02M57.00S,3,1610612743,DEN,1497,Billups,C. Billups,0,0,0,,0,0,0,0,v,SUB: Lawson FOR Billups,Substitution,,0,0
329,358,PT02M45.00S,3,1610612743,DEN,2546,Anthony,C. Anthony,89,7,9,Missed,1,0,0,0,v,MISS Anthony 9' Jump Shot,Missed Shot,Jump Shot,0,0
330,358,PT02M45.00S,3,1610612759,SAS,1495,Duncan,T. Duncan,0,0,0,,0,0,0,0,h,Duncan BLOCK (2 BLK),,,0,0
331,359,PT02M43.00S,3,1610612759,SAS,201971,Blair,D. Blair,0,0,0,,0,0,0,0,h,Blair REBOUND (Off:0 Def:2),Rebound,Unknown,0,0
332,360,PT02M32.00S,3,1610612759,SAS,1938,Ginobili,M. Ginobili,0,0,0,,0,0,0,0,h,Ginobili Bad Pass Turnover (P1.T14),Turnover,Bad Pass,0,0
333,361,PT02M15.00S,3,1610612743,DEN,2030,Martin,K. Martin,1,88,9,Made,1,73,71,144,v,Martin 9' Jump Shot (7 PTS) (Smith 1 AST),Made Shot,Jump Shot,0,0
334,362,PT01M56.00S,3,1610612759,SAS,1938,Ginobili,M. Ginobili,-235,11,24,Made,1,76,71,147,h,Ginobili 24' 3PT Jump Shot (12 PTS) (Finley 1 AST),Made Shot,Jump Shot,0,0
335,363,PT01M36.00S,3,1610612743,DEN,2747,Smith,J. Smith,174,12,17,Made,1,76,73,149,v,Smith 17' Jump Shot (13 PTS),Made Shot,Jump Shot,0,0
336,364,PT01M15.00S,3,1610612759,SAS,201971,Blair,D. Blair,0,0,0,,0,0,0,0,h,Blair Lost Ball Turnover (P2.T15),Turnover,Lost Ball,0,0
337,364,PT01M15.00S,3,1610612743,DEN,2747,Smith,J. Smith,0,0,0,,0,0,0,0,v,Smith STEAL (2 STL),,,0,0
338,365,PT01M08.00S,3,1610612743,DEN,2747,Smith,J. Smith,10,36,4,Missed,1,0,0,0,v,MISS Smith 4' Jump Shot,Missed Shot,Jump Shot,0,0
339,365,PT01M08.00S,3,1610612759,SAS,1495,Duncan,T. Duncan,0,0,0,,0,0,0,0,h,Duncan BLOCK (3 BLK),,,0,0
340,366,PT01M08.00S,3,0,,1610612743,,,0,0,0,,0,0,0,0,v,Nuggets Rebound,Rebound,Unknown,0,0
341,367,PT01M08.00S,3,1610612759,SAS,1495,Duncan,T. Duncan,0,0,0,,0,0,0,0,h,SUB: McDyess FOR Duncan,Substitution,,0,0
342,368,PT01M00.00S,3,1610612743,DEN,2546,Anthony,C. Anthony,-10,159,16,Made,1,76,75,151,v,Anthony 16' Jump Shot (26 PTS),Made Shot,Jump Shot,0,0
343,369,PT00M38.90S,3,1610612759,SAS,201588,Hill,G. Hill,2,31,3,Missed,1,0,0,0,h,MISS Hill 3' Driving Layup,Missed Shot,Driving Layup Shot,0,0
344,369,PT00M38.90S,3,1610612743,DEN,2030,Martin,K. Martin,0,0,0,,0,0,0,0,v,Martin BLOCK (1 BLK),,,0,0
345,370,PT00M38.40S,3,0,,1610612759,,,0,0,0,,0,0,0,0,h,SPURS Rebound,Rebound,Unknown,0,0
346,371,PT00M35.80S,3,1610612759,SAS,686,McDyess,A. McDyess,230,102,25,Missed,1,0,0,0,h,MISS McDyess 25' 3PT Jump Shot,Missed Shot,Jump Shot,0,0
347,372,PT00M34.50S,3,1610612743,DEN,201951,Lawson,T. Lawson,0,0,0,,0,0,0,0,v,Lawson REBOUND (Off:0 Def:1),Rebound,Unknown,0,0
348,373,PT00M26.30S,3,1610612743,DEN,201951,Lawson,T. Lawson,0,0,0,,0,0,0,0,v,Lawson OFF.Foul (P2),Foul,Offensive,0,0
349,374,PT00M26.30S,3,1610612743,DEN,201951,Lawson,T. Lawson,0,0,0,,0,0,0,0,v,Lawson Foul Turnover (P1.T12),Turnover,Foul,0,0
350,375,PT00M26.30S,3,1610612759,SAS,201971,Blair,D. Blair,0,0,0,,0,0,0,0,h,SUB: Bonner FOR Blair,Substitution,,0,0
351,376,PT00M03.10S,3,1610612759,SAS,1938,Ginobili,M. Ginobili,-16,37,4,Missed,1,0,0,0,h,MISS Ginobili 4' Driving Layup,Missed Shot,Driving Layup Shot,0,0
352,376,PT00M03.10S,3,1610612743,DEN,2747,Smith,J. Smith,0,0,0,,0,0,0,0,v,Smith BLOCK (2 BLK),,,0,0
353,377,PT00M03.10S,3,0,,1610612743,,,0,0,0,,0,0,0,0,v,Nuggets Rebound,Rebound,Unknown,0,0
354,378,PT00M00.00S,3,1610612743,DEN,201951,Lawson,T. Lawson,34,28,4,Missed,1,0,0,0,v,MISS Lawson 4' Jump Shot,Missed Shot,Jump Shot,0,0
355,379,PT00M00.00S,3,0,,1610612743,,,0,0,0,,0,0,0,0,v,Nuggets Rebound,Rebound,Unknown,0,0
356,380,PT00M00.00S,3,0,,0,,,0,0,0,,0,76,75,151,,End of 3rd Period (10:25 PM EST),period,end,0,0
357,382,PT12M00.00S,4,0,,0,,,0,0,0,,0,76,75,151,,Start of 4th Period (10:28 PM EST),period,start,0,0
358,383,PT11M45.00S,4,1610612759,SAS,1938,Ginobili,M. Ginobili,76,230,24,Missed,1,0,0,0,h,MISS Ginobili 24' 3PT Jump Shot,Missed Shot,Jump Shot,0,0
359,384,PT11M43.00S,4,1610612743,DEN,2747,Smith,J. Smith,0,0,0,,0,0,0,0,v,Smith REBOUND (Off:0 Def:7),Rebound,Unknown,0,0
360,385,PT11M37.00S,4,1610612743,DEN,2747,Smith,J. Smith,0,0,0,,0,0,0,0,v,Smith Lost Ball Turnover (P4.T13),Turnover,Lost Ball,0,0
361,385,PT11M37.00S,4,1610612759,SAS,1938,Ginobili,M. Ginobili,0,0,0,,0,0,0,0,h,Ginobili STEAL (3 STL),,,0,0
362,386,PT11M23.00S,4,1610612759,SAS,1938,Ginobili,M. Ginobili,-30,23,4,Missed,1,0,0,0,h,MISS Ginobili 4' Jump Shot,Missed Shot,Jump Shot,0,0
363,386,PT11M23.00S,4,1610612743,DEN,2030,Martin,K. Martin,0,0,0,,0,0,0,0,v,Martin BLOCK (2 BLK),,,0,0
364,387,PT11M22.00S,4,1610612743,DEN,201951,Lawson,T. Lawson,0,0,0,,0,0,0,0,v,Lawson REBOUND (Off:0 Def:2),Rebound,Unknown,0,0
365,388,PT11M17.00S,4,1610612743,DEN,2747,Smith,J. Smith,173,189,26,Made,1,76,78,154,v,Smith 26' 3PT Jump Shot (16 PTS) (Lawson 2 AST),Made Shot,Jump Shot,0,0
366,389,PT11M13.00S,4,0,,1610612759,,,0,0,0,,0,0,0,0,h,SPURS Timeout: Regular (Full 4 Short 0),Timeout,Regular,0,0
367,390,PT11M13.00S,4,1610612759,SAS,1938,Ginobili,M. Ginobili,0,0,0,,0,0,0,0,h,SUB: Bogans FOR Ginobili,Substitution,,0,0
368,391,PT11M13.00S,4,1610612759,SAS,2588,Bonner,M. Bonner,0,0,0,,0,0,0,0,h,SUB: Blair FOR Bonner,Substitution,,0,0
369,392,PT11M13.00S,4,1610612759,SAS,714,Finley,M. Finley,0,0,0,,0,0,0,0,h,SUB: Jefferson FOR Finley,Substitution,,0,0
370,393,PT10M57.00S,4,1610612759,SAS,201588,Hill,G. Hill,64,149,16,Missed,1,0,0,0,h,MISS Hill 16' Jump Shot,Missed Shot,Jump Shot,0,0
371,394,PT10M55.00S,4,1610612743,DEN,2030,Martin,K. Martin,0,0,0,,0,0,0,0,v,Martin REBOUND (Off:2 Def:7),Rebound,Unknown,0,0
372,395,PT10M38.00S,4,1610612759,SAS,201971,Blair,D. Blair,0,0,0,,0,0,0,0,h,Blair S.FOUL (P4.T1),Foul,Shooting,0,0
373,396,PT10M38.00S,4,1610612743,DEN,2365,Andersen,C. Andersen,0,0,0,,0,76,79,155,v,Andersen Free Throw 1 of 2 (1 PTS),Free Throw,Free Throw 1 of 2,0,0
374,398,PT10M38.00S,4,1610612743,DEN,2030,Martin,K. Martin,0,0,0,,0,0,0,0,v,SUB: Nene FOR Martin,Substitution,,0,0
375,399,PT10M38.00S,4,1610612743,DEN,2365,Andersen,C. Andersen,0,0,0,,0,76,80,156,v,Andersen Free Throw 2 of 2 (2 PTS),Free Throw,Free Throw 2 of 2,0,0
376,401,PT10M14.00S,4,1610612759,SAS,686,McDyess,A. McDyess,-90,154,18,Missed,1,0,0,0,h,MISS McDyess 18' Turnaround Jump Shot,Missed Shot,Turnaround Jump Shot,0,0
377,402,PT10M12.00S,4,0,,1610612743,,,0,0,0,,0,0,0,0,v,Nuggets Rebound,Rebound,Unknown,0,0
378,403,PT09M58.00S,4,1610612759,SAS,2586,Bogans,K. Bogans,0,0,0,,0,0,0,0,h,Bogans P.FOUL (P4.T2),Foul,Personal,0,0
379,404,PT09M58.00S,4,1610612759,SAS,201588,Hill,G. Hill,0,0,0,,0,0,0,0,h,SUB: Parker FOR Hill,Substitution,,0,0
380,405,PT09M49.00S,4,1610612743,DEN,2546,Anthony,C. Anthony,-144,6,14,Made,1,76,82,158,v,Anthony 14' Jump Shot (28 PTS),Made Shot,Jump Shot,0,0
381,406,PT09M32.00S,4,1610612759,SAS,201971,Blair,D. Blair,43,20,5,Made,1,78,82,160,h,Blair 5' Jump Bank Shot (4 PTS) (Bogans 2 AST),Made Shot,Jump Bank Shot,0,0
382,407,PT09M20.00S,4,1610612743,DEN,2747,Smith,J. Smith,-207,145,25,Missed,1,0,0,0,v,MISS Smith 25' 3PT Jump Shot,Missed Shot,Jump Shot,0,0
383,408,PT09M18.00S,4,1610612743,DEN,201951,Lawson,T. Lawson,0,0,0,,0,0,0,0,v,Lawson REBOUND (Off:1 Def:2),Rebound,Unknown,0,0
384,409,PT09M16.00S,4,1610612743,DEN,201951,Lawson,T. Lawson,54,30,6,Missed,1,0,0,0,v,MISS Lawson 6' Jump Shot,Missed Shot,Jump Shot,0,0
385,410,PT09M14.00S,4,1610612759,SAS,686,McDyess,A. McDyess,0,0,0,,0,0,0,0,h,McDyess REBOUND (Off:1 Def:5),Rebound,Unknown,0,0
386,411,PT09M10.00S,4,1610612743,DEN,2365,Andersen,C. Andersen,0,0,0,,0,0,0,0,v,Andersen S.FOUL (P4.T1),Foul,Shooting,0,0
387,412,PT09M10.00S,4,1610612759,SAS,2225,Parker,T. Parker,0,0,0,,0,79,82,161,h,Parker Free Throw 1 of 2 (13 PTS),Free Throw,Free Throw 1 of 2,0,0
388,414,PT09M10.00S,4,1610612759,SAS,2225,Parker,T. Parker,0,0,0,,0,80,82,162,h,Parker Free Throw 2 of 2 (14 PTS),Free Throw,Free Throw 2 of 2,0,0
389,416,PT08M56.00S,4,1610612743,DEN,2747,Smith,J. Smith,171,175,24,Missed,1,0,0,0,v,MISS Smith 24' 3PT Jump Shot,Missed Shot,Jump Shot,0,0
390,417,PT08M54.00S,4,1610612743,DEN,2365,Andersen,C. Andersen,0,0,0,,0,0,0,0,v,Andersen REBOUND (Off:1 Def:2),Rebound,Unknown,0,0
391,418,PT08M53.00S,4,1610612743,DEN,2365,Andersen,C. Andersen,0,14,1,Missed,1,0,0,0,v,MISS Andersen 1' Layup,Missed Shot,Layup Shot,0,0
392,420,PT08M51.00S,4,1610612743,DEN,2546,Anthony,C. Anthony,0,0,0,,0,0,0,0,v,Anthony REBOUND (Off:4 Def:2),Rebound,Unknown,0,0
393,419,PT08M51.00S,4,1610612743,DEN,2546,Anthony,C. Anthony,-7,9,1,Made,1,80,84,164,v,Anthony 1' Tip Shot (30 PTS),Made Shot,Tip Shot,0,0
394,421,PT08M41.00S,4,1610612743,DEN,2403,Hilario,Nene,0,0,0,,0,0,0,0,v,Nene S.FOUL (P2.T2),Foul,Shooting,0,0
395,422,PT08M41.00S,4,1610612759,SAS,2225,Parker,T. Parker,0,0,0,,0,0,0,0,h,MISS Parker Free Throw 1 of 2,Free Throw,Free Throw 1 of 2,0,0
396,423,PT08M41.00S,4,0,,1610612759,,,0,0,0,,0,0,0,0,h,SPURS Rebound,Rebound,Normal Rebound,0,0
397,424,PT08M41.00S,4,1610612759,SAS,2225,Parker,T. Parker,0,0,0,,0,81,84,165,h,Parker Free Throw 2 of 2 (15 PTS),Free Throw,Free Throw 2 of 2,0,0
398,426,PT08M23.00S,4,1610612743,DEN,2546,Anthony,C. Anthony,62,168,18,Missed,1,0,0,0,v,MISS Anthony 18' Jump Shot,Missed Shot,Jump Shot,0,0
399,427,PT08M22.00S,4,1610612759,SAS,2225,Parker,T. Parker,0,0,0,,0,0,0,0,h,Parker REBOUND (Off:0 Def:4),Rebound,Unknown,0,0
400,428,PT08M18.00S,4,1610612743,DEN,2546,Anthony,C. Anthony,0,0,0,,0,0,0,0,v,Anthony S.FOUL (P4.T3),Foul,Shooting,0,0
401,429,PT08M18.00S,4,1610612759,SAS,2225,Parker,T. Parker,0,0,0,,0,82,84,166,h,Parker Free Throw 1 of 2 (16 PTS),Free Throw,Free Throw 1 of 2,0,0
402,431,PT08M18.00S,4,1610612759,SAS,2225,Parker,T. Parker,0,0,0,,0,83,84,167,h,Parker Free Throw 2 of 2 (17 PTS),Free Throw,Free Throw 2 of 2,0,0
403,433,PT07M58.00S,4,1610612743,DEN,201951,Lawson,T. Lawson,-21,34,4,Made,1,83,86,169,v,Lawson 4' Driving Jump Shot (5 PTS),Made Shot,Driving Jump shot,0,0
404,434,PT07M58.00S,4,1610612759,SAS,2225,Parker,T. Parker,0,0,0,,0,0,0,0,h,Parker S.FOUL (P1.T3),Foul,Shooting,0,0
405,435,PT07M58.00S,4,1610612743,DEN,2747,Smith,J. Smith,0,0,0,,0,0,0,0,v,SUB: Billups FOR Smith,Substitution,,0,0
406,436,PT07M58.00S,4,1610612743,DEN,201951,Lawson,T. Lawson,0,0,0,,0,83,87,170,v,Lawson Free Throw 1 of 1 (6 PTS),Free Throw,Free Throw 1 of 1,0,0
407,438,PT07M36.00S,4,1610612759,SAS,2225,Parker,T. Parker,-128,11,13,Made,1,85,87,172,h,Parker 13' Step Back Jump Shot (19 PTS),Made Shot,Step Back Jump shot,0,0
408,439,PT07M11.00S,4,1610612759,SAS,2225,Parker,T. Parker,0,0,0,,0,0,0,0,h,Parker S.FOUL (P2.T4),Foul,Shooting,0,0
409,440,PT07M11.00S,4,1610612743,DEN,201951,Lawson,T. Lawson,0,0,0,,0,85,88,173,v,Lawson Free Throw 1 of 2 (7 PTS),Free Throw,Free Throw 1 of 2,0,0
410,442,PT07M11.00S,4,1610612759,SAS,686,McDyess,A. McDyess,0,0,0,,0,0,0,0,h,SUB: Duncan FOR McDyess,Substitution,,0,0
411,443,PT07M11.00S,4,1610612759,SAS,2586,Bogans,K. Bogans,0,0,0,,0,0,0,0,h,SUB: Ginobili FOR Bogans,Substitution,,0,0
412,444,PT07M11.00S,4,1610612743,DEN,201951,Lawson,T. Lawson,0,0,0,,0,85,89,174,v,Lawson Free Throw 2 of 2 (8 PTS),Free Throw,Free Throw 2 of 2,0,0
413,446,PT06M52.00S,4,1610612759,SAS,2225,Parker,T. Parker,9,23,2,Made,1,87,89,176,h,Parker 2' Driving Finger Roll Layup (21 PTS),Made Shot,Driving Finger Roll Layup Shot,0,0
414,447,PT06M41.00S,4,1610612759,SAS,2225,Parker,T. Parker,0,0,0,,0,0,0,0,h,Parker P.FOUL (P3.PN),Foul,Personal,0,0
415,448,PT06M41.00S,4,1610612743,DEN,201951,Lawson,T. Lawson,0,0,0,,0,0,0,0,v,MISS Lawson Free Throw 1 of 2,Free Throw,Free Throw 1 of 2,0,0
416,449,PT06M41.00S,4,0,,1610612743,,,0,0,0,,0,0,0,0,v,Nuggets Rebound,Rebound,Normal Rebound,0,0
417,450,PT06M41.00S,4,1610612743,DEN,2365,Andersen,C. Andersen,0,0,0,,0,0,0,0,v,SUB: Martin FOR Andersen,Substitution,,0,0
418,451,PT06M41.00S,4,1610612743,DEN,201951,Lawson,T. Lawson,0,0,0,,0,87,90,177,v,Lawson Free Throw 2 of 2 (9 PTS),Free Throw,Free Throw 2 of 2,0,0
419,453,PT06M32.00S,4,1610612743,DEN,2030,Martin,K. Martin,0,0,0,,0,0,0,0,v,Martin P.FOUL (P2.T4),Foul,Personal,0,0
420,454,PT06M21.00S,4,1610612759,SAS,1938,Ginobili,M. Ginobili,0,0,0,,0,0,0,0,h,Ginobili Bad Pass Turnover (P2.T16),Turnover,Bad Pass,0,0
421,454,PT06M21.00S,4,1610612743,DEN,201951,Lawson,T. Lawson,0,0,0,,0,0,0,0,v,Lawson STEAL (1 STL),,,0,0
422,455,PT06M18.00S,4,1610612743,DEN,201951,Lawson,T. Lawson,-10,1,1,Made,1,87,92,179,v,Lawson 1' Layup (11 PTS) (Billups 3 AST),Made Shot,Layup Shot,0,0
423,456,PT05M57.00S,4,1610612759,SAS,2225,Parker,T. Parker,-10,17,2,Made,1,89,92,181,h,Parker 2' Running Layup (23 PTS) (Duncan 2 AST),Made Shot,Running Layup Shot,0,0
424,457,PT05M42.00S,4,1610612743,DEN,2403,Hilario,Nene,2,0,0,Made,1,89,94,183,v,Nene  Driving Layup (12 PTS) (Billups 4 AST),Made Shot,Driving Layup Shot,0,0
425,458,PT05M27.00S,4,1610612759,SAS,1495,Duncan,T. Duncan,75,14,8,Made,1,91,94,185,h,Duncan 8' Turnaround Bank Shot (24 PTS),Made Shot,Turnaround Bank shot,0,0
426,459,PT05M14.00S,4,1610612743,DEN,1497,Billups,C. Billups,0,0,0,,0,0,0,0,v,Billups OFF.Foul (P1),Foul,Offensive,0,0
427,460,PT05M14.00S,4,1610612743,DEN,1497,Billups,C. Billups,0,0,0,,0,0,0,0,v,Billups Foul Turnover (P1.T14),Turnover,Foul,0,0
428,461,PT05M14.00S,4,0,,0,,,0,0,0,,0,0,0,0,,Timeout: Official,Timeout,Official,0,0
429,463,PT05M14.00S,4,1610612759,SAS,201971,Blair,D. Blair,0,0,0,,0,0,0,0,h,SUB: Bonner FOR Blair,Substitution,,0,0
430,464,PT05M01.00S,4,1610612759,SAS,2225,Parker,T. Parker,-4,187,19,Missed,1,0,0,0,h,MISS Parker 19' Jump Shot,Missed Shot,Jump Shot,0,0
431,465,PT04M59.00S,4,1610612743,DEN,2030,Martin,K. Martin,0,0,0,,0,0,0,0,v,Martin REBOUND (Off:2 Def:8),Rebound,Unknown,0,0
432,466,PT04M47.00S,4,1610612743,DEN,1497,Billups,C. Billups,192,142,24,Missed,1,0,0,0,v,MISS Billups 24' 3PT Jump Shot,Missed Shot,Jump Shot,0,0
433,467,PT04M45.00S,4,1610612759,SAS,2588,Bonner,M. Bonner,0,0,0,,0,0,0,0,h,Bonner REBOUND (Off:2 Def:5),Rebound,Unknown,0,0
434,468,PT04M31.00S,4,1610612743,DEN,2403,Hilario,Nene,0,0,0,,0,0,0,0,v,Nene S.FOUL (P3.PN),Foul,Shooting,0,0
435,469,PT04M31.00S,4,1610612759,SAS,1495,Duncan,T. Duncan,0,0,0,,0,92,94,186,h,Duncan Free Throw 1 of 2 (25 PTS),Free Throw,Free Throw 1 of 2,0,0
436,474,PT04M31.00S,4,1610612743,DEN,201951,Lawson,T. Lawson,0,0,0,,0,0,0,0,v,SUB: Smith FOR Lawson,Substitution,,0,0
437,471,PT04M31.00S,4,1610612759,SAS,1495,Duncan,T. Duncan,0,0,0,,0,93,94,187,h,Duncan Free Throw 2 of 2 (26 PTS),Free Throw,Free Throw 2 of 2,0,0
438,473,PT04M12.00S,4,1610612743,DEN,2546,Anthony,C. Anthony,-122,28,13,Made,1,93,96,189,v,Anthony 13' Jump Shot (32 PTS) (Billups 5 AST),Made Shot,Jump Shot,0,0
439,475,PT03M50.00S,4,1610612759,SAS,2588,Bonner,M. Bonner,0,0,0,,0,0,0,0,h,Bonner Bad Pass Turnover (P2.T17),Turnover,Bad Pass,0,0
440,477,PT03M30.00S,4,1610612743,DEN,2546,Anthony,C. Anthony,-134,-2,13,Missed,1,0,0,0,v,MISS Anthony 13' Jump Shot,Missed Shot,Jump Shot,0,0
441,478,PT03M29.00S,4,1610612759,SAS,2210,Jefferson,R. Jefferson,0,0,0,,0,0,0,0,h,Jefferson REBOUND (Off:0 Def:2),Rebound,Unknown,0,0
442,479,PT03M25.00S,4,1610612743,DEN,1497,Billups,C. Billups,0,0,0,,0,0,0,0,v,Billups S.FOUL (P2.PN),Foul,Shooting,0,0
443,480,PT03M25.00S,4,1610612759,SAS,2225,Parker,T. Parker,0,0,0,,0,94,96,190,h,Parker Free Throw 1 of 2 (24 PTS),Free Throw,Free Throw 1 of 2,0,0
444,483,PT03M25.00S,4,1610612759,SAS,2225,Parker,T. Parker,0,0,0,,0,95,96,191,h,Parker Free Throw 2 of 2 (25 PTS),Free Throw,Free Throw 2 of 2,0,0
445,486,PT03M14.00S,4,1610612759,SAS,1938,Ginobili,M. Ginobili,0,0,0,,0,0,0,0,h,Ginobili P.FOUL (P2.PN),Foul,Personal,0,0
446,487,PT03M14.00S,4,1610612743,DEN,2747,Smith,J. Smith,0,0,0,,0,95,97,192,v,Smith Free Throw 1 of 2 (17 PTS),Free Throw,Free Throw 1 of 2,0,0
447,489,PT03M14.00S,4,1610612743,DEN,2747,Smith,J. Smith,0,0,0,,0,0,0,0,v,MISS Smith Free Throw 2 of 2,Free Throw,Free Throw 2 of 2,0,0
448,491,PT03M14.00S,4,1610612759,SAS,2210,Jefferson,R. Jefferson,0,0,0,,0,0,0,0,h,Jefferson REBOUND (Off:0 Def:3),Rebound,Unknown,0,0
449,492,PT03M04.00S,4,1610612759,SAS,2225,Parker,T. Parker,0,0,0,,0,0,0,0,h,Parker Lost Ball Turnover (P5.T18),Turnover,Lost Ball,0,0
450,492,PT03M04.00S,4,1610612743,DEN,2747,Smith,J. Smith,0,0,0,,0,0,0,0,v,Smith STEAL (3 STL),,,0,0
451,493,PT03M00.00S,4,1610612743,DEN,2747,Smith,J. Smith,-8,9,1,Missed,1,0,0,0,v,MISS Smith 1' Layup,Missed Shot,Layup Shot,0,0
452,495,PT02M59.00S,4,1610612743,DEN,2030,Martin,K. Martin,0,0,0,,0,0,0,0,v,Martin REBOUND (Off:3 Def:8),Rebound,Unknown,0,0
453,494,PT02M59.00S,4,1610612743,DEN,2030,Martin,K. Martin,4,-6,1,Made,1,95,99,194,v,Martin 1' Tip Shot (9 PTS),Made Shot,Tip Shot,0,0
454,496,PT02M40.00S,4,1610612759,SAS,1938,Ginobili,M. Ginobili,36,3,4,Missed,1,0,0,0,h,MISS Ginobili 4' Driving Finger Roll Layup,Missed Shot,Driving Finger Roll Layup Shot,0,0
455,497,PT02M39.00S,4,1610612743,DEN,2546,Anthony,C. Anthony,0,0,0,,0,0,0,0,v,Anthony REBOUND (Off:4 Def:3),Rebound,Unknown,0,0
456,498,PT02M21.00S,4,1610612743,DEN,1497,Billups,C. Billups,56,162,17,Made,1,95,101,196,v,Billups 17' Jump Shot (15 PTS),Made Shot,Jump Shot,0,0
457,499,PT02M21.00S,4,0,,1610612759,,,0,0,0,,0,0,0,0,h,SPURS Timeout: Short (Full 4 Short 1),Timeout,Short,0,0
458,500,PT02M21.00S,4,0,,1610612743,,,0,0,0,,0,0,0,0,v,Nuggets Timeout: Regular (Reg.4 Short 0),Timeout,Regular,0,0
459,501,PT02M06.00S,4,1610612743,DEN,2747,Smith,J. Smith,0,0,0,,0,0,0,0,v,Smith S.FOUL (P3.PN),Foul,Shooting,0,0
460,502,PT02M06.00S,4,1610612759,SAS,1938,Ginobili,M. Ginobili,0,0,0,,0,96,101,197,h,Ginobili Free Throw 1 of 2 (13 PTS),Free Throw,Free Throw 1 of 2,0,0
461,504,PT02M06.00S,4,1610612759,SAS,1938,Ginobili,M. Ginobili,0,0,0,,0,97,101,198,h,Ginobili Free Throw 2 of 2 (14 PTS),Free Throw,Free Throw 2 of 2,0,0
462,506,PT01M48.00S,4,1610612743,DEN,1497,Billups,C. Billups,9,56,6,Missed,1,0,0,0,v,MISS Billups 6' Jump Shot,Missed Shot,Jump Shot,0,0
463,506,PT01M48.00S,4,1610612759,SAS,1495,Duncan,T. Duncan,0,0,0,,0,0,0,0,h,Duncan BLOCK (4 BLK),,,0,0
464,508,PT01M46.00S,4,1610612743,DEN,2030,Martin,K. Martin,0,0,0,,0,0,0,0,v,Martin REBOUND (Off:4 Def:8),Rebound,Unknown,0,0
465,507,PT01M46.00S,4,1610612743,DEN,2030,Martin,K. Martin,7,39,4,Missed,1,0,0,0,v,MISS Martin 4' Tip Shot,Missed Shot,Tip Shot,0,0
466,509,PT01M46.00S,4,0,,1610612743,,,0,0,0,,0,0,0,0,v,Nuggets Rebound,Rebound,Unknown,0,0
467,510,PT01M30.00S,4,1610612743,DEN,2546,Anthony,C. Anthony,-92,135,16,Made,1,97,103,200,v,Anthony 16' Jump Shot (34 PTS),Made Shot,Jump Shot,0,0
468,511,PT01M26.00S,4,1610612743,DEN,2403,Hilario,Nene,0,0,0,,0,0,0,0,v,Nene S.FOUL (P4.PN),Foul,Shooting,0,0
469,512,PT01M26.00S,4,1610612759,SAS,2225,Parker,T. Parker,0,0,0,,0,98,103,201,h,Parker Free Throw 1 of 2 (26 PTS),Free Throw,Free Throw 1 of 2,0,0
470,514,PT01M26.00S,4,1610612759,SAS,2225,Parker,T. Parker,0,0,0,,0,99,103,202,h,Parker Free Throw 2 of 2 (27 PTS),Free Throw,Free Throw 2 of 2,0,0
471,516,PT01M01.00S,4,1610612743,DEN,2546,Anthony,C. Anthony,-191,61,20,Missed,1,0,0,0,v,MISS Anthony 20' Jump Shot,Missed Shot,Jump Shot,0,0
472,517,PT00M59.80S,4,1610612743,DEN,1497,Billups,C. Billups,0,0,0,,0,0,0,0,v,Billups REBOUND (Off:1 Def:1),Rebound,Unknown,0,0
473,518,PT00M36.10S,4,1610612743,DEN,1497,Billups,C. Billups,0,0,0,,0,0,0,0,v,Billups Bad Pass Turnover (P2.T15),Turnover,Bad Pass,0,0
474,519,PT00M36.10S,4,0,,1610612759,,,0,0,0,,0,0,0,0,h,SPURS Timeout: Short (Full 4 Short 2),Timeout,Short,0,0
475,520,PT00M36.10S,4,1610612759,SAS,2588,Bonner,M. Bonner,0,0,0,,0,0,0,0,h,SUB: Blair FOR Bonner,Substitution,,0,0
476,521,PT00M30.90S,4,1610612759,SAS,201971,Blair,D. Blair,13,31,3,Missed,1,0,0,0,h,MISS Blair 3' Layup,Missed Shot,Layup Shot,0,0
477,521,PT00M30.90S,4,1610612743,DEN,2030,Martin,K. Martin,0,0,0,,0,0,0,0,v,Martin BLOCK (3 BLK),,,0,0
478,522,PT00M29.60S,4,1610612743,DEN,2030,Martin,K. Martin,0,0,0,,0,0,0,0,v,Martin REBOUND (Off:4 Def:9),Rebound,Unknown,0,0
479,523,PT00M24.80S,4,1610612759,SAS,2210,Jefferson,R. Jefferson,0,0,0,,0,0,0,0,h,Jefferson P.FOUL (P3.PN),Foul,Personal,0,0
480,524,PT00M24.80S,4,1610612743,DEN,1497,Billups,C. Billups,0,0,0,,0,0,0,0,v,MISS Billups Free Throw 1 of 2,Free Throw,Free Throw 1 of 2,0,0
481,525,PT00M24.80S,4,0,,1610612743,,,0,0,0,,0,0,0,0,v,Nuggets Rebound,Rebound,Normal Rebound,0,0
482,526,PT00M24.80S,4,1610612743,DEN,1497,Billups,C. Billups,0,0,0,,0,99,104,203,v,Billups Free Throw 2 of 2 (16 PTS),Free Throw,Free Throw 2 of 2,0,0
483,528,PT00M23.90S,4,1610612759,SAS,2225,Parker,T. Parker,0,0,0,,0,0,0,0,h,Parker Lost Ball Turnover (P6.T19),Turnover,Lost Ball,0,0
484,528,PT00M23.90S,4,1610612743,DEN,1497,Billups,C. Billups,0,0,0,,0,0,0,0,v,Billups STEAL (1 STL),,,0,0
485,529,PT00M20.00S,4,1610612759,SAS,2225,Parker,T. Parker,0,0,0,,0,0,0,0,h,Parker P.FOUL (P4.PN),Foul,Personal,0,0
486,530,PT00M20.00S,4,1610612743,DEN,1497,Billups,C. Billups,0,0,0,,0,99,105,204,v,Billups Free Throw 1 of 2 (17 PTS),Free Throw,Free Throw 1 of 2,0,0
487,532,PT00M20.00S,4,1610612743,DEN,1497,Billups,C. Billups,0,0,0,,0,99,106,205,v,Billups Free Throw 2 of 2 (18 PTS),Free Throw,Free Throw 2 of 2,0,0
488,534,PT00M13.90S,4,1610612759,SAS,2210,Jefferson,R. Jefferson,-221,17,0,Missed,1,0,0,0,h,MISS Jefferson  3PT Jump Shot,Missed Shot,Jump Shot,0,0
489,535,PT00M11.80S,4,1610612743,DEN,2403,Hilario,Nene,0,0,0,,0,0,0,0,v,Nene REBOUND (Off:0 Def:1),Rebound,Unknown,0,0
490,536,PT00M00.00S,4,0,,0,,,0,0,0,,0,99,106,205,,End of 4th Period (11:04 PM EST),period,end,0,0
