actionId,actionNumber,clock,period,teamId,teamTricode,personId,playerName,playerNameI,xLegacy,yLegacy,shotDistance,shotResult,isFieldGoal,scoreHome,scoreAway,pointsTotal,location,description,actionType,subType,videoAvailable,shotValue
1,0,PT12M00.00S,1,0,,0,,,0,0,0,,0,0,0,0,,Start of 1st Period (9:11 PM EST),period,start,0,0
2,1,PT12M00.00S,1,1610612756,PHX,101112,Frye,C. Frye,0,0,0,,0,0,0,0,h,Jump Ball Frye vs. Jordan: Tip to Griffin,Jump Ball,,0,0
3,2,PT11M38.00S,1,1610612746,LAC,201599,Jordan,D. Jordan,-19,78,8,Made,1,0,2,2,v,Jordan 8' Hook Bank Shot (2 PTS),Made Shot,Hook Bank Shot,0,0
4,3,PT11M23.00S,1,1610612746,LAC,202329,Aminu,A. Aminu,0,0,0,,0,0,0,0,v,Aminu S.FOUL (P1.T1),Foul,Shooting,0,0
5,4,PT11M23.00S,1,1610612756,PHX,2202,Richardson,J. Richardson,0,0,0,,0,0,0,0,h,MISS Richardson Free Throw 1 of 2,Free Throw,Free Throw 1 of 2,0,0
6,5,PT11M23.00S,1,0,,1610612756,,,0,0,0,,0,0,0,0,h,SUNS Rebound,Rebound,Normal Rebound,0,0
7,6,PT11M23.00S,1,1610612756,PHX,2202,Richardson,J. Richardson,0,0,0,,0,0,0,0,h,MISS Richardson Free Throw 2 of 2,Free Throw,Free Throw 2 of 2,0,0
8,8,PT11M22.00S,1,1610612746,LAC,201933,Griffin,B. Griffin,0,0,0,,0,0,0,0,v,Griffin REBOUND (Off:0 Def:1),Rebound,Unknown,0,0
9,9,PT11M02.00S,1,1610612746,LAC,202329,Aminu,A. Aminu,-90,113,14,Missed,1,0,0,0,v,MISS Aminu 14' Jump Shot,Missed Shot,Jump Shot,0,0
10,10,PT11M00.00S,1,1610612756,PHX,959,Nash,S. Nash,0,0,0,,0,0,0,0,h,Nash REBOUND (Off:0 Def:1),Rebound,Unknown,0,0
11,11,PT10M50.00S,1,1610612756,PHX,959,Nash,S. Nash,26,37,5,Missed,1,0,0,0,h,MISS Nash 5' Jump Shot,Missed Shot,Jump Shot,0,0
12,13,PT10M48.00S,1,1610612756,PHX,2045,Turkoglu,H. Turkoglu,0,0,0,,0,0,0,0,h,Turkoglu REBOUND (Off:1 Def:0),Rebound,Unknown,0,0
13,12,PT10M48.00S,1,1610612756,PHX,2045,Turkoglu,H. Turkoglu,7,0,1,Missed,1,0,0,0,h,MISS Turkoglu 1' Tip Shot,Missed Shot,Tip Shot,0,0
14,14,PT10M46.00S,1,1610612746,LAC,201933,Griffin,B. Griffin,0,0,0,,0,0,0,0,v,Griffin REBOUND (Off:0 Def:2),Rebound,Unknown,0,0
15,15,PT10M30.00S,1,1610612746,LAC,201599,Jordan,D. Jordan,0,0,0,,0,0,0,0,v,Jordan Offensive Charge Foul (P1.T2),Foul,Offensive Charge,0,0
16,16,PT10M30.00S,1,1610612746,LAC,201599,Jordan,D. Jordan,0,0,0,,0,0,0,0,v,Jordan Foul Turnover (P1.T1),Turnover,Foul,0,0
17,17,PT10M21.00S,1,1610612746,LAC,202339,Bledsoe,E. Bledsoe,0,0,0,,0,0,0,0,v,Bledsoe Personal Block Foul (P1.T3),Foul,Personal Block,0,0
18,18,PT10M13.00S,1,1610612756,PHX,2202,Richardson,J. Richardson,10,-2,1,Made,1,2,2,4,h,Richardson 1' Dunk (2 PTS) (Hill 1 AST),Made Shot,Dunk Shot,0,0
19,19,PT09M55.00S,1,1610612746,LAC,201569,Gordon,E. Gordon,125,220,25,Missed,1,0,0,0,v,MISS Gordon 25' 3PT Jump Shot,Missed Shot,Jump Shot,0,0
20,20,PT09M53.00S,1,1610612756,PHX,101112,Frye,C. Frye,0,0,0,,0,0,0,0,h,Frye REBOUND (Off:0 Def:1),Rebound,Unknown,0,0
21,21,PT09M45.00S,1,1610612756,PHX,2202,Richardson,J. Richardson,1,0,0,Made,1,4,2,6,h,Richardson  Dunk (4 PTS) (Nash 1 AST),Made Shot,Dunk Shot,0,0
22,22,PT09M25.00S,1,1610612746,LAC,202329,Aminu,A. Aminu,-187,-17,19,Missed,1,0,0,0,v,MISS Aminu 19' Jump Shot,Missed Shot,Jump Shot,0,0
23,23,PT09M24.00S,1,1610612756,PHX,101112,Frye,C. Frye,0,0,0,,0,0,0,0,h,Frye REBOUND (Off:0 Def:2),Rebound,Unknown,0,0
24,24,PT09M17.00S,1,1610612756,PHX,2202,Richardson,J. Richardson,212,148,26,Made,1,7,2,9,h,Richardson 26' 3PT Jump Shot (7 PTS) (Nash 2 AST),Made Shot,Jump Shot,0,0
25,25,PT08M57.00S,1,1610612746,LAC,201569,Gordon,E. Gordon,-26,-5,3,Missed,1,0,0,0,v,MISS Gordon 3' Layup,Missed Shot,Layup Shot,0,0
26,27,PT08M55.00S,1,1610612746,LAC,201569,Gordon,E. Gordon,0,0,0,,0,0,0,0,v,Gordon REBOUND (Off:1 Def:0),Rebound,Unknown,0,0
27,26,PT08M55.00S,1,1610612746,LAC,201569,Gordon,E. Gordon,6,-10,1,Missed,1,0,0,0,v,MISS Gordon 1' Tip Shot,Missed Shot,Tip Shot,0,0
28,28,PT08M53.00S,1,1610612756,PHX,255,Hill,G. Hill,0,0,0,,0,0,0,0,h,Hill REBOUND (Off:0 Def:1),Rebound,Unknown,0,0
29,29,PT08M49.00S,1,1610612756,PHX,2202,Richardson,J. Richardson,-15,11,2,Made,1,9,2,11,h,Richardson 2' Layup (9 PTS) (Hill 2 AST),Made Shot,Layup Shot,0,0
30,30,PT08M41.00S,1,0,,1610612746,,,0,0,0,,0,0,0,0,v,Clippers Timeout: Regular (Reg.1 Short 0),Timeout,Regular,0,0
31,33,PT08M36.00S,1,1610612746,LAC,201569,Gordon,E. Gordon,0,0,0,,0,0,0,0,v,Gordon Lost Ball Turnover (P1.T2),Turnover,Lost Ball,0,0
32,33,PT08M36.00S,1,1610612756,PHX,2202,Richardson,J. Richardson,0,0,0,,0,0,0,0,h,Richardson STEAL (1 STL),,,0,0
33,34,PT08M12.00S,1,1610612756,PHX,101112,Frye,C. Frye,-161,22,16,Missed,1,0,0,0,h,MISS Frye 16' Turnaround Jump Shot,Missed Shot,Turnaround Jump Shot,0,0
34,35,PT08M09.00S,1,1610612746,LAC,201933,Griffin,B. Griffin,0,0,0,,0,0,0,0,v,Griffin REBOUND (Off:0 Def:3),Rebound,Unknown,0,0
35,36,PT07M54.00S,1,1610612746,LAC,201933,Griffin,B. Griffin,0,0,0,,0,0,0,0,v,Griffin Bad Pass Turnover (P1.T3),Turnover,Bad Pass,0,0
36,36,PT07M54.00S,1,1610612756,PHX,255,Hill,G. Hill,0,0,0,,0,0,0,0,h,Hill STEAL (1 STL),,,0,0
37,37,PT07M49.00S,1,1610612756,PHX,255,Hill,G. Hill,1,14,1,Made,1,11,2,13,h,Hill 1' Finger Roll Layup (2 PTS) (Nash 3 AST),Made Shot,Finger Roll Layup Shot,0,0
38,38,PT07M38.00S,1,1610612746,LAC,202339,Bledsoe,E. Bledsoe,0,0,0,,0,0,0,0,v,Bledsoe Offensive Charge Foul (P2.T4),Foul,Offensive Charge,0,0
39,39,PT07M38.00S,1,1610612746,LAC,202339,Bledsoe,E. Bledsoe,0,0,0,,0,0,0,0,v,Bledsoe Foul Turnover (P1.T4),Turnover,Foul,0,0
40,40,PT07M28.00S,1,1610612746,LAC,201933,Griffin,B. Griffin,0,0,0,,0,0,0,0,v,Griffin P.FOUL (P1.PN),Foul,Personal,0,0
41,41,PT07M24.00S,1,1610612756,PHX,2202,Richardson,J. Richardson,177,172,25,Missed,1,0,0,0,h,MISS Richardson 25' 3PT Jump Shot,Missed Shot,Jump Shot,0,0
42,42,PT07M22.00S,1,1610612746,LAC,201933,Griffin,B. Griffin,0,0,0,,0,0,0,0,v,Griffin REBOUND (Off:0 Def:4),Rebound,Unknown,0,0
43,43,PT07M12.00S,1,1610612746,LAC,201933,Griffin,B. Griffin,62,25,7,Made,1,11,4,15,v,Griffin 7' Jump Bank Shot (2 PTS) (Gordon 1 AST),Made Shot,Jump Bank Shot,0,0
44,44,PT06M59.00S,1,1610612756,PHX,255,Hill,G. Hill,-120,-17,12,Made,1,13,4,17,h,Hill 12' Turnaround Jump Shot (4 PTS),Made Shot,Turnaround Jump Shot,0,0
45,45,PT06M59.00S,1,1610612746,LAC,201569,Gordon,E. Gordon,0,0,0,,0,0,0,0,v,Gordon S.FOUL (P1.PN),Foul,Shooting,0,0
46,46,PT06M59.00S,1,1610612756,PHX,255,Hill,G. Hill,0,0,0,,0,14,4,18,h,Hill Free Throw 1 of 1 (5 PTS),Free Throw,Free Throw 1 of 1,0,0
47,48,PT06M43.00S,1,1610612756,PHX,2045,Turkoglu,H. Turkoglu,0,0,0,,0,0,0,0,h,Turkoglu P.FOUL (P1.T1),Foul,Personal,0,0
48,49,PT06M34.00S,1,1610612746,LAC,202339,Bledsoe,E. Bledsoe,2,0,0,Made,1,14,6,20,v,Bledsoe  Dunk (2 PTS) (Aminu 1 AST),Made Shot,Dunk Shot,0,0
49,50,PT06M22.00S,1,1610612756,PHX,959,Nash,S. Nash,-26,86,9,Missed,1,0,0,0,h,MISS Nash 9' Jump Shot,Missed Shot,Jump Shot,0,0
50,50,PT06M22.00S,1,1610612746,LAC,201599,Jordan,D. Jordan,0,0,0,,0,0,0,0,v,Jordan BLOCK (1 BLK),,,0,0
51,51,PT06M20.00S,1,1610612756,PHX,2202,Richardson,J. Richardson,0,0,0,,0,0,0,0,h,Richardson REBOUND (Off:1 Def:0),Rebound,Unknown,0,0
52,52,PT06M18.00S,1,1610612756,PHX,2202,Richardson,J. Richardson,15,4,2,Made,1,16,6,22,h,Richardson 2' Layup (11 PTS),Made Shot,Layup Shot,0,0
53,53,PT06M09.00S,1,1610612746,LAC,201569,Gordon,E. Gordon,9,0,1,Made,1,16,8,24,v,Gordon 1' Driving Reverse Layup (2 PTS),Made Shot,Driving Reverse Layup Shot,0,0
54,54,PT05M55.00S,1,1610612756,PHX,959,Nash,S. Nash,62,20,7,Missed,1,0,0,0,h,MISS Nash 7' Jump Bank Shot,Missed Shot,Jump Bank Shot,0,0
55,55,PT05M54.00S,1,0,,1610612746,,,0,0,0,,0,0,0,0,v,Clippers Rebound,Rebound,Unknown,0,0
56,56,PT05M54.00S,1,1610612756,PHX,2045,Turkoglu,H. Turkoglu,0,0,0,,0,0,0,0,h,Turkoglu L.B.FOUL (P2.T2),Foul,Loose Ball,0,0
57,57,PT05M54.00S,1,1610612756,PHX,2045,Turkoglu,H. Turkoglu,0,0,0,,0,0,0,0,h,SUB: Warrick FOR Turkoglu,Substitution,,0,0
58,58,PT05M41.00S,1,1610612746,LAC,201569,Gordon,E. Gordon,162,194,25,Missed,1,0,0,0,v,MISS Gordon 25' 3PT Jump Shot,Missed Shot,Jump Shot,0,0
59,59,PT05M41.00S,1,0,,1610612756,,,0,0,0,,0,0,0,0,h,SUNS Rebound,Rebound,Unknown,0,0
60,60,PT05M29.00S,1,1610612756,PHX,2202,Richardson,J. Richardson,239,-3,24,Made,1,19,8,27,h,Richardson 24' 3PT Jump Shot (14 PTS) (Nash 4 AST),Made Shot,Jump Shot,0,0
61,61,PT05M22.00S,1,1610612746,LAC,202329,Aminu,A. Aminu,-220,135,26,Missed,1,0,0,0,v,MISS Aminu 26' 3PT Jump Shot,Missed Shot,Jump Shot,0,0
62,62,PT05M19.00S,1,1610612756,PHX,101124,Warrick,H. Warrick,0,0,0,,0,0,0,0,h,Warrick REBOUND (Off:0 Def:1),Rebound,Unknown,0,0
63,63,PT05M10.00S,1,1610612756,PHX,101112,Frye,C. Frye,-155,195,25,Made,1,22,8,30,h,Frye 25' 3PT Jump Shot (3 PTS) (Hill 3 AST),Made Shot,Jump Shot,0,0
64,64,PT04M55.00S,1,1610612746,LAC,201933,Griffin,B. Griffin,0,0,0,,0,0,0,0,v,Griffin Bad Pass Turnover (P2.T5),Turnover,Bad Pass,0,0
65,64,PT04M55.00S,1,1610612756,PHX,959,Nash,S. Nash,0,0,0,,0,0,0,0,h,Nash STEAL (1 STL),,,0,0
66,65,PT04M51.00S,1,1610612756,PHX,101124,Warrick,H. Warrick,-2,6,1,Made,1,24,8,32,h,Warrick 1' Slam Dunk (2 PTS) (Hill 4 AST),Made Shot,Slam Dunk Shot,0,0
67,66,PT04M42.00S,1,0,,1610612746,,,0,0,0,,0,0,0,0,v,Clippers Timeout: Regular (Reg.2 Short 0),Timeout,Regular,0,0
68,68,PT04M42.00S,1,1610612746,LAC,202339,Bledsoe,E. Bledsoe,0,0,0,,0,0,0,0,v,SUB: Foye FOR Bledsoe,Substitution,,0,0
69,69,PT04M34.00S,1,1610612746,LAC,201569,Gordon,E. Gordon,48,66,8,Missed,1,0,0,0,v,MISS Gordon 8' Running Jump Shot,Missed Shot,Running Jump Shot,0,0
70,70,PT04M34.00S,1,0,,1610612756,,,0,0,0,,0,0,0,0,h,SUNS Rebound,Rebound,Unknown,0,0
71,71,PT04M34.00S,1,1610612746,LAC,201599,Jordan,D. Jordan,0,0,0,,0,0,0,0,v,Jordan P.FOUL (P2.PN),Foul,Personal,0,0
72,73,PT04M34.00S,1,1610612746,LAC,201599,Jordan,D. Jordan,0,0,0,,0,0,0,0,v,SUB: Smith FOR Jordan,Substitution,,0,0
73,74,PT04M34.00S,1,1610612756,PHX,255,Hill,G. Hill,0,0,0,,0,25,8,33,h,Hill Free Throw 1 of 2 (6 PTS),Free Throw,Free Throw 1 of 2,0,0
74,76,PT04M34.00S,1,1610612756,PHX,255,Hill,G. Hill,0,0,0,,0,26,8,34,h,Hill Free Throw 2 of 2 (7 PTS),Free Throw,Free Throw 2 of 2,0,0
75,78,PT04M26.00S,1,1610612756,PHX,101112,Frye,C. Frye,0,0,0,,0,0,0,0,h,Frye S.FOUL (P1.T3),Foul,Shooting,0,0
76,79,PT04M26.00S,1,1610612746,LAC,201569,Gordon,E. Gordon,0,0,0,,0,26,9,35,v,Gordon Free Throw 1 of 2 (3 PTS),Free Throw,Free Throw 1 of 2,0,0
77,81,PT04M26.00S,1,1610612756,PHX,255,Hill,G. Hill,0,0,0,,0,0,0,0,h,SUB: Dudley FOR Hill,Substitution,,0,0
78,82,PT04M26.00S,1,1610612746,LAC,201569,Gordon,E. Gordon,0,0,0,,0,26,10,36,v,Gordon Free Throw 2 of 2 (4 PTS),Free Throw,Free Throw 2 of 2,0,0
79,84,PT04M17.00S,1,1610612756,PHX,2202,Richardson,J. Richardson,239,0,24,Made,1,29,10,39,h,Richardson 24' 3PT Jump Shot (17 PTS) (Nash 5 AST),Made Shot,Jump Shot,0,0
80,85,PT03M58.00S,1,1610612746,LAC,202329,Aminu,A. Aminu,0,0,0,,0,0,0,0,v,Aminu Traveling Turnover (P1.T6),Turnover,Traveling,0,0
81,86,PT03M43.00S,1,1610612756,PHX,101124,Warrick,H. Warrick,6,-2,1,Made,1,31,10,41,h,Warrick 1' Alley Oop Dunk (4 PTS) (Richardson 1 AST),Made Shot,Alley Oop Dunk Shot,0,0
82,87,PT03M25.00S,1,1610612746,LAC,201569,Gordon,E. Gordon,-95,228,25,Missed,1,0,0,0,v,MISS Gordon 25' 3PT Jump Shot,Missed Shot,Jump Shot,0,0
83,88,PT03M24.00S,1,1610612756,PHX,101112,Frye,C. Frye,0,0,0,,0,0,0,0,h,Frye REBOUND (Off:0 Def:3),Rebound,Unknown,0,0
84,89,PT03M18.00S,1,1610612756,PHX,2202,Richardson,J. Richardson,201,127,24,Missed,1,0,0,0,h,MISS Richardson 24' 3PT Jump Shot,Missed Shot,Jump Shot,0,0
85,90,PT03M15.00S,1,1610612746,LAC,201933,Griffin,B. Griffin,0,0,0,,0,0,0,0,v,Griffin REBOUND (Off:0 Def:5),Rebound,Unknown,0,0
86,91,PT03M09.00S,1,1610612746,LAC,201569,Gordon,E. Gordon,15,1,2,Made,1,31,12,43,v,Gordon 2' Driving Layup (6 PTS),Made Shot,Driving Layup Shot,0,0
87,92,PT03M09.00S,1,1610612756,PHX,201162,Dudley,J. Dudley,0,0,0,,0,0,0,0,h,Dudley S.FOUL (P1.T4),Foul,Shooting,0,0
88,93,PT03M09.00S,1,1610612746,LAC,202329,Aminu,A. Aminu,0,0,0,,0,0,0,0,v,SUB: Gomes FOR Aminu,Substitution,,0,0
89,94,PT03M09.00S,1,1610612746,LAC,201569,Gordon,E. Gordon,0,0,0,,0,31,13,44,v,Gordon Free Throw 1 of 1 (7 PTS),Free Throw,Free Throw 1 of 1,0,0
90,96,PT03M00.00S,1,1610612746,LAC,200783,Smith,C. Smith,0,0,0,,0,0,0,0,v,Smith P.FOUL (P1.PN),Foul,Personal,0,0
91,97,PT03M00.00S,1,1610612756,PHX,101124,Warrick,H. Warrick,0,0,0,,0,32,13,45,h,Warrick Free Throw 1 of 2 (5 PTS),Free Throw,Free Throw 1 of 2,0,0
92,100,PT03M00.00S,1,1610612756,PHX,101124,Warrick,H. Warrick,0,0,0,,0,33,13,46,h,Warrick Free Throw 2 of 2 (6 PTS),Free Throw,Free Throw 2 of 2,0,0
93,102,PT02M42.00S,1,1610612746,LAC,201933,Griffin,B. Griffin,-57,157,17,Missed,1,0,0,0,v,MISS Griffin 17' Jump Shot,Missed Shot,Jump Shot,0,0
94,103,PT02M40.00S,1,1610612756,PHX,2202,Richardson,J. Richardson,0,0,0,,0,0,0,0,h,Richardson REBOUND (Off:1 Def:1),Rebound,Unknown,0,0
95,104,PT02M33.00S,1,1610612756,PHX,959,Nash,S. Nash,133,93,16,Made,1,35,13,48,h,Nash 16' Running Jump Shot (2 PTS),Made Shot,Running Jump Shot,0,0
96,105,PT02M13.00S,1,1610612746,LAC,200783,Smith,C. Smith,15,55,6,Made,1,35,15,50,v,Smith 6' Jump Shot (2 PTS) (Gordon 2 AST),Made Shot,Jump Shot,0,0
97,106,PT02M04.00S,1,1610612756,PHX,959,Nash,S. Nash,-196,149,25,Missed,1,0,0,0,h,MISS Nash 25' 3PT Jump Shot,Missed Shot,Jump Shot,0,0
98,107,PT02M02.00S,1,1610612756,PHX,101124,Warrick,H. Warrick,0,0,0,,0,0,0,0,h,Warrick REBOUND (Off:1 Def:1),Rebound,Unknown,0,0
99,108,PT01M59.00S,1,1610612756,PHX,101124,Warrick,H. Warrick,21,28,4,Missed,1,0,0,0,h,MISS Warrick 4' Jump Shot,Missed Shot,Jump Shot,0,0
100,108,PT01M59.00S,1,1610612746,LAC,201933,Griffin,B. Griffin,0,0,0,,0,0,0,0,v,Griffin BLOCK (1 BLK),,,0,0
101,109,PT01M56.00S,1,1610612746,LAC,201933,Griffin,B. Griffin,0,0,0,,0,0,0,0,v,Griffin REBOUND (Off:0 Def:6),Rebound,Unknown,0,0
102,110,PT01M53.00S,1,1610612746,LAC,201933,Griffin,B. Griffin,0,0,0,,0,0,0,0,v,Griffin Bad Pass Turnover (P3.T7),Turnover,Bad Pass,0,0
103,110,PT01M53.00S,1,1610612756,PHX,201162,Dudley,J. Dudley,0,0,0,,0,0,0,0,h,Dudley STEAL (1 STL),,,0,0
104,111,PT01M53.00S,1,1610612746,LAC,201933,Griffin,B. Griffin,0,0,0,,0,0,0,0,v,Griffin P.FOUL (P2.PN),Foul,Personal,0,0
105,112,PT01M53.00S,1,1610612756,PHX,959,Nash,S. Nash,0,0,0,,0,0,0,0,h,SUB: Dragic FOR Nash,Substitution,,0,0
106,113,PT01M53.00S,1,1610612746,LAC,201933,Griffin,B. Griffin,0,0,0,,0,0,0,0,v,SUB: Cook FOR Griffin,Substitution,,0,0
107,114,PT01M53.00S,1,1610612756,PHX,201162,Dudley,J. Dudley,0,0,0,,0,36,15,51,h,Dudley Free Throw 1 of 2 (1 PTS),Free Throw,Free Throw 1 of 2,0,0
108,116,PT01M53.00S,1,1610612756,PHX,201162,Dudley,J. Dudley,0,0,0,,0,37,15,52,h,Dudley Free Throw 2 of 2 (2 PTS),Free Throw,Free Throw 2 of 2,0,0
109,118,PT01M34.00S,1,1610612746,LAC,200783,Smith,C. Smith,-15,0,2,Made,1,37,17,54,v,Smith 2' Layup (4 PTS),Made Shot,Layup Shot,0,0
110,119,PT01M18.00S,1,1610612746,LAC,201569,Gordon,E. Gordon,0,0,0,,0,0,0,0,v,Gordon P.FOUL (P2.PN),Foul,Personal,0,0
111,120,PT01M18.00S,1,1610612756,PHX,101124,Warrick,H. Warrick,0,0,0,,0,38,17,55,h,Warrick Free Throw 1 of 2 (7 PTS),Free Throw,Free Throw 1 of 2,0,0
112,122,PT01M18.00S,1,1610612746,LAC,201569,Gordon,E. Gordon,0,0,0,,0,0,0,0,v,SUB: Butler FOR Gordon,Substitution,,0,0
113,123,PT01M18.00S,1,1610612756,PHX,101124,Warrick,H. Warrick,0,0,0,,0,39,17,56,h,Warrick Free Throw 2 of 2 (8 PTS),Free Throw,Free Throw 2 of 2,0,0
114,125,PT01M01.00S,1,1610612746,LAC,2567,Cook,B. Cook,140,20,14,Missed,1,0,0,0,v,MISS Cook 14' Jump Shot,Missed Shot,Jump Shot,0,0
115,126,PT00M59.80S,1,1610612756,PHX,101124,Warrick,H. Warrick,0,0,0,,0,0,0,0,h,Warrick REBOUND (Off:1 Def:2),Rebound,Unknown,0,0
116,127,PT00M44.70S,1,1610612756,PHX,201609,Dragic,G. Dragic,-7,252,25,Made,1,42,17,59,h,Dragic 25' 3PT Jump Shot (3 PTS) (Frye 1 AST),Made Shot,Jump Shot,0,0
117,128,PT00M31.40S,1,1610612746,LAC,2446,Butler,R. Butler,-172,-6,17,Made,1,42,19,61,v,Butler 17' Jump Shot (2 PTS) (Cook 1 AST),Made Shot,Jump Shot,0,0
118,129,PT00M21.90S,1,1610612756,PHX,201609,Dragic,G. Dragic,-217,134,26,Missed,1,0,0,0,h,MISS Dragic 26' 3PT Jump Shot,Missed Shot,Jump Shot,0,0
119,130,PT00M20.30S,1,1610612746,LAC,2567,Cook,B. Cook,0,0,0,,0,0,0,0,v,Cook REBOUND (Off:0 Def:1),Rebound,Unknown,0,0
120,131,PT00M03.40S,1,1610612756,PHX,101124,Warrick,H. Warrick,0,0,0,,0,0,0,0,h,Warrick P.FOUL (P1.PN),Foul,Personal,0,0
121,132,PT00M03.40S,1,1610612746,LAC,200751,Foye,R. Foye,0,0,0,,0,42,20,62,v,Foye Free Throw 1 of 2 (1 PTS),Free Throw,Free Throw 1 of 2,0,0
122,134,PT00M03.40S,1,1610612756,PHX,2202,Richardson,J. Richardson,0,0,0,,0,0,0,0,h,SUB: Childress FOR Richardson,Substitution,,0,0
123,135,PT00M03.40S,1,1610612746,LAC,200751,Foye,R. Foye,0,0,0,,0,42,21,63,v,Foye Free Throw 2 of 2 (2 PTS),Free Throw,Free Throw 2 of 2,0,0
124,138,PT00M00.00S,1,0,,138,Avent,A. Avent,0,0,0,,0,0,0,0,,Overturn Ruling,Instant Replay,Overturn Ruling,0,0
125,139,PT00M00.00S,1,0,,0,,,0,0,0,,0,42,21,63,,End of 1st Period (9:39 PM EST),period,end,0,0
126,141,PT12M00.00S,2,0,,0,,,0,0,0,,0,42,21,63,,Start of 2nd Period (9:42 PM EST),period,start,0,0
127,142,PT11M45.00S,2,1610612746,LAC,2567,Cook,B. Cook,0,0,0,,0,0,0,0,v,Cook P.FOUL (P1.T1),Foul,Personal,0,0
128,143,PT11M33.00S,2,1610612756,PHX,201162,Dudley,J. Dudley,6,11,1,Made,1,44,21,65,h,Dudley 1' Layup (4 PTS) (Dragic 1 AST),Made Shot,Layup Shot,0,0
129,144,PT11M13.00S,2,1610612746,LAC,101155,Gomes,R. Gomes,124,138,19,Made,1,44,23,67,v,Gomes 19' Jump Shot (2 PTS) (Smith 1 AST),Made Shot,Jump Shot,0,0
130,145,PT10M56.00S,2,1610612756,PHX,101124,Warrick,H. Warrick,-81,77,11,Missed,1,0,0,0,h,MISS Warrick 11' Turnaround Jump Shot,Missed Shot,Turnaround Jump Shot,0,0
131,146,PT10M54.00S,2,0,,1610612756,,,0,0,0,,0,0,0,0,h,SUNS Rebound,Rebound,Unknown,0,0
132,147,PT10M47.00S,2,1610612756,PHX,201609,Dragic,G. Dragic,-15,246,25,Missed,1,0,0,0,h,MISS Dragic 25' 3PT Jump Shot,Missed Shot,Jump Shot,0,0
133,148,PT10M45.00S,2,1610612746,LAC,2567,Cook,B. Cook,0,0,0,,0,0,0,0,v,Cook REBOUND (Off:0 Def:2),Rebound,Unknown,0,0
134,149,PT10M22.00S,2,1610612746,LAC,2446,Butler,R. Butler,-128,129,18,Missed,1,0,0,0,v,MISS Butler 18' Jump Shot,Missed Shot,Jump Shot,0,0
135,150,PT10M20.00S,2,1610612756,PHX,2853,Barron,E. Barron,0,0,0,,0,0,0,0,h,Barron REBOUND (Off:0 Def:1),Rebound,Unknown,0,0
136,151,PT10M08.00S,2,1610612746,LAC,202378,Warren,W. Warren,0,0,0,,0,0,0,0,v,Warren Personal Block Foul (P1.T2),Foul,Personal Block,0,0
137,152,PT09M58.00S,2,1610612756,PHX,101124,Warrick,H. Warrick,4,61,6,Missed,1,0,0,0,h,MISS Warrick 6' Jump Shot,Missed Shot,Jump Shot,0,0
138,153,PT09M57.00S,2,1610612746,LAC,200783,Smith,C. Smith,0,0,0,,0,0,0,0,v,Smith REBOUND (Off:0 Def:1),Rebound,Unknown,0,0
139,154,PT09M45.00S,2,1610612746,LAC,2567,Cook,B. Cook,-152,190,24,Made,1,44,26,70,v,Cook 24' 3PT Jump Shot (3 PTS),Made Shot,Jump Shot,0,0
140,155,PT09M28.00S,2,1610612756,PHX,201609,Dragic,G. Dragic,0,0,0,,0,0,0,0,h,Dragic OFF.Foul (P1),Foul,Offensive,0,0
141,156,PT09M28.00S,2,1610612756,PHX,201609,Dragic,G. Dragic,0,0,0,,0,0,0,0,h,Dragic Foul Turnover (P1.T1),Turnover,Foul,0,0
142,157,PT09M19.00S,2,1610612746,LAC,202378,Warren,W. Warren,-136,227,26,Missed,1,0,0,0,v,MISS Warren 26' 3PT Jump Shot,Missed Shot,Jump Shot,0,0
143,158,PT09M17.00S,2,1610612756,PHX,101124,Warrick,H. Warrick,0,0,0,,0,0,0,0,h,Warrick REBOUND (Off:1 Def:3),Rebound,Unknown,0,0
144,159,PT09M02.00S,2,1610612756,PHX,201162,Dudley,J. Dudley,234,-5,0,Made,1,47,26,73,h,Dudley  3PT Jump Shot (7 PTS) (Dragic 2 AST),Made Shot,Jump Shot,0,0
145,160,PT08M36.00S,2,1610612746,LAC,101155,Gomes,R. Gomes,225,121,26,Made,1,47,29,76,v,Gomes 26' 3PT Jump Shot (5 PTS) (Warren 1 AST),Made Shot,Jump Shot,0,0
146,161,PT08M29.00S,2,1610612756,PHX,101124,Warrick,H. Warrick,-172,20,17,Made,1,49,29,78,h,Warrick 17' Jump Shot (10 PTS) (Dragic 3 AST),Made Shot,Jump Shot,0,0
147,162,PT08M12.00S,2,1610612746,LAC,101155,Gomes,R. Gomes,198,151,25,Made,1,49,32,81,v,Gomes 25' 3PT Jump Shot (8 PTS),Made Shot,Jump Shot,0,0
148,163,PT07M59.00S,2,1610612756,PHX,101124,Warrick,H. Warrick,7,20,2,Missed,1,0,0,0,h,MISS Warrick 2' Alley Oop Layup,Missed Shot,Alley Oop Layup shot,0,0
149,164,PT07M56.00S,2,1610612746,LAC,101155,Gomes,R. Gomes,0,0,0,,0,0,0,0,v,Gomes REBOUND (Off:0 Def:1),Rebound,Unknown,0,0
150,165,PT07M55.00S,2,1610612746,LAC,202378,Warren,W. Warren,0,0,0,,0,0,0,0,v,Warren Bad Pass Turnover (P1.T8),Turnover,Bad Pass,0,0
151,165,PT07M55.00S,2,1610612756,PHX,201162,Dudley,J. Dudley,0,0,0,,0,0,0,0,h,Dudley STEAL (2 STL),,,0,0
152,166,PT07M52.00S,2,1610612756,PHX,101124,Warrick,H. Warrick,9,0,1,Made,1,51,32,83,h,Warrick 1' Layup (12 PTS) (Childress 1 AST),Made Shot,Layup Shot,0,0
153,167,PT07M23.00S,2,1610612746,LAC,2567,Cook,B. Cook,-160,142,21,Made,1,51,34,85,v,Cook 21' Jump Shot (5 PTS) (Smith 2 AST),Made Shot,Jump Shot,0,0
154,168,PT07M03.00S,2,1610612756,PHX,201609,Dragic,G. Dragic,9,6,1,Made,1,53,34,87,h,Dragic 1' Driving Layup (5 PTS),Made Shot,Driving Layup Shot,0,0
155,169,PT06M42.00S,2,1610612746,LAC,200783,Smith,C. Smith,2,56,6,Missed,1,0,0,0,v,MISS Smith 6' Jump Shot,Missed Shot,Jump Shot,0,0
156,170,PT06M42.00S,2,0,,1610612746,,,0,0,0,,0,0,0,0,v,Clippers Rebound,Rebound,Unknown,0,0
157,171,PT06M42.00S,2,0,,0,,,0,0,0,,0,0,0,0,,Timeout: Official,Timeout,Official,0,0
158,174,PT06M42.00S,2,1610612756,PHX,2853,Barron,E. Barron,0,0,0,,0,0,0,0,h,SUB: Turkoglu FOR Barron,Substitution,,0,0
159,175,PT06M42.00S,2,1610612746,LAC,200783,Smith,C. Smith,0,0,0,,0,0,0,0,v,SUB: Bledsoe FOR Smith,Substitution,,0,0
160,176,PT06M42.00S,2,1610612746,LAC,2446,Butler,R. Butler,0,0,0,,0,0,0,0,v,SUB: Griffin FOR Butler,Substitution,,0,0
161,177,PT06M42.00S,2,1610612746,LAC,202378,Warren,W. Warren,0,0,0,,0,0,0,0,v,SUB: Gordon FOR Warren,Substitution,,0,0
162,178,PT06M21.00S,2,1610612746,LAC,201933,Griffin,B. Griffin,80,25,8,Made,1,53,36,89,v,Griffin 8' Jump Bank Shot (4 PTS),Made Shot,Jump Bank Shot,0,0
163,179,PT05M59.00S,2,1610612746,LAC,101155,Gomes,R. Gomes,0,0,0,,0,0,0,0,v,Gomes S.FOUL (P1.T3),Foul,Shooting,0,0
164,180,PT05M59.00S,2,0,,1610612756,,,0,0,0,,0,0,0,0,h,SUNS Timeout: Regular (Full 1 Short 0),Timeout,Regular,0,0
165,184,PT05M59.00S,2,1610612756,PHX,101124,Warrick,H. Warrick,0,0,0,,0,54,36,90,h,Warrick Free Throw 1 of 2 (13 PTS),Free Throw,Free Throw 1 of 2,0,0
166,186,PT05M59.00S,2,1610612756,PHX,101124,Warrick,H. Warrick,0,0,0,,0,55,36,91,h,Warrick Free Throw 2 of 2 (14 PTS),Free Throw,Free Throw 2 of 2,0,0
167,188,PT05M46.00S,2,1610612746,LAC,201933,Griffin,B. Griffin,-52,71,9,Missed,1,0,0,0,v,MISS Griffin 9' Turnaround Jump Shot,Missed Shot,Turnaround Jump Shot,0,0
168,189,PT05M43.00S,2,1610612756,PHX,201162,Dudley,J. Dudley,0,0,0,,0,0,0,0,h,Dudley REBOUND (Off:0 Def:1),Rebound,Unknown,0,0
169,190,PT05M26.00S,2,1610612756,PHX,101124,Warrick,H. Warrick,-4,3,1,Made,1,57,36,93,h,Warrick 1' Dunk (16 PTS) (Childress 2 AST),Made Shot,Dunk Shot,0,0
170,191,PT04M59.00S,2,1610612746,LAC,201569,Gordon,E. Gordon,-41,22,5,Made,1,57,38,95,v,Gordon 5' Jump Shot (9 PTS),Made Shot,Jump Shot,0,0
171,192,PT04M43.00S,2,1610612756,PHX,201609,Dragic,G. Dragic,-37,34,5,Missed,1,0,0,0,h,MISS Dragic 5' Jump Shot,Missed Shot,Jump Shot,0,0
172,192,PT04M43.00S,2,1610612746,LAC,202339,Bledsoe,E. Bledsoe,0,0,0,,0,0,0,0,v,Bledsoe BLOCK (1 BLK),,,0,0
173,193,PT04M43.00S,2,0,,1610612756,,,0,0,0,,0,0,0,0,h,SUNS Rebound,Rebound,Unknown,0,0
174,194,PT04M43.00S,2,1610612756,PHX,201162,Dudley,J. Dudley,0,0,0,,0,0,0,0,h,SUB: Hill FOR Dudley,Substitution,,0,0
175,195,PT04M43.00S,2,1610612756,PHX,2735,Childress,J. Childress,0,0,0,,0,0,0,0,h,SUB: Richardson FOR Childress,Substitution,,0,0
176,196,PT04M30.00S,2,1610612756,PHX,2202,Richardson,J. Richardson,130,123,18,Missed,1,0,0,0,h,MISS Richardson 18' Jump Shot,Missed Shot,Jump Shot,0,0
177,197,PT04M28.00S,2,1610612746,LAC,2567,Cook,B. Cook,0,0,0,,0,0,0,0,v,Cook REBOUND (Off:0 Def:3),Rebound,Unknown,0,0
178,198,PT04M22.00S,2,1610612746,LAC,101155,Gomes,R. Gomes,-171,71,19,Made,1,57,40,97,v,Gomes 19' Jump Shot (10 PTS),Made Shot,Jump Shot,0,0
179,199,PT04M02.00S,2,1610612756,PHX,201609,Dragic,G. Dragic,1,176,18,Missed,1,0,0,0,h,MISS Dragic 18' Jump Shot,Missed Shot,Jump Shot,0,0
180,200,PT04M00.00S,2,1610612746,LAC,201933,Griffin,B. Griffin,0,0,0,,0,0,0,0,v,Griffin REBOUND (Off:0 Def:7),Rebound,Unknown,0,0
181,201,PT03M58.00S,2,1610612746,LAC,2567,Cook,B. Cook,-15,1,2,Made,1,57,42,99,v,Cook 2' Layup (7 PTS) (Griffin 1 AST),Made Shot,Layup Shot,0,0
182,202,PT03M58.00S,2,1610612756,PHX,2202,Richardson,J. Richardson,0,0,0,,0,0,0,0,h,Richardson S.FOUL (P1.T1),Foul,Shooting,0,0
183,203,PT03M58.00S,2,1610612746,LAC,2567,Cook,B. Cook,0,0,0,,0,0,0,0,v,MISS Cook Free Throw 1 of 1,Free Throw,Free Throw 1 of 1,0,0
184,205,PT03M56.00S,2,1610612756,PHX,101124,Warrick,H. Warrick,0,0,0,,0,0,0,0,h,Warrick REBOUND (Off:1 Def:4),Rebound,Unknown,0,0
185,206,PT03M43.00S,2,1610612756,PHX,201609,Dragic,G. Dragic,-16,7,2,Made,1,59,42,101,h,Dragic 2' Layup (7 PTS) (Turkoglu 1 AST),Made Shot,Layup Shot,0,0
186,207,PT03M35.00S,2,1610612746,LAC,101155,Gomes,R. Gomes,-202,134,24,Made,1,59,45,104,v,Gomes 24' 3PT Jump Shot (13 PTS) (Bledsoe 1 AST),Made Shot,Jump Shot,0,0
187,208,PT03M25.00S,2,1610612756,PHX,2045,Turkoglu,H. Turkoglu,7,69,7,Missed,1,0,0,0,h,MISS Turkoglu 7' Jump Shot,Missed Shot,Jump Shot,0,0
188,208,PT03M25.00S,2,1610612746,LAC,2567,Cook,B. Cook,0,0,0,,0,0,0,0,v,Cook BLOCK (1 BLK),,,0,0
189,209,PT03M23.00S,2,1610612746,LAC,201933,Griffin,B. Griffin,0,0,0,,0,0,0,0,v,Griffin REBOUND (Off:0 Def:8),Rebound,Unknown,0,0
190,211,PT03M19.00S,2,1610612756,PHX,201609,Dragic,G. Dragic,0,0,0,,0,0,0,0,h,SUB: Nash FOR Dragic,Substitution,,0,0
191,212,PT03M19.00S,2,0,,1610612746,,,0,0,0,,0,0,0,0,v,Clippers Timeout: Regular (Reg.3 Short 0),Timeout,Regular,0,0
192,215,PT03M19.00S,2,1610612756,PHX,101124,Warrick,H. Warrick,0,0,0,,0,0,0,0,h,SUB: Frye FOR Warrick,Substitution,,0,0
193,216,PT03M19.00S,2,1610612746,LAC,202339,Bledsoe,E. Bledsoe,0,0,0,,0,0,0,0,v,SUB: Butler FOR Bledsoe,Substitution,,0,0
194,217,PT03M13.00S,2,1610612746,LAC,201569,Gordon,E. Gordon,92,187,21,Missed,1,0,0,0,v,MISS Gordon 21' Jump Shot,Missed Shot,Jump Shot,0,0
195,218,PT03M11.00S,2,1610612756,PHX,2202,Richardson,J. Richardson,0,0,0,,0,0,0,0,h,Richardson REBOUND (Off:1 Def:2),Rebound,Unknown,0,0
196,219,PT03M02.00S,2,1610612756,PHX,2202,Richardson,J. Richardson,10,7,1,Made,1,61,45,106,h,Richardson 1' Slam Dunk (19 PTS) (Turkoglu 2 AST),Made Shot,Slam Dunk Shot,0,0
197,220,PT02M42.00S,2,1610612746,LAC,201933,Griffin,B. Griffin,-139,55,15,Made,1,61,47,108,v,Griffin 15' Jump Bank Shot (6 PTS),Made Shot,Jump Bank Shot,0,0
198,221,PT02M27.00S,2,1610612756,PHX,255,Hill,G. Hill,17,4,2,Made,1,63,47,110,h,Hill 2' Driving Layup (9 PTS),Made Shot,Driving Layup Shot,0,0
199,222,PT02M09.00S,2,1610612746,LAC,201933,Griffin,B. Griffin,-142,71,16,Missed,1,0,0,0,v,MISS Griffin 16' Jump Bank Shot,Missed Shot,Jump Bank Shot,0,0
200,223,PT02M06.00S,2,1610612756,PHX,959,Nash,S. Nash,0,0,0,,0,0,0,0,h,Nash REBOUND (Off:0 Def:2),Rebound,Unknown,0,0
201,224,PT01M54.00S,2,1610612746,LAC,2567,Cook,B. Cook,0,0,0,,0,0,0,0,v,Cook S.FOUL (P2.T4),Foul,Shooting,0,0
202,225,PT01M54.00S,2,1610612756,PHX,255,Hill,G. Hill,0,0,0,,0,0,0,0,h,MISS Hill Free Throw 1 of 2,Free Throw,Free Throw 1 of 2,0,0
203,226,PT01M54.00S,2,0,,1610612756,,,0,0,0,,0,0,0,0,h,SUNS Rebound,Rebound,Normal Rebound,0,0
204,227,PT01M54.00S,2,1610612756,PHX,255,Hill,G. Hill,0,0,0,,0,64,47,111,h,Hill Free Throw 2 of 2 (10 PTS),Free Throw,Free Throw 2 of 2,0,0
205,229,PT01M37.00S,2,1610612746,LAC,101155,Gomes,R. Gomes,236,-3,24,Missed,1,0,0,0,v,MISS Gomes 24' 3PT Jump Shot,Missed Shot,Jump Shot,0,0
206,230,PT01M37.00S,2,0,,1610612746,,,0,0,0,,0,0,0,0,v,Clippers Rebound,Rebound,Unknown,0,0
207,231,PT01M37.00S,2,1610612756,PHX,101112,Frye,C. Frye,0,0,0,,0,0,0,0,h,Frye P.FOUL (P2.T2),Foul,Personal,0,0
208,232,PT01M19.00S,2,1610612746,LAC,201933,Griffin,B. Griffin,-48,20,5,Made,1,64,49,113,v,Griffin 5' Turnaround Bank Shot (8 PTS),Made Shot,Turnaround Bank shot,0,0
209,233,PT01M04.00S,2,1610612756,PHX,959,Nash,S. Nash,0,0,0,,0,0,0,0,h,Nash Backcourt Turnover (P1.T2),Turnover,Backcourt Turnover,0,0
210,234,PT01M04.00S,2,1610612756,PHX,101112,Frye,C. Frye,0,0,0,,0,0,0,0,h,SUB: Warrick FOR Frye,Substitution,,0,0
211,235,PT00M39.90S,2,1610612746,LAC,101155,Gomes,R. Gomes,-166,-3,17,Missed,1,0,0,0,v,MISS Gomes 17' Turnaround Jump Shot,Missed Shot,Turnaround Jump Shot,0,0
212,236,PT00M37.60S,2,1610612756,PHX,2202,Richardson,J. Richardson,0,0,0,,0,0,0,0,h,Richardson REBOUND (Off:1 Def:3),Rebound,Unknown,0,0
213,238,PT00M32.60S,2,1610612746,LAC,201933,Griffin,B. Griffin,0,0,0,,0,0,0,0,v,SUB: Smith FOR Griffin,Substitution,,0,0
214,239,PT00M24.40S,2,1610612756,PHX,2202,Richardson,J. Richardson,196,160,25,Made,1,67,49,116,h,Richardson 25' 3PT Jump Shot (22 PTS) (Hill 5 AST),Made Shot,Jump Shot,0,0
215,240,PT00M18.60S,2,0,,1610612746,,,0,0,0,,0,0,0,0,v,Clippers Timeout: Short (Reg.3 Short 1),Timeout,Short,0,0
216,242,PT00M18.60S,2,1610612756,PHX,2045,Turkoglu,H. Turkoglu,0,0,0,,0,0,0,0,h,SUB: Dudley FOR Turkoglu,Substitution,,0,0
217,243,PT00M18.60S,2,1610612756,PHX,959,Nash,S. Nash,0,0,0,,0,0,0,0,h,SUB: Childress FOR Nash,Substitution,,0,0
218,245,PT00M03.80S,2,1610612746,LAC,201569,Gordon,E. Gordon,-16,67,7,Made,1,67,51,118,v,Gordon 7' Running Jump Shot (11 PTS),Made Shot,Running Jump Shot,0,0
219,246,PT00M00.10S,2,1610612756,PHX,255,Hill,G. Hill,67,495,50,Missed,1,0,0,0,h,MISS Hill 50' 3PT Jump Shot,Missed Shot,Jump Shot,0,0
220,248,PT00M00.00S,2,0,,1610612756,,,0,0,0,,0,0,0,0,h,SUNS Rebound,Rebound,Unknown,0,0
221,247,PT00M00.00S,2,0,,0,,,0,0,0,,0,67,51,118,,End of 2nd Period (10:09 PM EST),period,end,0,0
222,250,PT12M00.00S,3,0,,0,,,0,0,0,,0,67,51,118,,Start of 3rd Period (10:25 PM EST),period,start,0,0
223,251,PT11M46.00S,3,1610612756,PHX,2202,Richardson,J. Richardson,138,162,21,Missed,1,0,0,0,h,MISS Richardson 21' Jump Shot,Missed Shot,Jump Shot,0,0
224,252,PT11M44.00S,3,1610612746,LAC,201599,Jordan,D. Jordan,0,0,0,,0,0,0,0,v,Jordan REBOUND (Off:0 Def:1),Rebound,Unknown,0,0
225,253,PT11M21.00S,3,1610612746,LAC,201569,Gordon,E. Gordon,-171,249,30,Missed,1,0,0,0,v,MISS Gordon 30' 3PT Jump Shot,Missed Shot,Jump Shot,0,0
226,254,PT11M19.00S,3,1610612756,PHX,255,Hill,G. Hill,0,0,0,,0,0,0,0,h,Hill REBOUND (Off:0 Def:2),Rebound,Unknown,0,0
227,255,PT11M11.00S,3,1610612756,PHX,101112,Frye,C. Frye,-158,194,25,Missed,1,0,0,0,h,MISS Frye 25' 3PT Jump Shot,Missed Shot,Jump Shot,0,0
228,256,PT11M09.00S,3,1610612746,LAC,202378,Warren,W. Warren,0,0,0,,0,0,0,0,v,Warren REBOUND (Off:0 Def:1),Rebound,Unknown,0,0
229,257,PT10M58.00S,3,1610612746,LAC,201569,Gordon,E. Gordon,-166,67,18,Made,1,67,53,120,v,Gordon 18' Jump Shot (13 PTS),Made Shot,Jump Shot,0,0
230,258,PT10M43.00S,3,1610612756,PHX,2202,Richardson,J. Richardson,80,23,8,Missed,1,0,0,0,h,MISS Richardson 8' Turnaround Jump Shot,Missed Shot,Turnaround Jump Shot,0,0
231,259,PT10M40.00S,3,1610612746,LAC,202329,Aminu,A. Aminu,0,0,0,,0,0,0,0,v,Aminu REBOUND (Off:0 Def:1),Rebound,Unknown,0,0
232,260,PT10M17.00S,3,1610612746,LAC,201569,Gordon,E. Gordon,-75,28,8,Missed,1,0,0,0,v,MISS Gordon 8' Running Jump Shot,Missed Shot,Running Jump Shot,0,0
233,261,PT10M14.00S,3,1610612756,PHX,2202,Richardson,J. Richardson,0,0,0,,0,0,0,0,h,Richardson REBOUND (Off:1 Def:4),Rebound,Unknown,0,0
234,262,PT10M00.00S,3,1610612756,PHX,959,Nash,S. Nash,37,89,10,Missed,1,0,0,0,h,MISS Nash 10' Jump Shot,Missed Shot,Jump Shot,0,0
235,264,PT09M57.00S,3,1610612756,PHX,101112,Frye,C. Frye,0,0,0,,0,0,0,0,h,Frye REBOUND (Off:1 Def:3),Rebound,Unknown,0,0
236,263,PT09M57.00S,3,1610612756,PHX,101112,Frye,C. Frye,0,1,0,Missed,1,0,0,0,h,MISS Frye  Tip Shot,Missed Shot,Tip Shot,0,0
237,265,PT09M55.00S,3,1610612746,LAC,201599,Jordan,D. Jordan,0,0,0,,0,0,0,0,v,Jordan REBOUND (Off:0 Def:2),Rebound,Unknown,0,0
238,266,PT09M53.00S,3,1610612746,LAC,201933,Griffin,B. Griffin,0,4,0,Made,1,67,55,122,v,Griffin  Layup (10 PTS) (Jordan 1 AST),Made Shot,Layup Shot,0,0
239,267,PT09M42.00S,3,1610612756,PHX,2045,Turkoglu,H. Turkoglu,6,-3,1,Missed,1,0,0,0,h,MISS Turkoglu 1' Layup,Missed Shot,Layup Shot,0,0
240,268,PT09M38.00S,3,1610612746,LAC,201933,Griffin,B. Griffin,0,0,0,,0,0,0,0,v,Griffin REBOUND (Off:0 Def:9),Rebound,Unknown,0,0
241,269,PT09M34.00S,3,1610612746,LAC,202329,Aminu,A. Aminu,34,0,3,Missed,1,0,0,0,v,MISS Aminu 3' Jump Shot,Missed Shot,Jump Shot,0,0
242,269,PT09M34.00S,3,1610612756,PHX,101112,Frye,C. Frye,0,0,0,,0,0,0,0,h,Frye BLOCK (1 BLK),,,0,0
243,271,PT09M34.00S,3,1610612746,LAC,201569,Gordon,E. Gordon,0,0,0,,0,0,0,0,v,Gordon REBOUND (Off:2 Def:0),Rebound,Unknown,0,0
244,270,PT09M34.00S,3,1610612746,LAC,201569,Gordon,E. Gordon,-4,0,0,Made,1,67,57,124,v,Gordon  Layup (15 PTS),Made Shot,Layup Shot,0,0
245,272,PT09M34.00S,3,1610612756,PHX,2045,Turkoglu,H. Turkoglu,0,0,0,,0,0,0,0,h,Turkoglu S.FOUL (P3.T1),Foul,Shooting,0,0
246,273,PT09M34.00S,3,1610612746,LAC,201569,Gordon,E. Gordon,0,0,0,,0,67,58,125,v,Gordon Free Throw 1 of 1 (16 PTS),Free Throw,Free Throw 1 of 1,0,0
247,275,PT09M31.00S,3,0,,1610612756,,,0,0,0,,0,0,0,0,h,SUNS Timeout: Regular (Full 2 Short 0),Timeout,Regular,0,0
248,279,PT09M13.00S,3,1610612756,PHX,101112,Frye,C. Frye,0,0,0,,0,0,0,0,h,Frye Bad Pass Turnover (P1.T3),Turnover,Bad Pass,0,0
249,279,PT09M13.00S,3,1610612746,LAC,201569,Gordon,E. Gordon,0,0,0,,0,0,0,0,v,Gordon STEAL (1 STL),,,0,0
250,280,PT09M11.00S,3,1610612756,PHX,2045,Turkoglu,H. Turkoglu,0,0,0,,0,0,0,0,h,Turkoglu S.FOUL (P4.T2),Foul,Shooting,0,0
251,281,PT09M11.00S,3,1610612756,PHX,2045,Turkoglu,H. Turkoglu,0,0,0,,0,0,0,0,h,SUB: Warrick FOR Turkoglu,Substitution,,0,0
252,282,PT09M11.00S,3,1610612746,LAC,201569,Gordon,E. Gordon,0,0,0,,0,67,59,126,v,Gordon Free Throw 1 of 2 (17 PTS),Free Throw,Free Throw 1 of 2,0,0
253,284,PT09M11.00S,3,1610612746,LAC,201569,Gordon,E. Gordon,0,0,0,,0,67,60,127,v,Gordon Free Throw 2 of 2 (18 PTS),Free Throw,Free Throw 2 of 2,0,0
254,286,PT08M47.00S,3,1610612756,PHX,101112,Frye,C. Frye,-168,-2,17,Missed,1,0,0,0,h,MISS Frye 17' Jump Shot,Missed Shot,Jump Shot,0,0
255,287,PT08M45.00S,3,1610612746,LAC,202329,Aminu,A. Aminu,0,0,0,,0,0,0,0,v,Aminu REBOUND (Off:0 Def:2),Rebound,Unknown,0,0
256,288,PT08M39.00S,3,1610612746,LAC,202378,Warren,W. Warren,0,0,0,,0,0,0,0,v,Warren Bad Pass Turnover (P2.T9),Turnover,Bad Pass,0,0
257,288,PT08M39.00S,3,1610612756,PHX,101124,Warrick,H. Warrick,0,0,0,,0,0,0,0,h,Warrick STEAL (1 STL),,,0,0
258,289,PT08M29.00S,3,1610612756,PHX,101112,Frye,C. Frye,163,183,25,Made,1,70,60,130,h,Frye 25' 3PT Jump Shot (6 PTS) (Nash 6 AST),Made Shot,Jump Shot,0,0
259,290,PT08M13.00S,3,1610612746,LAC,201569,Gordon,E. Gordon,-182,183,26,Made,1,70,63,133,v,Gordon 26' 3PT Jump Shot (21 PTS),Made Shot,Jump Shot,0,0
260,291,PT08M02.00S,3,1610612756,PHX,255,Hill,G. Hill,1,153,15,Made,1,72,63,135,h,Hill 15' Jump Shot (12 PTS) (Nash 7 AST),Made Shot,Jump Shot,0,0
261,292,PT07M48.00S,3,1610612746,LAC,201569,Gordon,E. Gordon,-16,15,2,Missed,1,0,0,0,v,MISS Gordon 2' Layup,Missed Shot,Layup Shot,0,0
262,292,PT07M48.00S,3,1610612756,PHX,101112,Frye,C. Frye,0,0,0,,0,0,0,0,h,Frye BLOCK (2 BLK),,,0,0
263,293,PT07M48.00S,3,0,,1610612746,,,0,0,0,,0,0,0,0,v,Clippers Rebound,Rebound,Unknown,0,0
264,294,PT07M46.00S,3,1610612746,LAC,202329,Aminu,A. Aminu,0,0,0,,0,0,0,0,v,Aminu Bad Pass Turnover (P2.T10),Turnover,Bad Pass,0,0
265,294,PT07M46.00S,3,1610612756,PHX,255,Hill,G. Hill,0,0,0,,0,0,0,0,h,Hill STEAL (2 STL),,,0,0
266,295,PT07M43.00S,3,1610612746,LAC,202378,Warren,W. Warren,0,0,0,,0,0,0,0,v,Warren S.FOUL (P2.T1),Foul,Shooting,0,0
267,296,PT07M43.00S,3,1610612756,PHX,959,Nash,S. Nash,0,0,0,,0,0,0,0,h,MISS Nash Free Throw 1 of 2,Free Throw,Free Throw 1 of 2,0,0
268,297,PT07M43.00S,3,0,,1610612756,,,0,0,0,,0,0,0,0,h,SUNS Rebound,Rebound,Normal Rebound,0,0
269,298,PT07M43.00S,3,1610612756,PHX,959,Nash,S. Nash,0,0,0,,0,73,63,136,h,Nash Free Throw 2 of 2 (3 PTS),Free Throw,Free Throw 2 of 2,0,0
270,300,PT07M32.00S,3,1610612746,LAC,201569,Gordon,E. Gordon,0,0,0,,0,0,0,0,v,Gordon Bad Pass Turnover (P2.T11),Turnover,Bad Pass,0,0
271,300,PT07M32.00S,3,1610612756,PHX,101112,Frye,C. Frye,0,0,0,,0,0,0,0,h,Frye STEAL (1 STL),,,0,0
272,301,PT07M28.00S,3,1610612756,PHX,101112,Frye,C. Frye,0,0,0,,0,0,0,0,h,Frye Bad Pass Turnover (P2.T4),Turnover,Bad Pass,0,0
273,301,PT07M28.00S,3,1610612746,LAC,202378,Warren,W. Warren,0,0,0,,0,0,0,0,v,Warren STEAL (1 STL),,,0,0
274,302,PT07M21.00S,3,1610612746,LAC,202329,Aminu,A. Aminu,-207,138,25,Made,1,73,66,139,v,Aminu 25' 3PT Jump Shot (3 PTS) (Gordon 3 AST),Made Shot,Jump Shot,0,0
275,303,PT07M17.00S,3,0,,1610612756,,,0,0,0,,0,0,0,0,h,SUNS Timeout: Regular (Full 3 Short 0),Timeout,Regular,0,0
276,305,PT07M17.00S,3,0,,290,,,0,0,0,,0,0,0,0,,Support Ruling,Instant Replay,Support Ruling,0,0
277,309,PT07M10.00S,3,1610612746,LAC,202378,Warren,W. Warren,0,0,0,,0,0,0,0,v,Warren P.FOUL (P3.T2),Foul,Personal,0,0
278,310,PT06M56.00S,3,1610612756,PHX,959,Nash,S. Nash,0,0,0,,0,0,0,0,h,Nash 3 Second Violation Turnover (P2.T5),Turnover,3 Second Violation,0,0
279,311,PT06M43.00S,3,1610612746,LAC,202378,Warren,W. Warren,-232,-13,0,Made,1,73,69,142,v,Warren  3PT Jump Shot (3 PTS) (Gordon 4 AST),Made Shot,Jump Shot,0,0
280,312,PT06M27.00S,3,1610612756,PHX,101124,Warrick,H. Warrick,29,83,9,Missed,1,0,0,0,h,MISS Warrick 9' Jump Shot,Missed Shot,Jump Shot,0,0
281,312,PT06M27.00S,3,1610612746,LAC,202329,Aminu,A. Aminu,0,0,0,,0,0,0,0,v,Aminu BLOCK (1 BLK),,,0,0
282,313,PT06M24.00S,3,1610612746,LAC,201569,Gordon,E. Gordon,0,0,0,,0,0,0,0,v,Gordon REBOUND (Off:2 Def:1),Rebound,Unknown,0,0
283,314,PT06M13.00S,3,1610612756,PHX,101124,Warrick,H. Warrick,0,0,0,,0,0,0,0,h,Warrick P.FOUL (P2.T3),Foul,Personal,0,0
284,315,PT06M02.00S,3,1610612746,LAC,201569,Gordon,E. Gordon,0,0,0,,0,0,0,0,v,Gordon Lost Ball Turnover (P3.T12),Turnover,Lost Ball,0,0
285,315,PT06M02.00S,3,1610612756,PHX,101112,Frye,C. Frye,0,0,0,,0,0,0,0,h,Frye STEAL (2 STL),,,0,0
286,316,PT05M57.00S,3,1610612756,PHX,2202,Richardson,J. Richardson,-11,7,1,Made,1,75,69,144,h,Richardson 1' Reverse Layup (24 PTS) (Nash 8 AST),Made Shot,Reverse Layup Shot,0,0
287,317,PT05M30.00S,3,1610612746,LAC,202378,Warren,W. Warren,34,91,10,Made,1,75,71,146,v,Warren 10' Running Bank Shot (5 PTS),Made Shot,Running Bank shot,0,0
288,318,PT05M21.00S,3,1610612746,LAC,202378,Warren,W. Warren,0,0,0,,0,0,0,0,v,Warren S.FOUL (P4.T3),Foul,Shooting,0,0
289,319,PT05M21.00S,3,1610612756,PHX,101124,Warrick,H. Warrick,0,0,0,,0,76,71,147,h,Warrick Free Throw 1 of 2 (17 PTS),Free Throw,Free Throw 1 of 2,0,0
290,321,PT05M21.00S,3,1610612756,PHX,101124,Warrick,H. Warrick,0,0,0,,0,0,0,0,h,MISS Warrick Free Throw 2 of 2,Free Throw,Free Throw 2 of 2,0,0
291,323,PT05M20.00S,3,1610612746,LAC,201933,Griffin,B. Griffin,0,0,0,,0,0,0,0,v,Griffin REBOUND (Off:0 Def:10),Rebound,Unknown,0,0
292,324,PT05M06.00S,3,1610612746,LAC,201933,Griffin,B. Griffin,-161,53,17,Missed,1,0,0,0,v,MISS Griffin 17' Jump Bank Shot,Missed Shot,Jump Bank Shot,0,0
293,325,PT05M03.00S,3,1610612756,PHX,959,Nash,S. Nash,0,0,0,,0,0,0,0,h,Nash REBOUND (Off:0 Def:3),Rebound,Unknown,0,0
294,326,PT04M54.00S,3,1610612756,PHX,101112,Frye,C. Frye,209,137,25,Made,1,79,71,150,h,Frye 25' 3PT Jump Shot (9 PTS),Made Shot,Jump Shot,0,0
295,327,PT04M38.00S,3,1610612746,LAC,202378,Warren,W. Warren,-193,149,24,Missed,1,0,0,0,v,MISS Warren 24' 3PT Jump Shot,Missed Shot,Jump Shot,0,0
296,328,PT04M36.00S,3,1610612756,PHX,255,Hill,G. Hill,0,0,0,,0,0,0,0,h,Hill REBOUND (Off:0 Def:3),Rebound,Unknown,0,0
297,329,PT04M20.00S,3,1610612756,PHX,101124,Warrick,H. Warrick,-2,14,1,Made,1,81,71,152,h,Warrick 1' Layup (19 PTS),Made Shot,Layup Shot,0,0
298,330,PT04M13.00S,3,1610612746,LAC,201569,Gordon,E. Gordon,0,0,0,,0,0,0,0,v,Gordon Traveling Turnover (P4.T13),Turnover,Traveling,0,0
299,331,PT04M13.00S,3,1610612746,LAC,201599,Jordan,D. Jordan,0,0,0,,0,0,0,0,v,SUB: Cook FOR Jordan,Substitution,,0,0
300,332,PT04M03.00S,3,1610612746,LAC,202329,Aminu,A. Aminu,0,0,0,,0,0,0,0,v,Clippers T.Foul (Def. 3 Sec Aminu ),Foul,Defense 3 Second,0,0
301,333,PT04M03.00S,3,1610612756,PHX,959,Nash,S. Nash,0,0,0,,0,82,71,153,h,Nash Free Throw Technical (4 PTS),Free Throw,Free Throw Technical,0,0
302,335,PT04M03.00S,3,1610612746,LAC,202329,Aminu,A. Aminu,0,0,0,,0,0,0,0,v,SUB: Gomes FOR Aminu,Substitution,,0,0
303,336,PT03M51.00S,3,1610612756,PHX,101112,Frye,C. Frye,184,168,25,Made,1,85,71,156,h,Frye 25' 3PT Jump Shot (12 PTS) (Nash 9 AST),Made Shot,Jump Shot,0,0
304,337,PT03M31.00S,3,1610612756,PHX,101124,Warrick,H. Warrick,0,0,0,,0,0,0,0,h,Warrick S.FOUL (P3.T4),Foul,Shooting,0,0
305,338,PT03M31.00S,3,1610612746,LAC,201933,Griffin,B. Griffin,0,0,0,,0,0,0,0,v,MISS Griffin Free Throw 1 of 2,Free Throw,Free Throw 1 of 2,0,0
306,339,PT03M31.00S,3,0,,1610612746,,,0,0,0,,0,0,0,0,v,Clippers Rebound,Rebound,Normal Rebound,0,0
307,340,PT03M31.00S,3,1610612746,LAC,201933,Griffin,B. Griffin,0,0,0,,0,85,72,157,v,Griffin Free Throw 2 of 2 (11 PTS),Free Throw,Free Throw 2 of 2,0,0
308,342,PT03M18.00S,3,1610612756,PHX,959,Nash,S. Nash,193,164,25,Made,1,88,72,160,h,Nash 25' 3PT Jump Shot (7 PTS),Made Shot,Jump Shot,0,0
309,343,PT03M03.00S,3,1610612746,LAC,2567,Cook,B. Cook,-163,186,25,Made,1,88,75,163,v,Cook 25' 3PT Jump Shot (10 PTS) (Gordon 5 AST),Made Shot,Jump Shot,0,0
310,344,PT02M48.00S,3,1610612746,LAC,101155,Gomes,R. Gomes,0,0,0,,0,0,0,0,v,Gomes S.FOUL (P2.T4),Foul,Shooting,0,0
311,345,PT02M48.00S,3,1610612746,LAC,202378,Warren,W. Warren,0,0,0,,0,0,0,0,v,SUB: Butler FOR Warren,Substitution,,0,0
312,346,PT02M48.00S,3,1610612746,LAC,201933,Griffin,B. Griffin,0,0,0,,0,0,0,0,v,SUB: Smith FOR Griffin,Substitution,,0,0
313,347,PT02M48.00S,3,1610612756,PHX,101124,Warrick,H. Warrick,0,0,0,,0,89,75,164,h,Warrick Free Throw 1 of 2 (20 PTS),Free Throw,Free Throw 1 of 2,0,0
314,349,PT02M48.00S,3,1610612756,PHX,255,Hill,G. Hill,0,0,0,,0,0,0,0,h,SUB: Dudley FOR Hill,Substitution,,0,0
315,350,PT02M48.00S,3,1610612756,PHX,101124,Warrick,H. Warrick,0,0,0,,0,90,75,165,h,Warrick Free Throw 2 of 2 (21 PTS),Free Throw,Free Throw 2 of 2,0,0
316,352,PT02M32.00S,3,1610612746,LAC,2567,Cook,B. Cook,176,181,25,Made,1,90,78,168,v,Cook 25' 3PT Jump Shot (13 PTS) (Butler 1 AST),Made Shot,Jump Shot,0,0
317,353,PT02M17.00S,3,1610612756,PHX,959,Nash,S. Nash,56,25,6,Made,1,92,78,170,h,Nash 6' Jump Bank Shot (9 PTS),Made Shot,Jump Bank Shot,0,0
318,354,PT02M17.00S,3,1610612746,LAC,2567,Cook,B. Cook,0,0,0,,0,0,0,0,v,Cook S.FOUL (P3.PN),Foul,Shooting,0,0
319,355,PT02M17.00S,3,1610612756,PHX,959,Nash,S. Nash,0,0,0,,0,93,78,171,h,Nash Free Throw 1 of 1 (10 PTS),Free Throw,Free Throw 1 of 1,0,0
320,357,PT02M02.00S,3,1610612746,LAC,101155,Gomes,R. Gomes,77,186,20,Made,1,93,80,173,v,Gomes 20' Jump Shot (15 PTS) (Smith 3 AST),Made Shot,Jump Shot,0,0
321,358,PT01M37.00S,3,1610612756,PHX,2202,Richardson,J. Richardson,10,3,1,Made,1,95,80,175,h,Richardson 1' Driving Layup (26 PTS),Made Shot,Driving Layup Shot,0,0
322,359,PT01M31.00S,3,1610612746,LAC,2446,Butler,R. Butler,0,0,0,,0,0,0,0,v,Butler Traveling Turnover (P1.T14),Turnover,Traveling,0,0
323,360,PT01M12.00S,3,1610612756,PHX,2202,Richardson,J. Richardson,6,0,1,Missed,1,0,0,0,h,MISS Richardson 1' Layup,Missed Shot,Layup Shot,0,0
324,361,PT01M10.00S,3,1610612746,LAC,101155,Gomes,R. Gomes,0,0,0,,0,0,0,0,v,Gomes REBOUND (Off:0 Def:2),Rebound,Unknown,0,0
325,362,PT00M57.90S,3,1610612746,LAC,200783,Smith,C. Smith,121,30,12,Missed,1,0,0,0,v,MISS Smith 12' Turnaround Jump Shot,Missed Shot,Turnaround Jump Shot,0,0
326,363,PT00M54.90S,3,1610612746,LAC,101155,Gomes,R. Gomes,0,0,0,,0,0,0,0,v,Gomes REBOUND (Off:1 Def:2),Rebound,Unknown,0,0
327,364,PT00M54.50S,3,1610612746,LAC,101155,Gomes,R. Gomes,12,4,1,Missed,1,0,0,0,v,MISS Gomes 1' Layup,Missed Shot,Layup Shot,0,0
328,365,PT00M51.90S,3,1610612756,PHX,2202,Richardson,J. Richardson,0,0,0,,0,0,0,0,h,Richardson REBOUND (Off:1 Def:5),Rebound,Unknown,0,0
329,366,PT00M46.70S,3,1610612756,PHX,2202,Richardson,J. Richardson,174,192,26,Made,1,98,80,178,h,Richardson 26' 3PT Jump Shot (29 PTS) (Nash 10 AST),Made Shot,Jump Shot,0,0
330,367,PT00M36.50S,3,1610612756,PHX,101112,Frye,C. Frye,0,0,0,,0,0,0,0,h,Frye S.FOUL (P3.PN),Foul,Shooting,0,0
331,368,PT00M36.50S,3,1610612756,PHX,959,Nash,S. Nash,0,0,0,,0,0,0,0,h,SUB: Dragic FOR Nash,Substitution,,0,0
332,369,PT00M36.50S,3,1610612746,LAC,201569,Gordon,E. Gordon,0,0,0,,0,0,0,0,v,MISS Gordon Free Throw 1 of 2,Free Throw,Free Throw 1 of 2,0,0
333,370,PT00M36.50S,3,0,,1610612746,,,0,0,0,,0,0,0,0,v,Clippers Rebound,Rebound,Normal Rebound,0,0
334,371,PT00M36.50S,3,1610612756,PHX,2202,Richardson,J. Richardson,0,0,0,,0,0,0,0,h,SUB: Childress FOR Richardson,Substitution,,0,0
335,372,PT00M36.50S,3,1610612746,LAC,201569,Gordon,E. Gordon,0,0,0,,0,98,81,179,v,Gordon Free Throw 2 of 2 (22 PTS),Free Throw,Free Throw 2 of 2,0,0
336,374,PT00M26.90S,3,1610612756,PHX,201162,Dudley,J. Dudley,99,184,21,Missed,1,0,0,0,h,MISS Dudley 21' Jump Shot,Missed Shot,Jump Shot,0,0
337,375,PT00M24.40S,3,1610612746,LAC,200783,Smith,C. Smith,0,0,0,,0,0,0,0,v,Smith REBOUND (Off:0 Def:2),Rebound,Unknown,0,0
338,376,PT00M07.80S,3,1610612746,LAC,200783,Smith,C. Smith,0,0,0,,0,0,0,0,v,Smith OFF.Foul (P2),Foul,Offensive,0,0
339,377,PT00M07.80S,3,1610612746,LAC,200783,Smith,C. Smith,0,0,0,,0,0,0,0,v,Smith Foul Turnover (P1.T15),Turnover,Foul,0,0
340,378,PT00M01.90S,3,1610612756,PHX,201609,Dragic,G. Dragic,0,0,0,,0,0,0,0,h,Dragic Bad Pass Turnover (P2.T6),Turnover,Bad Pass,0,0
341,378,PT00M01.90S,3,1610612746,LAC,201569,Gordon,E. Gordon,0,0,0,,0,0,0,0,v,Gordon STEAL (2 STL),,,0,0
342,379,PT00M00.10S,3,1610612746,LAC,201569,Gordon,E. Gordon,129,466,48,Missed,1,0,0,0,v,MISS Gordon 48' 3PT Jump Shot,Missed Shot,Jump Shot,0,0
343,381,PT00M00.00S,3,0,,1610612746,,,0,0,0,,0,0,0,0,v,Clippers Rebound,Rebound,Unknown,0,0
344,380,PT00M00.00S,3,0,,0,,,0,0,0,,0,98,81,179,,End of 3rd Period (10:51 PM EST),period,end,0,0
345,383,PT12M00.00S,4,0,,0,,,0,0,0,,0,98,81,179,,Start of 4th Period (10:54 PM EST),period,start,0,0
346,384,PT11M48.00S,4,1610612746,LAC,2567,Cook,B. Cook,113,225,25,Made,1,98,84,182,v,Cook 25' 3PT Jump Shot (16 PTS) (Warren 2 AST),Made Shot,Jump Shot,0,0
347,385,PT11M26.00S,4,1610612756,PHX,2853,Barron,E. Barron,102,165,19,Missed,1,0,0,0,h,MISS Barron 19' Jump Shot,Missed Shot,Jump Shot,0,0
348,386,PT11M24.00S,4,1610612746,LAC,2567,Cook,B. Cook,0,0,0,,0,0,0,0,v,Cook REBOUND (Off:0 Def:4),Rebound,Unknown,0,0
349,387,PT11M02.00S,4,1610612746,LAC,101155,Gomes,R. Gomes,-201,89,22,Missed,1,0,0,0,v,MISS Gomes 22' Jump Shot,Missed Shot,Jump Shot,0,0
350,388,PT11M00.00S,4,1610612746,LAC,2567,Cook,B. Cook,0,0,0,,0,0,0,0,v,Cook REBOUND (Off:1 Def:4),Rebound,Unknown,0,0
351,389,PT10M50.00S,4,1610612746,LAC,101155,Gomes,R. Gomes,121,134,18,Missed,1,0,0,0,v,MISS Gomes 18' Jump Shot,Missed Shot,Jump Shot,0,0
352,390,PT10M49.00S,4,0,,1610612746,,,0,0,0,,0,0,0,0,v,Clippers Rebound,Rebound,Unknown,0,0
353,391,PT10M42.00S,4,1610612756,PHX,2853,Barron,E. Barron,0,0,0,,0,0,0,0,h,Barron P.FOUL (P1.T1),Foul,Personal,0,0
354,392,PT10M37.00S,4,1610612746,LAC,101155,Gomes,R. Gomes,-187,22,19,Made,1,98,86,184,v,Gomes 19' Jump Shot (17 PTS) (Warren 3 AST),Made Shot,Jump Shot,0,0
355,393,PT10M10.00S,4,1610612756,PHX,101124,Warrick,H. Warrick,-82,164,18,Missed,1,0,0,0,h,MISS Warrick 18' Jump Shot,Missed Shot,Jump Shot,0,0
356,394,PT10M09.00S,4,1610612746,LAC,201933,Griffin,B. Griffin,0,0,0,,0,0,0,0,v,Griffin REBOUND (Off:0 Def:11),Rebound,Unknown,0,0
357,395,PT10M04.00S,4,1610612746,LAC,101155,Gomes,R. Gomes,0,0,0,,0,0,0,0,v,Gomes Offensive Charge Foul (P3.T1),Foul,Offensive Charge,0,0
358,396,PT10M04.00S,4,1610612746,LAC,101155,Gomes,R. Gomes,0,0,0,,0,0,0,0,v,Gomes Foul Turnover (P1.T16),Turnover,Foul,0,0
359,398,PT10M04.00S,4,1610612756,PHX,2853,Barron,E. Barron,0,0,0,,0,0,0,0,h,SUB: Frye FOR Barron,Substitution,,0,0
360,399,PT09M42.00S,4,1610612756,PHX,201609,Dragic,G. Dragic,173,184,25,Missed,1,0,0,0,h,MISS Dragic 25' 3PT Jump Shot,Missed Shot,Jump Shot,0,0
361,400,PT09M40.00S,4,1610612746,LAC,2446,Butler,R. Butler,0,0,0,,0,0,0,0,v,Butler REBOUND (Off:0 Def:1),Rebound,Unknown,0,0
362,401,PT09M32.00S,4,1610612746,LAC,202378,Warren,W. Warren,51,23,6,Missed,1,0,0,0,v,MISS Warren 6' Jump Shot,Missed Shot,Jump Shot,0,0
363,402,PT09M30.00S,4,1610612756,PHX,101112,Frye,C. Frye,0,0,0,,0,0,0,0,h,Frye REBOUND (Off:1 Def:4),Rebound,Unknown,0,0
364,403,PT09M28.00S,4,1610612746,LAC,2567,Cook,B. Cook,0,0,0,,0,0,0,0,v,Cook S.FOUL (P4.T2),Foul,Shooting,0,0
365,404,PT09M28.00S,4,1610612756,PHX,101124,Warrick,H. Warrick,0,0,0,,0,99,86,185,h,Warrick Free Throw 1 of 2 (22 PTS),Free Throw,Free Throw 1 of 2,0,0
366,406,PT09M28.00S,4,1610612746,LAC,202378,Warren,W. Warren,0,0,0,,0,0,0,0,v,SUB: Gordon FOR Warren,Substitution,,0,0
367,407,PT09M28.00S,4,1610612756,PHX,101124,Warrick,H. Warrick,0,0,0,,0,100,86,186,h,Warrick Free Throw 2 of 2 (23 PTS),Free Throw,Free Throw 2 of 2,0,0
368,410,PT09M11.00S,4,1610612746,LAC,201569,Gordon,E. Gordon,130,214,25,Missed,1,0,0,0,v,MISS Gordon 25' 3PT Jump Shot,Missed Shot,Jump Shot,0,0
369,411,PT09M09.00S,4,1610612746,LAC,2567,Cook,B. Cook,0,0,0,,0,0,0,0,v,Cook REBOUND (Off:2 Def:4),Rebound,Unknown,0,0
370,412,PT09M00.00S,4,1610612746,LAC,2567,Cook,B. Cook,122,64,14,Missed,1,0,0,0,v,MISS Cook 14' Jump Shot,Missed Shot,Jump Shot,0,0
371,413,PT08M59.00S,4,0,,1610612746,,,0,0,0,,0,0,0,0,v,Clippers Rebound,Rebound,Unknown,0,0
372,414,PT08M59.00S,4,0,,0,,,0,0,0,,0,0,0,0,,Timeout: Official,Timeout,Official,0,0
373,418,PT08M57.00S,4,1610612746,LAC,201933,Griffin,B. Griffin,7,0,1,Made,1,100,88,188,v,Griffin 1' Dunk (13 PTS) (Gomes 1 AST),Made Shot,Dunk Shot,0,0
374,419,PT08M39.00S,4,1610612756,PHX,201162,Dudley,J. Dudley,217,127,25,Missed,1,0,0,0,h,MISS Dudley 25' 3PT Jump Shot,Missed Shot,Jump Shot,0,0
375,420,PT08M37.00S,4,1610612756,PHX,2735,Childress,J. Childress,0,0,0,,0,0,0,0,h,Childress REBOUND (Off:1 Def:0),Rebound,Unknown,0,0
376,421,PT08M23.00S,4,1610612756,PHX,101112,Frye,C. Frye,86,4,9,Made,1,102,88,190,h,Frye 9' Jump Shot (14 PTS) (Dragic 4 AST),Made Shot,Jump Shot,0,0
377,422,PT08M09.00S,4,1610612746,LAC,201933,Griffin,B. Griffin,-114,28,12,Made,1,102,90,192,v,Griffin 12' Turnaround Bank Shot (15 PTS),Made Shot,Turnaround Bank shot,0,0
378,423,PT07M59.00S,4,1610612746,LAC,201569,Gordon,E. Gordon,0,0,0,,0,0,0,0,v,Gordon P.FOUL (P3.T3),Foul,Personal,0,0
379,424,PT07M53.00S,4,1610612756,PHX,201609,Dragic,G. Dragic,-13,3,1,Missed,1,0,0,0,h,MISS Dragic 1' Reverse Layup,Missed Shot,Reverse Layup Shot,0,0
380,425,PT07M50.00S,4,1610612746,LAC,2567,Cook,B. Cook,0,0,0,,0,0,0,0,v,Cook REBOUND (Off:2 Def:5),Rebound,Unknown,0,0
381,426,PT07M40.00S,4,1610612746,LAC,2446,Butler,R. Butler,234,0,0,Missed,1,0,0,0,v,MISS Butler  3PT Jump Shot,Missed Shot,Jump Shot,0,0
382,427,PT07M38.00S,4,1610612756,PHX,201609,Dragic,G. Dragic,0,0,0,,0,0,0,0,h,Dragic REBOUND (Off:0 Def:1),Rebound,Unknown,0,0
383,428,PT07M19.00S,4,1610612756,PHX,201609,Dragic,G. Dragic,-27,4,3,Missed,1,0,0,0,h,MISS Dragic 3' Layup,Missed Shot,Layup Shot,0,0
384,428,PT07M19.00S,4,1610612746,LAC,2446,Butler,R. Butler,0,0,0,,0,0,0,0,v,Butler BLOCK (1 BLK),,,0,0
385,430,PT07M14.00S,4,1610612756,PHX,201609,Dragic,G. Dragic,0,0,0,,0,0,0,0,h,Dragic REBOUND (Off:1 Def:1),Rebound,Unknown,0,0
386,429,PT07M14.00S,4,1610612756,PHX,201609,Dragic,G. Dragic,-64,7,6,Made,1,104,90,194,h,Dragic 6' Jump Shot (9 PTS),Made Shot,Jump Shot,0,0
387,431,PT07M00.00S,4,1610612756,PHX,201609,Dragic,G. Dragic,0,0,0,,0,0,0,0,h,Dragic P.FOUL (P2.T2),Foul,Personal,0,0
388,432,PT06M57.00S,4,1610612746,LAC,201933,Griffin,B. Griffin,83,9,8,Missed,1,0,0,0,v,MISS Griffin 8' Hook Shot,Missed Shot,Hook Shot,0,0
389,433,PT06M53.00S,4,1610612756,PHX,2735,Childress,J. Childress,0,0,0,,0,0,0,0,h,Childress REBOUND (Off:1 Def:1),Rebound,Unknown,0,0
390,435,PT06M45.00S,4,1610612756,PHX,201162,Dudley,J. Dudley,144,0,14,Made,1,106,90,196,h,Dudley 14' Jump Shot (9 PTS) (Childress 3 AST),Made Shot,Jump Shot,0,0
391,436,PT06M32.00S,4,1610612746,LAC,201569,Gordon,E. Gordon,2,-3,0,Made,1,106,92,198,v,Gordon  Driving Layup (24 PTS),Made Shot,Driving Layup Shot,0,0
392,437,PT06M32.00S,4,1610612756,PHX,201609,Dragic,G. Dragic,0,0,0,,0,0,0,0,h,Dragic S.FOUL (P3.T3),Foul,Shooting,0,0
393,438,PT06M32.00S,4,1610612746,LAC,2446,Butler,R. Butler,0,0,0,,0,0,0,0,v,SUB: Aminu FOR Butler,Substitution,,0,0
394,439,PT06M32.00S,4,1610612746,LAC,201569,Gordon,E. Gordon,0,0,0,,0,0,0,0,v,MISS Gordon Free Throw 1 of 1,Free Throw,Free Throw 1 of 1,0,0
395,441,PT06M32.00S,4,1610612756,PHX,201609,Dragic,G. Dragic,0,0,0,,0,0,0,0,h,Dragic REBOUND (Off:1 Def:2),Rebound,Unknown,0,0
396,442,PT06M23.00S,4,1610612746,LAC,201569,Gordon,E. Gordon,0,0,0,,0,0,0,0,v,Gordon P.FOUL (P4.T4),Foul,Personal,0,0
397,443,PT06M15.00S,4,1610612746,LAC,2567,Cook,B. Cook,0,0,0,,0,0,0,0,v,Cook S.FOUL (P5.PN),Foul,Shooting,0,0
398,444,PT06M15.00S,4,1610612756,PHX,201609,Dragic,G. Dragic,0,0,0,,0,0,0,0,h,MISS Dragic Free Throw 1 of 2,Free Throw,Free Throw 1 of 2,0,0
399,445,PT06M15.00S,4,0,,1610612756,,,0,0,0,,0,0,0,0,h,SUNS Rebound,Rebound,Normal Rebound,0,0
400,446,PT06M15.00S,4,1610612756,PHX,201609,Dragic,G. Dragic,0,0,0,,0,0,0,0,h,MISS Dragic Free Throw 2 of 2,Free Throw,Free Throw 2 of 2,0,0
401,448,PT06M14.00S,4,1610612746,LAC,2567,Cook,B. Cook,0,0,0,,0,0,0,0,v,Cook REBOUND (Off:2 Def:6),Rebound,Unknown,0,0
402,449,PT05M55.00S,4,1610612746,LAC,201933,Griffin,B. Griffin,69,23,7,Made,1,106,94,200,v,Griffin 7' Turnaround Bank Shot (17 PTS),Made Shot,Turnaround Bank shot,0,0
403,450,PT05M32.00S,4,1610612756,PHX,101112,Frye,C. Frye,198,135,24,Missed,1,0,0,0,h,MISS Frye 24' 3PT Jump Shot,Missed Shot,Jump Shot,0,0
404,451,PT05M28.00S,4,1610612756,PHX,201609,Dragic,G. Dragic,0,0,0,,0,0,0,0,h,Dragic REBOUND (Off:2 Def:2),Rebound,Unknown,0,0
405,452,PT05M25.00S,4,1610612756,PHX,201609,Dragic,G. Dragic,233,0,0,Missed,1,0,0,0,h,MISS Dragic  3PT Jump Shot,Missed Shot,Jump Shot,0,0
406,453,PT05M23.00S,4,1610612756,PHX,201609,Dragic,G. Dragic,0,0,0,,0,0,0,0,h,Dragic REBOUND (Off:3 Def:2),Rebound,Unknown,0,0
407,454,PT05M08.00S,4,1610612756,PHX,101124,Warrick,H. Warrick,-27,19,3,Missed,1,0,0,0,h,MISS Warrick 3' Dunk,Missed Shot,Dunk Shot,0,0
408,454,PT05M08.00S,4,1610612746,LAC,201933,Griffin,B. Griffin,0,0,0,,0,0,0,0,v,Griffin BLOCK (2 BLK),,,0,0
409,455,PT05M05.00S,4,1610612746,LAC,2567,Cook,B. Cook,0,0,0,,0,0,0,0,v,Cook REBOUND (Off:2 Def:7),Rebound,Unknown,0,0
410,456,PT04M58.00S,4,1610612746,LAC,101155,Gomes,R. Gomes,163,99,19,Made,1,106,96,202,v,Gomes 19' Jump Shot (19 PTS),Made Shot,Jump Shot,0,0
411,457,PT04M52.00S,4,0,,1610612756,,,0,0,0,,0,0,0,0,h,SUNS Timeout: Regular (Full 4 Short 0),Timeout,Regular,0,0
412,459,PT04M52.00S,4,1610612756,PHX,201162,Dudley,J. Dudley,0,0,0,,0,0,0,0,h,SUB: Nash FOR Dudley,Substitution,,0,0
413,460,PT04M52.00S,4,1610612756,PHX,201609,Dragic,G. Dragic,0,0,0,,0,0,0,0,h,SUB: Hill FOR Dragic,Substitution,,0,0
414,461,PT04M52.00S,4,1610612756,PHX,2735,Childress,J. Childress,0,0,0,,0,0,0,0,h,SUB: Richardson FOR Childress,Substitution,,0,0
415,463,PT04M38.00S,4,1610612756,PHX,255,Hill,G. Hill,12,0,1,Missed,1,0,0,0,h,MISS Hill 1' Layup,Missed Shot,Layup Shot,0,0
416,464,PT04M36.00S,4,1610612746,LAC,201933,Griffin,B. Griffin,0,0,0,,0,0,0,0,v,Griffin REBOUND (Off:0 Def:12),Rebound,Unknown,0,0
417,465,PT04M30.00S,4,1610612746,LAC,202329,Aminu,A. Aminu,50,17,5,Missed,1,0,0,0,v,MISS Aminu 5' Jump Shot,Missed Shot,Jump Shot,0,0
418,465,PT04M30.00S,4,1610612756,PHX,101112,Frye,C. Frye,0,0,0,,0,0,0,0,h,Frye BLOCK (3 BLK),,,0,0
419,466,PT04M28.00S,4,1610612746,LAC,2567,Cook,B. Cook,0,0,0,,0,0,0,0,v,Cook REBOUND (Off:3 Def:7),Rebound,Unknown,0,0
420,467,PT04M26.00S,4,1610612746,LAC,201933,Griffin,B. Griffin,36,9,4,Missed,1,0,0,0,v,MISS Griffin 4' Jump Shot,Missed Shot,Jump Shot,0,0
421,468,PT04M24.00S,4,1610612756,PHX,255,Hill,G. Hill,0,0,0,,0,0,0,0,h,Hill REBOUND (Off:0 Def:4),Rebound,Unknown,0,0
422,469,PT04M19.00S,4,1610612756,PHX,2202,Richardson,J. Richardson,222,143,26,Missed,1,0,0,0,h,MISS Richardson 26' 3PT Jump Shot,Missed Shot,Jump Shot,0,0
423,470,PT04M16.00S,4,1610612746,LAC,201933,Griffin,B. Griffin,0,0,0,,0,0,0,0,v,Griffin REBOUND (Off:0 Def:13),Rebound,Unknown,0,0
424,471,PT03M57.00S,4,1610612756,PHX,101112,Frye,C. Frye,0,0,0,,0,0,0,0,h,Frye S.FOUL (P4.T4),Foul,Shooting,0,0
425,472,PT03M57.00S,4,1610612746,LAC,101155,Gomes,R. Gomes,0,0,0,,0,0,0,0,v,MISS Gomes Free Throw 1 of 2,Free Throw,Free Throw 1 of 2,0,0
426,473,PT03M57.00S,4,0,,1610612746,,,0,0,0,,0,0,0,0,v,Clippers Rebound,Rebound,Normal Rebound,0,0
427,474,PT03M57.00S,4,1610612746,LAC,101155,Gomes,R. Gomes,0,0,0,,0,106,97,203,v,Gomes Free Throw 2 of 2 (20 PTS),Free Throw,Free Throw 2 of 2,0,0
428,476,PT03M38.00S,4,1610612756,PHX,959,Nash,S. Nash,-4,257,26,Missed,1,0,0,0,h,MISS Nash 26' 3PT Jump Shot,Missed Shot,Jump Shot,0,0
429,477,PT03M36.00S,4,0,,1610612756,,,0,0,0,,0,0,0,0,h,SUNS Rebound,Rebound,Unknown,0,0
430,478,PT03M33.00S,4,0,,1610612756,,,0,0,0,,0,0,0,0,h,SUNS Turnover: Shot Clock (T#7),Turnover,Shot Clock Turnover,0,0
431,479,PT03M24.00S,4,1610612746,LAC,201569,Gordon,E. Gordon,4,0,0,Made,1,106,99,205,v,Gordon  Driving Layup (26 PTS),Made Shot,Driving Layup Shot,0,0
432,480,PT03M07.00S,4,1610612756,PHX,959,Nash,S. Nash,-78,143,16,Made,1,108,99,207,h,Nash 16' Jump Shot (12 PTS),Made Shot,Jump Shot,0,0
433,481,PT02M55.00S,4,1610612746,LAC,2567,Cook,B. Cook,110,220,25,Missed,1,0,0,0,v,MISS Cook 25' 3PT Jump Shot,Missed Shot,Jump Shot,0,0
434,482,PT02M53.00S,4,1610612756,PHX,959,Nash,S. Nash,0,0,0,,0,0,0,0,h,Nash REBOUND (Off:0 Def:4),Rebound,Unknown,0,0
435,483,PT02M47.00S,4,1610612746,LAC,2567,Cook,B. Cook,0,0,0,,0,0,0,0,v,Cook P.FOUL (P6.PN),Foul,Personal,0,0
436,484,PT02M47.00S,4,1610612746,LAC,2567,Cook,B. Cook,0,0,0,,0,0,0,0,v,SUB: Butler FOR Cook,Substitution,,0,0
437,485,PT02M47.00S,4,0,,1610612746,,,0,0,0,,0,0,0,0,v,Clippers Timeout: Regular (Reg.4 Short 1),Timeout,Regular,0,0
438,489,PT02M47.00S,4,1610612756,PHX,959,Nash,S. Nash,0,0,0,,0,109,99,208,h,Nash Free Throw 1 of 2 (13 PTS),Free Throw,Free Throw 1 of 2,0,0
439,491,PT02M47.00S,4,1610612756,PHX,959,Nash,S. Nash,0,0,0,,0,110,99,209,h,Nash Free Throw 2 of 2 (14 PTS),Free Throw,Free Throw 2 of 2,0,0
440,493,PT02M39.00S,4,1610612746,LAC,201933,Griffin,B. Griffin,-60,22,6,Missed,1,0,0,0,v,MISS Griffin 6' Jump Shot,Missed Shot,Jump Shot,0,0
441,493,PT02M39.00S,4,1610612756,PHX,101112,Frye,C. Frye,0,0,0,,0,0,0,0,h,Frye BLOCK (4 BLK),,,0,0
442,494,PT02M36.00S,4,1610612746,LAC,201933,Griffin,B. Griffin,0,0,0,,0,0,0,0,v,Griffin REBOUND (Off:1 Def:13),Rebound,Unknown,0,0
443,495,PT02M32.00S,4,1610612746,LAC,201933,Griffin,B. Griffin,-10,0,1,Missed,1,0,0,0,v,MISS Griffin 1' Layup,Missed Shot,Layup Shot,0,0
444,496,PT02M29.00S,4,1610612756,PHX,959,Nash,S. Nash,0,0,0,,0,0,0,0,h,Nash REBOUND (Off:0 Def:5),Rebound,Unknown,0,0
445,497,PT02M17.00S,4,1610612746,LAC,201569,Gordon,E. Gordon,0,0,0,,0,0,0,0,v,Gordon P.FOUL (P5.PN),Foul,Personal,0,0
446,498,PT02M17.00S,4,1610612756,PHX,101124,Warrick,H. Warrick,0,0,0,,0,111,99,210,h,Warrick Free Throw 1 of 2 (24 PTS),Free Throw,Free Throw 1 of 2,0,0
447,500,PT02M17.00S,4,1610612756,PHX,101124,Warrick,H. Warrick,0,0,0,,0,112,99,211,h,Warrick Free Throw 2 of 2 (25 PTS),Free Throw,Free Throw 2 of 2,0,0
448,502,PT02M10.00S,4,1610612756,PHX,101112,Frye,C. Frye,0,0,0,,0,0,0,0,h,Frye S.FOUL (P5.PN),Foul,Shooting,0,0
449,503,PT02M10.00S,4,1610612746,LAC,201933,Griffin,B. Griffin,0,0,0,,0,0,0,0,v,MISS Griffin Free Throw 1 of 2,Free Throw,Free Throw 1 of 2,0,0
450,504,PT02M10.00S,4,0,,1610612746,,,0,0,0,,0,0,0,0,v,Clippers Rebound,Rebound,Normal Rebound,0,0
451,505,PT02M10.00S,4,1610612746,LAC,201933,Griffin,B. Griffin,0,0,0,,0,112,100,212,v,Griffin Free Throw 2 of 2 (18 PTS),Free Throw,Free Throw 2 of 2,0,0
452,507,PT01M50.00S,4,1610612756,PHX,959,Nash,S. Nash,72,22,8,Missed,1,0,0,0,h,MISS Nash 8' Running Jump Shot,Missed Shot,Running Jump Shot,0,0
453,508,PT01M48.00S,4,1610612746,LAC,101155,Gomes,R. Gomes,0,0,0,,0,0,0,0,v,Gomes REBOUND (Off:1 Def:3),Rebound,Unknown,0,0
454,509,PT01M44.00S,4,1610612746,LAC,201569,Gordon,E. Gordon,21,93,10,Made,1,112,102,214,v,Gordon 10' Running Jump Shot (28 PTS),Made Shot,Running Jump Shot,0,0
455,510,PT01M44.00S,4,1610612756,PHX,255,Hill,G. Hill,0,0,0,,0,0,0,0,h,Hill S.FOUL (P1.PN),Foul,Shooting,0,0
456,511,PT01M44.00S,4,1610612746,LAC,201569,Gordon,E. Gordon,0,0,0,,0,112,103,215,v,Gordon Free Throw 1 of 1 (29 PTS),Free Throw,Free Throw 1 of 1,0,0
457,513,PT01M20.00S,4,0,,1610612756,,,0,0,0,,0,0,0,0,h,SUNS Turnover: Shot Clock (T#8),Turnover,Shot Clock Turnover,0,0
458,514,PT01M20.00S,4,0,,1610612746,,,0,0,0,,0,0,0,0,v,Clippers Timeout: Regular (Reg.5 Short 1),Timeout,Regular,0,0
459,518,PT01M11.00S,4,1610612746,LAC,201569,Gordon,E. Gordon,75,247,26,Made,1,112,106,218,v,Gordon 26' 3PT Jump Shot (32 PTS) (Gomes 2 AST),Made Shot,Jump Shot,0,0
460,520,PT00M57.80S,4,1610612756,PHX,959,Nash,S. Nash,2,61,6,Missed,1,0,0,0,h,MISS Nash 6' Jump Shot,Missed Shot,Jump Shot,0,0
461,521,PT00M55.60S,4,1610612756,PHX,255,Hill,G. Hill,0,0,0,,0,0,0,0,h,Hill REBOUND (Off:1 Def:4),Rebound,Unknown,0,0
462,522,PT00M33.80S,4,1610612756,PHX,101112,Frye,C. Frye,132,60,14,Made,1,114,106,220,h,Frye 14' Turnaround Jump Shot (16 PTS),Made Shot,Turnaround Jump Shot,0,0
463,523,PT00M33.80S,4,0,,1610612746,,,0,0,0,,0,0,0,0,v,Clippers Timeout: Short (Reg.5 Short 2),Timeout,Short,0,0
464,527,PT00M29.90S,4,1610612746,LAC,201933,Griffin,B. Griffin,21,0,2,Made,1,114,108,222,v,Griffin 2' Layup (20 PTS) (Gordon 6 AST),Made Shot,Layup Shot,0,0
465,528,PT00M25.40S,4,1610612746,LAC,101155,Gomes,R. Gomes,0,0,0,,0,0,0,0,v,Gomes Personal Take Foul (P4.PN),Foul,Personal Take,0,0
466,529,PT00M25.40S,4,1610612756,PHX,959,Nash,S. Nash,0,0,0,,0,115,108,223,h,Nash Free Throw 1 of 2 (15 PTS),Free Throw,Free Throw 1 of 2,0,0
467,531,PT00M25.40S,4,1610612756,PHX,959,Nash,S. Nash,0,0,0,,0,116,108,224,h,Nash Free Throw 2 of 2 (16 PTS),Free Throw,Free Throw 2 of 2,0,0
468,533,PT00M25.40S,4,0,,1610612746,,,0,0,0,,0,0,0,0,v,Clippers Timeout: Short (Reg.5 Short 3),Timeout,Short,0,0
469,536,PT00M25.40S,4,1610612756,PHX,959,Nash,S. Nash,0,0,0,,0,0,0,0,h,SUB: Dudley FOR Nash,Substitution,,0,0
470,537,PT00M18.80S,4,1610612746,LAC,202329,Aminu,A. Aminu,-229,-11,0,Missed,1,0,0,0,v,MISS Aminu  3PT Jump Shot,Missed Shot,Jump Shot,0,0
471,538,PT00M16.80S,4,1610612756,PHX,101124,Warrick,H. Warrick,0,0,0,,0,0,0,0,h,Warrick REBOUND (Off:1 Def:5),Rebound,Unknown,0,0
472,539,PT00M00.00S,4,0,,0,,,0,0,0,,0,116,108,224,,End of 4th Period (11:31 PM EST),period,end,0,0
