actionId,actionNumber,clock,period,teamId,teamTricode,personId,playerName,playerNameI,xLegacy,yLegacy,shotDistance,shotResult,isFieldGoal,scoreHome,scoreAway,pointsTotal,location,description,actionType,subType,videoAvailable,shotValue
1,0,PT12M00.00S,1,0,,0,,,0,0,0,,0,0,0,0,,Start of 1st Period (7:15 PM EST),period,start,0,0
2,1,PT12M00.00S,1,1610612755,PHI,201150,Hawes,S. Hawes,0,0,0,,0,0,0,0,h,Jump Ball Hawes vs. McGee: Tip to Young,Jump Ball,,0,0
3,2,PT11M40.00S,1,1610612764,WAS,1740,Lewis,R. Lewis,0,0,0,,0,0,0,0,v,Lewis Bad Pass Turnover (P1.T1),Turnover,Bad Pass,0,0
4,2,PT11M40.00S,1,1610612755,PHI,201975,Meeks,J. Meeks,0,0,0,,0,0,0,0,h,Meeks STEAL (1 STL),,,0,0
5,3,PT11M19.00S,1,1610612755,PHI,201950,Holiday,J. Holiday,159,11,16,Made,1,2,0,2,h,Holiday 16' Pullup Jump Shot (2 PTS),Made Shot,Pullup Jump shot,0,0
6,4,PT10M58.00S,1,1610612764,WAS,202322,Wall,J. Wall,-131,233,27,Made,1,2,3,5,v,Wall 27' 3PT Jump Shot (3 PTS) (Young 1 AST),Made Shot,Jump Shot,0,0
7,5,PT10M49.00S,1,1610612755,PHI,201950,Holiday,J. Holiday,0,0,0,,0,0,0,0,h,Holiday Bad Pass Turnover (P1.T1),Turnover,Bad Pass,0,0
8,5,PT10M49.00S,1,1610612764,WAS,202322,Wall,J. Wall,0,0,0,,0,0,0,0,v,Wall STEAL (1 STL),,,0,0
9,6,PT10M38.00S,1,1610612764,WAS,101154,Blatche,A. Blatche,34,156,16,Missed,1,0,0,0,v,MISS Blatche 16' Jump Shot,Missed Shot,Jump Shot,0,0
10,7,PT10M36.00S,1,1610612755,PHI,201950,Holiday,J. Holiday,0,0,0,,0,0,0,0,h,Holiday REBOUND (Off:0 Def:1),Rebound,Unknown,0,0
11,8,PT10M32.00S,1,1610612755,PHI,201950,Holiday,J. Holiday,0,0,0,,0,0,0,0,h,Holiday Palming Turnover (P2.T2),Turnover,Palming Turnover,0,0
12,9,PT10M18.00S,1,1610612764,WAS,1740,Lewis,R. Lewis,170,-19,17,Made,1,2,5,7,v,Lewis 17' Jump Shot (2 PTS) (Wall 1 AST),Made Shot,Jump Shot,0,0
13,10,PT09M58.00S,1,1610612755,PHI,201150,Hawes,S. Hawes,-11,86,9,Made,1,4,5,9,h,Hawes 9' Turnaround Jump Shot (2 PTS),Made Shot,Turnaround Jump Shot,0,0
14,11,PT09M43.00S,1,1610612764,WAS,101154,Blatche,A. Blatche,-120,132,18,Made,1,4,7,11,v,Blatche 18' Jump Shot (2 PTS) (Wall 2 AST),Made Shot,Jump Shot,0,0
15,12,PT09M21.00S,1,1610612755,PHI,1882,Brand,E. Brand,0,75,8,Made,1,6,7,13,h,Brand 8' Jump Shot (2 PTS),Made Shot,Jump Shot,0,0
16,13,PT08M59.00S,1,1610612764,WAS,101154,Blatche,A. Blatche,7,3,1,Made,1,6,9,15,v,Blatche 1' Driving Finger Roll Layup (4 PTS),Made Shot,Driving Finger Roll Layup Shot,0,0
17,14,PT08M45.00S,1,1610612755,PHI,1882,Brand,E. Brand,4,7,1,Made,1,8,9,17,h,Brand 1' Dunk (4 PTS) (Nocioni 1 AST),Made Shot,Dunk Shot,0,0
18,15,PT08M18.00S,1,1610612764,WAS,1740,Lewis,R. Lewis,31,1,3,Missed,1,0,0,0,v,MISS Lewis 3' Jump Shot,Missed Shot,Jump Shot,0,0
19,16,PT08M16.00S,1,1610612764,WAS,1740,Lewis,R. Lewis,0,0,0,,0,0,0,0,v,Lewis REBOUND (Off:1 Def:0),Rebound,Unknown,0,0
20,17,PT08M15.00S,1,1610612764,WAS,1740,Lewis,R. Lewis,-30,19,4,Made,1,8,11,19,v,Lewis 4' Jump Shot (4 PTS),Made Shot,Jump Shot,0,0
21,18,PT07M54.00S,1,1610612755,PHI,201950,Holiday,J. Holiday,-5,3,1,Made,1,10,11,21,h,Holiday 1' Driving Reverse Layup (4 PTS),Made Shot,Driving Reverse Layup Shot,0,0
22,19,PT07M36.00S,1,1610612755,PHI,201950,Holiday,J. Holiday,0,0,0,,0,0,0,0,h,Holiday S.FOUL (P1.T1),Foul,Shooting,0,0
23,20,PT07M36.00S,1,1610612764,WAS,202322,Wall,J. Wall,0,0,0,,0,10,12,22,v,Wall Free Throw 1 of 2 (4 PTS),Free Throw,Free Throw 1 of 2,0,0
24,22,PT07M36.00S,1,1610612764,WAS,202322,Wall,J. Wall,0,0,0,,0,0,0,0,v,MISS Wall Free Throw 2 of 2,Free Throw,Free Throw 2 of 2,0,0
25,24,PT07M35.00S,1,1610612755,PHI,2804,Nocioni,A. Nocioni,0,0,0,,0,0,0,0,h,Nocioni REBOUND (Off:0 Def:1),Rebound,Unknown,0,0
26,26,PT07M22.00S,1,1610612764,WAS,201156,Young,N. Young,0,0,0,,0,0,0,0,v,Young IN.FOUL (P1.T1),Foul,Inbound,0,0
27,27,PT07M22.00S,1,1610612755,PHI,201975,Meeks,J. Meeks,0,0,0,,0,11,12,23,h,Meeks Free Throw 1 of 2 (1 PTS),Free Throw,Free Throw 1 of 2,0,0
28,29,PT07M22.00S,1,1610612755,PHI,201975,Meeks,J. Meeks,0,0,0,,0,12,12,24,h,Meeks Free Throw 2 of 2 (2 PTS),Free Throw,Free Throw 2 of 2,0,0
29,31,PT07M12.00S,1,1610612755,PHI,201150,Hawes,S. Hawes,0,0,0,,0,0,0,0,h,76ERS T.Foul (Def. 3 Sec Hawes ),Foul,Defense 3 Second,0,0
30,32,PT07M12.00S,1,1610612764,WAS,201156,Young,N. Young,0,0,0,,0,12,13,25,v,Young Free Throw Technical (1 PTS),Free Throw,Free Throw Technical,0,0
31,35,PT07M01.00S,1,1610612764,WAS,1740,Lewis,R. Lewis,-38,48,6,Made,1,12,15,27,v,Lewis 6' Floating Jump Shot (6 PTS) (Wall 3 AST),Made Shot,Floating Jump shot,0,0
32,36,PT06M41.00S,1,1610612755,PHI,201975,Meeks,J. Meeks,-242,-13,24,Made,1,15,15,30,h,Meeks 24' 3PT Jump Shot (5 PTS) (Holiday 1 AST),Made Shot,Jump Shot,0,0
33,37,PT06M31.00S,1,1610612764,WAS,201580,McGee,J. McGee,0,0,0,,0,0,0,0,v,McGee OFF.Foul (P1),Foul,Offensive,0,0
34,38,PT06M31.00S,1,1610612764,WAS,201580,McGee,J. McGee,0,0,0,,0,0,0,0,v,McGee Foul Turnover (P1.T2),Turnover,Foul,0,0
35,39,PT06M31.00S,1,1610612755,PHI,2804,Nocioni,A. Nocioni,0,0,0,,0,0,0,0,h,SUB: Turner FOR Nocioni,Substitution,,0,0
36,40,PT06M31.00S,1,0,,1610612755,,,0,0,0,,0,0,0,0,h,76ERS Timeout: Regular (Full 1 Short 0),Timeout,Regular,0,0
37,42,PT06M17.00S,1,1610612755,PHI,201150,Hawes,S. Hawes,-70,82,11,Missed,1,0,0,0,h,MISS Hawes 11' Jump Shot,Missed Shot,Jump Shot,0,0
38,43,PT06M15.00S,1,1610612764,WAS,202322,Wall,J. Wall,0,0,0,,0,0,0,0,v,Wall REBOUND (Off:0 Def:1),Rebound,Unknown,0,0
39,44,PT06M05.00S,1,1610612764,WAS,201580,McGee,J. McGee,50,33,6,Missed,1,0,0,0,v,MISS McGee 6' Jump Shot,Missed Shot,Jump Shot,0,0
40,45,PT06M04.00S,1,1610612755,PHI,201975,Meeks,J. Meeks,0,0,0,,0,0,0,0,h,Meeks REBOUND (Off:0 Def:1),Rebound,Unknown,0,0
41,46,PT05M56.00S,1,1610612755,PHI,202323,Turner,E. Turner,94,151,18,Missed,1,0,0,0,h,MISS Turner 18' Jump Shot,Missed Shot,Jump Shot,0,0
42,47,PT05M54.00S,1,1610612764,WAS,1740,Lewis,R. Lewis,0,0,0,,0,0,0,0,v,Lewis REBOUND (Off:1 Def:1),Rebound,Unknown,0,0
43,48,PT05M36.00S,1,1610612764,WAS,202322,Wall,J. Wall,2,263,26,Missed,1,0,0,0,v,MISS Wall 26' 3PT Jump Shot,Missed Shot,Jump Shot,0,0
44,50,PT05M33.00S,1,1610612764,WAS,101154,Blatche,A. Blatche,0,0,0,,0,0,0,0,v,Blatche REBOUND (Off:1 Def:0),Rebound,Unknown,0,0
45,49,PT05M33.00S,1,1610612764,WAS,101154,Blatche,A. Blatche,-5,0,1,Missed,1,0,0,0,v,MISS Blatche 1' Tip Shot,Missed Shot,Tip Shot,0,0
46,51,PT05M31.00S,1,1610612755,PHI,202323,Turner,E. Turner,0,0,0,,0,0,0,0,h,Turner REBOUND (Off:0 Def:1),Rebound,Unknown,0,0
47,52,PT05M20.00S,1,1610612764,WAS,202322,Wall,J. Wall,0,0,0,,0,0,0,0,v,Wall P.FOUL (P1.T2),Foul,Personal,0,0
48,53,PT05M20.00S,1,1610612764,WAS,201580,McGee,J. McGee,0,0,0,,0,0,0,0,v,SUB: Seraphin FOR McGee,Substitution,,0,0
49,54,PT05M13.00S,1,1610612755,PHI,201150,Hawes,S. Hawes,51,0,5,Missed,1,0,0,0,h,MISS Hawes 5' Jump Shot,Missed Shot,Jump Shot,0,0
50,56,PT05M10.00S,1,1610612755,PHI,1882,Brand,E. Brand,0,0,0,,0,0,0,0,h,Brand REBOUND (Off:1 Def:0),Rebound,Unknown,0,0
51,55,PT05M10.00S,1,1610612755,PHI,1882,Brand,E. Brand,13,0,1,Made,1,17,15,32,h,Brand 1' Tip Shot (6 PTS),Made Shot,Tip Shot,0,0
52,57,PT04M53.00S,1,1610612764,WAS,1740,Lewis,R. Lewis,-15,1,2,Made,1,17,17,34,v,Lewis 2' Driving Layup (8 PTS),Made Shot,Driving Layup Shot,0,0
53,58,PT04M53.00S,1,1610612755,PHI,202323,Turner,E. Turner,0,0,0,,0,0,0,0,h,Turner S.FOUL (P1.T2),Foul,Shooting,0,0
54,59,PT04M53.00S,1,1610612764,WAS,1740,Lewis,R. Lewis,0,0,0,,0,17,18,35,v,Lewis Free Throw 1 of 1 (9 PTS),Free Throw,Free Throw 1 of 1,0,0
55,61,PT04M34.00S,1,1610612764,WAS,101154,Blatche,A. Blatche,0,0,0,,0,0,0,0,v,Blatche S.FOUL (P1.T3),Foul,Shooting,0,0
56,62,PT04M34.00S,1,1610612755,PHI,1882,Brand,E. Brand,0,0,0,,0,18,18,36,h,Brand Free Throw 1 of 2 (7 PTS),Free Throw,Free Throw 1 of 2,0,0
57,64,PT04M34.00S,1,1610612755,PHI,1882,Brand,E. Brand,0,0,0,,0,19,18,37,h,Brand Free Throw 2 of 2 (8 PTS),Free Throw,Free Throw 2 of 2,0,0
58,66,PT04M17.00S,1,1610612764,WAS,101154,Blatche,A. Blatche,0,213,21,Missed,1,0,0,0,v,MISS Blatche 21' Jump Shot,Missed Shot,Jump Shot,0,0
59,67,PT04M16.00S,1,1610612755,PHI,201950,Holiday,J. Holiday,0,0,0,,0,0,0,0,h,Holiday REBOUND (Off:0 Def:2),Rebound,Unknown,0,0
60,68,PT04M09.00S,1,1610612755,PHI,1882,Brand,E. Brand,1,7,1,Missed,1,0,0,0,h,MISS Brand 1' Layup,Missed Shot,Layup Shot,0,0
61,69,PT04M08.00S,1,1610612755,PHI,1882,Brand,E. Brand,0,0,0,,0,0,0,0,h,Brand REBOUND (Off:2 Def:0),Rebound,Unknown,0,0
62,70,PT04M08.00S,1,1610612764,WAS,202338,Seraphin,K. Seraphin,0,0,0,,0,0,0,0,v,Seraphin S.FOUL (P1.T4),Foul,Shooting,0,0
63,71,PT04M08.00S,1,1610612755,PHI,1882,Brand,E. Brand,0,0,0,,0,20,18,38,h,Brand Free Throw 1 of 2 (9 PTS),Free Throw,Free Throw 1 of 2,0,0
64,73,PT04M08.00S,1,1610612755,PHI,1882,Brand,E. Brand,0,0,0,,0,21,18,39,h,Brand Free Throw 2 of 2 (10 PTS),Free Throw,Free Throw 2 of 2,0,0
65,74,PT04M08.00S,1,1610612755,PHI,201150,Hawes,S. Hawes,0,0,0,,0,0,0,0,h,SUB: Young FOR Hawes,Substitution,,0,0
66,76,PT03M43.00S,1,0,,1610612764,,,0,0,0,,0,0,0,0,v,Wizards Turnover: Shot Clock (T#3),Turnover,Shot Clock Turnover,0,0
67,77,PT03M43.00S,1,1610612764,WAS,201156,Young,N. Young,0,0,0,,0,0,0,0,v,SUB: Hinrich FOR Young,Substitution,,0,0
68,79,PT03M32.00S,1,1610612755,PHI,201152,Young,T. Young,9,30,3,Made,1,23,18,41,h,Young 3' Floating Jump Shot (2 PTS) (Holiday 2 AST),Made Shot,Floating Jump shot,0,0
69,80,PT03M16.00S,1,1610612764,WAS,101154,Blatche,A. Blatche,-2,0,0,Made,1,23,20,43,v,Blatche  Dunk (6 PTS) (Hinrich 1 AST),Made Shot,Dunk Shot,0,0
70,81,PT02M58.00S,1,1610612755,PHI,201152,Young,T. Young,-13,3,1,Missed,1,0,0,0,h,MISS Young 1' Layup,Missed Shot,Layup Shot,0,0
71,82,PT02M57.00S,1,1610612764,WAS,1740,Lewis,R. Lewis,0,0,0,,0,0,0,0,v,Lewis REBOUND (Off:1 Def:2),Rebound,Unknown,0,0
72,83,PT02M45.00S,1,1610612764,WAS,101154,Blatche,A. Blatche,-164,-16,16,Missed,1,0,0,0,v,MISS Blatche 16' Jump Shot,Missed Shot,Jump Shot,0,0
73,84,PT02M44.00S,1,1610612755,PHI,202323,Turner,E. Turner,0,0,0,,0,0,0,0,h,Turner REBOUND (Off:0 Def:2),Rebound,Unknown,0,0
74,85,PT02M39.00S,1,1610612755,PHI,201950,Holiday,J. Holiday,23,0,2,Made,1,25,20,45,h,Holiday 2' Floating Jump Shot (6 PTS) (Turner 1 AST),Made Shot,Floating Jump shot,0,0
75,86,PT02M30.00S,1,0,,1610612764,,,0,0,0,,0,0,0,0,v,Wizards Timeout: Regular (Reg.1 Short 0),Timeout,Regular,0,0
76,88,PT02M30.00S,1,1610612764,WAS,101154,Blatche,A. Blatche,0,0,0,,0,0,0,0,v,SUB: Howard FOR Blatche,Substitution,,0,0
77,89,PT02M30.00S,1,1610612755,PHI,201975,Meeks,J. Meeks,0,0,0,,0,0,0,0,h,SUB: Williams FOR Meeks,Substitution,,0,0
78,90,PT02M30.00S,1,1610612755,PHI,1882,Brand,E. Brand,0,0,0,,0,0,0,0,h,SUB: Speights FOR Brand,Substitution,,0,0
79,91,PT02M19.00S,1,1610612764,WAS,202338,Seraphin,K. Seraphin,15,6,2,Made,1,25,22,47,v,Seraphin 2' Layup (2 PTS) (Wall 4 AST),Made Shot,Layup Shot,0,0
80,92,PT01M52.00S,1,1610612755,PHI,201578,Speights,M. Speights,-5,217,22,Missed,1,0,0,0,h,MISS Speights 22' Jump Shot,Missed Shot,Jump Shot,0,0
81,93,PT01M50.00S,1,1610612764,WAS,202338,Seraphin,K. Seraphin,0,0,0,,0,0,0,0,v,Seraphin REBOUND (Off:0 Def:1),Rebound,Unknown,0,0
82,94,PT01M32.00S,1,1610612764,WAS,2550,Hinrich,K. Hinrich,21,20,3,Made,1,25,24,49,v,Hinrich 3' Driving Finger Roll Layup (2 PTS),Made Shot,Driving Finger Roll Layup Shot,0,0
83,95,PT01M18.00S,1,1610612764,WAS,1740,Lewis,R. Lewis,0,0,0,,0,0,0,0,v,Lewis Violation:Kicked Ball,Violation,Kicked Ball,0,0
84,96,PT01M09.00S,1,1610612755,PHI,101150,Williams,L. Williams,119,116,17,Made,1,27,24,51,h,Williams 17' Step Back Jump Shot (2 PTS) (Holiday 3 AST),Made Shot,Step Back Jump shot,0,0
85,97,PT00M52.90S,1,1610612764,WAS,2572,Howard,J. Howard,37,88,10,Missed,1,0,0,0,v,MISS Howard 10' Jump Shot,Missed Shot,Jump Shot,0,0
86,99,PT00M50.90S,1,1610612764,WAS,202338,Seraphin,K. Seraphin,0,0,0,,0,0,0,0,v,Seraphin REBOUND (Off:1 Def:1),Rebound,Unknown,0,0
87,98,PT00M50.90S,1,1610612764,WAS,202338,Seraphin,K. Seraphin,4,0,0,Made,1,27,26,53,v,Seraphin  Layup (4 PTS),Made Shot,Layup Shot,0,0
88,100,PT00M39.90S,1,1610612755,PHI,201950,Holiday,J. Holiday,-4,6,1,Missed,1,0,0,0,h,MISS Holiday 1' Layup,Missed Shot,Layup Shot,0,0
89,101,PT00M38.40S,1,1610612764,WAS,1740,Lewis,R. Lewis,0,0,0,,0,0,0,0,v,Lewis REBOUND (Off:1 Def:3),Rebound,Unknown,0,0
90,102,PT00M26.50S,1,1610612764,WAS,1740,Lewis,R. Lewis,0,0,0,,0,0,0,0,v,Lewis OFF.Foul (P1),Foul,Offensive,0,0
91,103,PT00M26.50S,1,1610612764,WAS,1740,Lewis,R. Lewis,0,0,0,,0,0,0,0,v,Lewis Foul Turnover (P2.T4),Turnover,Foul,0,0
92,104,PT00M26.50S,1,1610612755,PHI,202323,Turner,E. Turner,0,0,0,,0,0,0,0,h,SUB: Nocioni FOR Turner,Substitution,,0,0
93,105,PT00M26.50S,1,1610612764,WAS,202322,Wall,J. Wall,0,0,0,,0,0,0,0,v,SUB: Young FOR Wall,Substitution,,0,0
94,107,PT00M07.90S,1,1610612764,WAS,202338,Seraphin,K. Seraphin,0,0,0,,0,0,0,0,v,Seraphin P.FOUL (P2.PN),Foul,Personal,0,0
95,108,PT00M07.90S,1,1610612755,PHI,101150,Williams,L. Williams,0,0,0,,0,28,26,54,h,Williams Free Throw 1 of 2 (3 PTS),Free Throw,Free Throw 1 of 2,0,0
96,110,PT00M07.90S,1,1610612755,PHI,201950,Holiday,J. Holiday,0,0,0,,0,0,0,0,h,SUB: Meeks FOR Holiday,Substitution,,0,0
97,111,PT00M07.90S,1,1610612764,WAS,202338,Seraphin,K. Seraphin,0,0,0,,0,0,0,0,v,SUB: Wall FOR Seraphin,Substitution,,0,0
98,112,PT00M07.90S,1,1610612755,PHI,201578,Speights,M. Speights,0,0,0,,0,0,0,0,h,SUB: Turner FOR Speights,Substitution,,0,0
99,113,PT00M07.90S,1,1610612755,PHI,101150,Williams,L. Williams,0,0,0,,0,29,26,55,h,Williams Free Throw 2 of 2 (4 PTS),Free Throw,Free Throw 2 of 2,0,0
100,115,PT00M01.10S,1,1610612764,WAS,202322,Wall,J. Wall,9,3,1,Missed,1,0,0,0,v,MISS Wall 1' Reverse Layup,Missed Shot,Reverse Layup Shot,0,0
101,116,PT00M00.10S,1,1610612755,PHI,2804,Nocioni,A. Nocioni,0,0,0,,0,0,0,0,h,Nocioni REBOUND (Off:0 Def:2),Rebound,Unknown,0,0
102,117,PT00M00.00S,1,0,,0,,,0,0,0,,0,29,26,55,,End of 1st Period (7:42 PM EST),period,end,0,0
103,120,PT12M00.00S,2,0,,0,,,0,0,0,,0,29,26,55,,Start of 2nd Period (7:44 PM EST),period,start,0,0
104,121,PT11M47.00S,2,1610612755,PHI,201152,Young,T. Young,-38,0,4,Made,1,31,26,57,h,Young 4' Driving Bank Shot (4 PTS) (Williams 1 AST),Made Shot,Driving Bank shot,0,0
105,122,PT11M34.00S,2,1610612764,WAS,201156,Young,N. Young,-153,3,15,Made,1,31,28,59,v,Young 15' Jump Shot (3 PTS) (Hinrich 2 AST),Made Shot,Jump Shot,0,0
106,123,PT11M19.00S,2,1610612755,PHI,101150,Williams,L. Williams,-86,104,13,Missed,1,0,0,0,h,MISS Williams 13' Jump Shot,Missed Shot,Jump Shot,0,0
107,124,PT11M18.00S,2,1610612764,WAS,2572,Howard,J. Howard,0,0,0,,0,0,0,0,v,Howard REBOUND (Off:0 Def:1),Rebound,Unknown,0,0
108,125,PT11M04.00S,2,1610612764,WAS,201156,Young,N. Young,154,55,16,Missed,1,0,0,0,v,MISS Young 16' Jump Shot,Missed Shot,Jump Shot,0,0
109,126,PT11M03.00S,2,1610612755,PHI,202323,Turner,E. Turner,0,0,0,,0,0,0,0,h,Turner REBOUND (Off:0 Def:3),Rebound,Unknown,0,0
110,127,PT10M50.00S,2,1610612755,PHI,201578,Speights,M. Speights,83,101,13,Made,1,33,28,61,h,Speights 13' Jump Shot (2 PTS),Made Shot,Jump Shot,0,0
111,128,PT10M26.00S,2,1610612764,WAS,2572,Howard,J. Howard,53,115,13,Missed,1,0,0,0,v,MISS Howard 13' Jump Shot,Missed Shot,Jump Shot,0,0
112,129,PT10M25.00S,2,1610612755,PHI,201578,Speights,M. Speights,0,0,0,,0,0,0,0,h,Speights REBOUND (Off:0 Def:1),Rebound,Unknown,0,0
113,130,PT10M18.00S,2,1610612764,WAS,2550,Hinrich,K. Hinrich,0,0,0,,0,0,0,0,v,Hinrich S.FOUL (P1.T1),Foul,Shooting,0,0
114,131,PT10M18.00S,2,1610612755,PHI,101150,Williams,L. Williams,0,0,0,,0,34,28,62,h,Williams Free Throw 1 of 2 (5 PTS),Free Throw,Free Throw 1 of 2,0,0
115,133,PT10M18.00S,2,1610612764,WAS,202338,Seraphin,K. Seraphin,0,0,0,,0,0,0,0,v,SUB: Blatche FOR Seraphin,Substitution,,0,0
116,134,PT10M18.00S,2,1610612764,WAS,1740,Lewis,R. Lewis,0,0,0,,0,0,0,0,v,SUB: McGee FOR Lewis,Substitution,,0,0
117,135,PT10M18.00S,2,1610612755,PHI,101150,Williams,L. Williams,0,0,0,,0,35,28,63,h,Williams Free Throw 2 of 2 (6 PTS),Free Throw,Free Throw 2 of 2,0,0
118,138,PT09M58.00S,2,1610612764,WAS,201156,Young,N. Young,-127,-21,13,Made,1,35,30,65,v,Young 13' Pullup Jump Shot (5 PTS) (Howard 1 AST),Made Shot,Pullup Jump shot,0,0
119,139,PT09M44.00S,2,1610612755,PHI,201152,Young,T. Young,-45,146,15,Missed,1,0,0,0,h,MISS Young 15' Jump Shot,Missed Shot,Jump Shot,0,0
120,140,PT09M43.00S,2,1610612755,PHI,201578,Speights,M. Speights,0,0,0,,0,0,0,0,h,Speights REBOUND (Off:1 Def:1),Rebound,Unknown,0,0
121,141,PT09M41.00S,2,1610612755,PHI,201152,Young,T. Young,1,0,0,Made,1,37,30,67,h,Young  Driving Slam Dunk (6 PTS) (Speights 1 AST),Made Shot,Driving Slam Dunk Shot,0,0
122,142,PT09M27.00S,2,1610612755,PHI,201578,Speights,M. Speights,0,0,0,,0,0,0,0,h,Speights P.FOUL (P1.T1),Foul,Personal,0,0
123,143,PT09M14.00S,2,1610612764,WAS,101154,Blatche,A. Blatche,-123,-21,12,Missed,1,0,0,0,v,MISS Blatche 12' Jump Shot,Missed Shot,Jump Shot,0,0
124,144,PT09M12.00S,2,1610612755,PHI,201152,Young,T. Young,0,0,0,,0,0,0,0,h,Young REBOUND (Off:0 Def:1),Rebound,Unknown,0,0
125,145,PT09M09.00S,2,1610612755,PHI,201152,Young,T. Young,0,0,0,,0,0,0,0,h,Young Traveling Turnover (P1.T3),Turnover,Traveling,0,0
126,146,PT08M51.00S,2,1610612764,WAS,201156,Young,N. Young,40,0,4,Missed,1,0,0,0,v,MISS Young 4' Jump Shot,Missed Shot,Jump Shot,0,0
127,148,PT08M49.00S,2,1610612764,WAS,201580,McGee,J. McGee,0,0,0,,0,0,0,0,v,McGee REBOUND (Off:1 Def:0),Rebound,Unknown,0,0
128,147,PT08M49.00S,2,1610612764,WAS,201580,McGee,J. McGee,-8,3,1,Missed,1,0,0,0,v,MISS McGee 1' Tip Shot,Missed Shot,Tip Shot,0,0
129,149,PT08M47.00S,2,1610612755,PHI,101150,Williams,L. Williams,0,0,0,,0,0,0,0,h,Williams REBOUND (Off:0 Def:1),Rebound,Unknown,0,0
130,150,PT08M44.00S,2,1610612755,PHI,201975,Meeks,J. Meeks,171,190,26,Missed,1,0,0,0,h,MISS Meeks 26' 3PT Jump Shot,Missed Shot,Jump Shot,0,0
131,151,PT08M41.00S,2,1610612755,PHI,201578,Speights,M. Speights,0,0,0,,0,0,0,0,h,Speights REBOUND (Off:2 Def:1),Rebound,Unknown,0,0
132,152,PT08M40.00S,2,1610612755,PHI,201578,Speights,M. Speights,0,0,0,,0,0,0,0,h,Speights Lost Ball Turnover (P1.T4),Turnover,Lost Ball,0,0
133,152,PT08M40.00S,2,1610612764,WAS,101154,Blatche,A. Blatche,0,0,0,,0,0,0,0,v,Blatche STEAL (1 STL),,,0,0
134,153,PT08M36.00S,2,1610612764,WAS,201156,Young,N. Young,9,11,1,Made,1,37,32,69,v,Young 1' Driving Layup (7 PTS) (Hinrich 3 AST),Made Shot,Driving Layup Shot,0,0
135,155,PT08M22.00S,2,1610612764,WAS,2572,Howard,J. Howard,0,0,0,,0,0,0,0,v,Howard S.FOUL (P1.T2),Foul,Shooting,0,0
136,157,PT08M22.00S,2,0,,0,,,0,0,0,,0,0,0,0,,Timeout: Official,Timeout,Official,0,0
137,159,PT08M22.00S,2,1610612755,PHI,201578,Speights,M. Speights,0,0,0,,0,0,0,0,h,MISS Speights Free Throw 1 of 2,Free Throw,Free Throw 1 of 2,0,0
138,160,PT08M22.00S,2,0,,1610612755,,,0,0,0,,0,0,0,0,h,76ERS Rebound,Rebound,Normal Rebound,0,0
139,161,PT08M22.00S,2,1610612755,PHI,201578,Speights,M. Speights,0,0,0,,0,0,0,0,h,MISS Speights Free Throw 2 of 2,Free Throw,Free Throw 2 of 2,0,0
140,163,PT08M21.00S,2,1610612764,WAS,101154,Blatche,A. Blatche,0,0,0,,0,0,0,0,v,Blatche REBOUND (Off:1 Def:1),Rebound,Unknown,0,0
141,164,PT08M03.00S,2,1610612764,WAS,101154,Blatche,A. Blatche,21,9,2,Missed,1,0,0,0,v,MISS Blatche 2' Layup,Missed Shot,Layup Shot,0,0
142,166,PT08M01.00S,2,1610612764,WAS,201580,McGee,J. McGee,0,0,0,,0,0,0,0,v,McGee REBOUND (Off:2 Def:0),Rebound,Unknown,0,0
143,165,PT08M01.00S,2,1610612764,WAS,201580,McGee,J. McGee,10,15,2,Missed,1,0,0,0,v,MISS McGee 2' Layup,Missed Shot,Layup Shot,0,0
144,167,PT07M57.00S,2,1610612755,PHI,201578,Speights,M. Speights,0,0,0,,0,0,0,0,h,Speights REBOUND (Off:2 Def:2),Rebound,Unknown,0,0
145,168,PT07M38.00S,2,1610612755,PHI,201578,Speights,M. Speights,165,-16,17,Made,1,39,32,71,h,Speights 17' Step Back Jump Shot (4 PTS) (Williams 2 AST),Made Shot,Step Back Jump shot,0,0
146,169,PT07M26.00S,2,1610612755,PHI,202323,Turner,E. Turner,0,0,0,,0,0,0,0,h,Turner P.FOUL (P2.T2),Foul,Personal,0,0
147,170,PT07M26.00S,2,1610612755,PHI,201975,Meeks,J. Meeks,0,0,0,,0,0,0,0,h,SUB: Holiday FOR Meeks,Substitution,,0,0
148,171,PT07M12.00S,2,1610612764,WAS,2572,Howard,J. Howard,6,66,7,Missed,1,0,0,0,v,MISS Howard 7' Turnaround Jump Shot,Missed Shot,Turnaround Jump Shot,0,0
149,172,PT07M10.00S,2,1610612755,PHI,201152,Young,T. Young,0,0,0,,0,0,0,0,h,Young REBOUND (Off:0 Def:2),Rebound,Unknown,0,0
150,173,PT07M08.00S,2,1610612764,WAS,2550,Hinrich,K. Hinrich,0,0,0,,0,0,0,0,v,Hinrich Personal Block Foul (P2.T3),Foul,Personal Block,0,0
151,174,PT07M08.00S,2,1610612764,WAS,2550,Hinrich,K. Hinrich,0,0,0,,0,0,0,0,v,SUB: Wall FOR Hinrich,Substitution,,0,0
152,175,PT06M58.00S,2,1610612755,PHI,201578,Speights,M. Speights,48,25,5,Missed,1,0,0,0,h,MISS Speights 5' Jump Shot,Missed Shot,Jump Shot,0,0
153,176,PT06M57.00S,2,1610612755,PHI,201578,Speights,M. Speights,0,0,0,,0,0,0,0,h,Speights REBOUND (Off:3 Def:2),Rebound,Unknown,0,0
154,177,PT06M55.00S,2,1610612755,PHI,201578,Speights,M. Speights,6,11,1,Made,1,41,32,73,h,Speights 1' Layup (6 PTS),Made Shot,Layup Shot,0,0
155,178,PT06M44.00S,2,0,,1610612764,,,0,0,0,,0,0,0,0,v,Wizards Timeout: Regular (Reg.2 Short 0),Timeout,Regular,0,0
156,179,PT06M32.00S,2,1610612764,WAS,201156,Young,N. Young,0,85,9,Made,1,41,34,75,v,Young 9' Fadeaway Jumper (9 PTS) (Blatche 1 AST),Made Shot,Fadeaway Jump Shot,0,0
157,180,PT06M06.00S,2,1610612755,PHI,201950,Holiday,J. Holiday,0,0,0,,0,0,0,0,h,Holiday Lost Ball Turnover (P3.T5),Turnover,Lost Ball,0,0
158,180,PT06M06.00S,2,1610612764,WAS,201156,Young,N. Young,0,0,0,,0,0,0,0,v,Young STEAL (1 STL),,,0,0
159,181,PT06M02.00S,2,1610612764,WAS,202322,Wall,J. Wall,-7,4,1,Missed,1,0,0,0,v,MISS Wall 1' Layup,Missed Shot,Layup Shot,0,0
160,182,PT05M59.00S,2,1610612755,PHI,201578,Speights,M. Speights,0,0,0,,0,0,0,0,h,Speights REBOUND (Off:3 Def:3),Rebound,Unknown,0,0
161,183,PT05M44.00S,2,1610612755,PHI,201950,Holiday,J. Holiday,147,75,17,Missed,1,0,0,0,h,MISS Holiday 17' Jump Shot,Missed Shot,Jump Shot,0,0
162,184,PT05M42.00S,2,1610612764,WAS,101154,Blatche,A. Blatche,0,0,0,,0,0,0,0,v,Blatche REBOUND (Off:1 Def:2),Rebound,Unknown,0,0
163,185,PT05M38.00S,2,1610612764,WAS,201580,McGee,J. McGee,4,7,1,Made,1,41,36,77,v,McGee 1' Dunk (2 PTS) (Wall 5 AST),Made Shot,Dunk Shot,0,0
164,186,PT05M22.00S,2,1610612755,PHI,101150,Williams,L. Williams,-4,4,1,Made,1,43,36,79,h,Williams 1' Driving Layup (8 PTS),Made Shot,Driving Layup Shot,0,0
165,187,PT05M06.00S,2,1610612764,WAS,101154,Blatche,A. Blatche,54,135,15,Made,1,43,38,81,v,Blatche 15' Jump Shot (8 PTS),Made Shot,Jump Shot,0,0
166,189,PT04M50.00S,2,1610612764,WAS,201580,McGee,J. McGee,0,0,0,,0,0,0,0,v,McGee S.FOUL (P2.T4),Foul,Shooting,0,0
167,190,PT04M50.00S,2,1610612755,PHI,201578,Speights,M. Speights,0,0,0,,0,0,0,0,h,SUB: Hawes FOR Speights,Substitution,,0,0
168,191,PT04M50.00S,2,1610612764,WAS,201580,McGee,J. McGee,0,0,0,,0,0,0,0,v,SUB: Lewis FOR McGee,Substitution,,0,0
169,192,PT04M50.00S,2,1610612755,PHI,201152,Young,T. Young,0,0,0,,0,0,0,0,h,MISS Young Free Throw 1 of 2,Free Throw,Free Throw 1 of 2,0,0
170,193,PT04M50.00S,2,0,,1610612755,,,0,0,0,,0,0,0,0,h,76ERS Rebound,Rebound,Normal Rebound,0,0
171,194,PT04M50.00S,2,1610612755,PHI,101150,Williams,L. Williams,0,0,0,,0,0,0,0,h,SUB: Nocioni FOR Williams,Substitution,,0,0
172,195,PT04M50.00S,2,1610612755,PHI,201152,Young,T. Young,0,0,0,,0,44,38,82,h,Young Free Throw 2 of 2 (7 PTS),Free Throw,Free Throw 2 of 2,0,0
173,197,PT04M29.00S,2,1610612764,WAS,1740,Lewis,R. Lewis,-180,176,25,Missed,1,0,0,0,v,MISS Lewis 25' 3PT Jump Shot,Missed Shot,Jump Shot,0,0
174,198,PT04M27.00S,2,1610612755,PHI,201152,Young,T. Young,0,0,0,,0,0,0,0,h,Young REBOUND (Off:0 Def:3),Rebound,Unknown,0,0
175,199,PT04M18.00S,2,1610612755,PHI,201150,Hawes,S. Hawes,1,48,5,Missed,1,0,0,0,h,MISS Hawes 5' Jump Shot,Missed Shot,Jump Shot,0,0
176,199,PT04M18.00S,2,1610612764,WAS,1740,Lewis,R. Lewis,0,0,0,,0,0,0,0,v,Lewis BLOCK (1 BLK),,,0,0
177,200,PT04M15.00S,2,1610612764,WAS,2572,Howard,J. Howard,0,0,0,,0,0,0,0,v,Howard REBOUND (Off:0 Def:2),Rebound,Unknown,0,0
178,201,PT04M09.00S,2,1610612764,WAS,201156,Young,N. Young,226,105,25,Made,1,44,41,85,v,Young 25' 3PT Jump Shot (12 PTS) (Wall 6 AST),Made Shot,Jump Shot,0,0
179,202,PT03M52.00S,2,1610612764,WAS,1740,Lewis,R. Lewis,0,0,0,,0,0,0,0,v,Lewis S.FOUL (P2.PN),Foul,Shooting,0,0
180,203,PT03M52.00S,2,1610612755,PHI,201152,Young,T. Young,0,0,0,,0,0,0,0,h,SUB: Brand FOR Young,Substitution,,0,0
181,204,PT03M52.00S,2,1610612755,PHI,201950,Holiday,J. Holiday,0,0,0,,0,45,41,86,h,Holiday Free Throw 1 of 2 (7 PTS),Free Throw,Free Throw 1 of 2,0,0
182,206,PT03M52.00S,2,1610612755,PHI,201950,Holiday,J. Holiday,0,0,0,,0,46,41,87,h,Holiday Free Throw 2 of 2 (8 PTS),Free Throw,Free Throw 2 of 2,0,0
183,208,PT03M36.00S,2,1610612764,WAS,101154,Blatche,A. Blatche,-24,6,2,Missed,1,0,0,0,v,MISS Blatche 2' Reverse Layup,Missed Shot,Reverse Layup Shot,0,0
184,209,PT03M34.00S,2,1610612764,WAS,2572,Howard,J. Howard,0,0,0,,0,0,0,0,v,Howard REBOUND (Off:1 Def:2),Rebound,Unknown,0,0
185,210,PT03M28.00S,2,1610612764,WAS,202322,Wall,J. Wall,-179,178,25,Missed,1,0,0,0,v,MISS Wall 25' 3PT Jump Shot,Missed Shot,Jump Shot,0,0
186,211,PT03M26.00S,2,1610612755,PHI,202323,Turner,E. Turner,0,0,0,,0,0,0,0,h,Turner REBOUND (Off:0 Def:4),Rebound,Unknown,0,0
187,212,PT03M20.00S,2,1610612755,PHI,202323,Turner,E. Turner,0,0,0,,0,0,0,0,h,Turner Bad Pass Turnover (P1.T6),Turnover,Bad Pass,0,0
188,212,PT03M20.00S,2,1610612764,WAS,101154,Blatche,A. Blatche,0,0,0,,0,0,0,0,v,Blatche STEAL (2 STL),,,0,0
189,213,PT03M02.00S,2,1610612764,WAS,101154,Blatche,A. Blatche,13,6,1,Made,1,46,43,89,v,Blatche 1' Driving Layup (10 PTS),Made Shot,Driving Layup Shot,0,0
190,214,PT03M02.00S,2,1610612755,PHI,201150,Hawes,S. Hawes,0,0,0,,0,0,0,0,h,Hawes S.FOUL (P1.T3),Foul,Shooting,0,0
191,215,PT03M02.00S,2,1610612755,PHI,201150,Hawes,S. Hawes,0,0,0,,0,0,0,0,h,SUB: Speights FOR Hawes,Substitution,,0,0
192,216,PT03M02.00S,2,1610612764,WAS,101154,Blatche,A. Blatche,0,0,0,,0,46,44,90,v,Blatche Free Throw 1 of 1 (11 PTS),Free Throw,Free Throw 1 of 1,0,0
193,218,PT02M52.00S,2,1610612755,PHI,201578,Speights,M. Speights,0,0,0,,0,0,0,0,h,Speights Lost Ball Turnover (P2.T7),Turnover,Lost Ball,0,0
194,218,PT02M52.00S,2,1610612764,WAS,1740,Lewis,R. Lewis,0,0,0,,0,0,0,0,v,Lewis STEAL (1 STL),,,0,0
195,219,PT02M49.00S,2,1610612764,WAS,202322,Wall,J. Wall,-5,6,1,Made,1,46,46,92,v,Wall 1' Dunk (6 PTS) (Lewis 1 AST),Made Shot,Dunk Shot,0,0
196,220,PT02M42.00S,2,0,,1610612755,,,0,0,0,,0,0,0,0,h,76ERS Timeout: Regular (Full 2 Short 0),Timeout,Regular,0,0
197,221,PT02M42.00S,2,1610612764,WAS,2572,Howard,J. Howard,0,0,0,,0,0,0,0,v,SUB: Thornton FOR Howard,Substitution,,0,0
198,222,PT02M25.00S,2,1610612755,PHI,201950,Holiday,J. Holiday,108,14,11,Made,1,48,46,94,h,Holiday 11' Running Jump Shot (10 PTS) (Speights 2 AST),Made Shot,Running Jump Shot,0,0
199,223,PT02M03.00S,2,1610612764,WAS,1740,Lewis,R. Lewis,-141,205,25,Made,1,48,49,97,v,Lewis 25' 3PT Jump Shot (12 PTS) (Blatche 2 AST),Made Shot,Jump Shot,0,0
200,224,PT01M39.00S,2,1610612755,PHI,202323,Turner,E. Turner,-117,126,17,Missed,1,0,0,0,h,MISS Turner 17' Jump Shot,Missed Shot,Jump Shot,0,0
201,225,PT01M38.00S,2,1610612764,WAS,201154,Thornton,A. Thornton,0,0,0,,0,0,0,0,v,Thornton REBOUND (Off:0 Def:1),Rebound,Unknown,0,0
202,226,PT01M33.00S,2,1610612755,PHI,1882,Brand,E. Brand,0,0,0,,0,0,0,0,h,Brand P.FOUL (P1.T4),Foul,Personal,0,0
203,227,PT01M33.00S,2,1610612755,PHI,2804,Nocioni,A. Nocioni,0,0,0,,0,0,0,0,h,SUB: Young FOR Nocioni,Substitution,,0,0
204,228,PT01M18.00S,2,1610612764,WAS,101154,Blatche,A. Blatche,-149,154,21,Missed,1,0,0,0,v,MISS Blatche 21' Jump Shot,Missed Shot,Jump Shot,0,0
205,229,PT01M17.00S,2,0,,1610612755,,,0,0,0,,0,0,0,0,h,76ERS Rebound,Rebound,Unknown,0,0
206,230,PT01M02.00S,2,1610612755,PHI,202323,Turner,E. Turner,0,0,0,,0,0,0,0,h,Turner Bad Pass Turnover (P2.T8),Turnover,Bad Pass,0,0
207,231,PT00M53.90S,2,1610612764,WAS,101154,Blatche,A. Blatche,1,7,1,Made,1,48,51,99,v,Blatche 1' Alley Oop Dunk (13 PTS) (Wall 7 AST),Made Shot,Alley Oop Dunk Shot,0,0
208,232,PT00M53.90S,2,1610612755,PHI,201578,Speights,M. Speights,0,0,0,,0,0,0,0,h,Speights AWAY.FROM.PLAY.FOUL (P2.PN),Foul,Away From Play,0,0
209,233,PT00M53.90S,2,1610612755,PHI,202323,Turner,E. Turner,0,0,0,,0,0,0,0,h,SUB: Williams FOR Turner,Substitution,,0,0
210,234,PT00M53.90S,2,1610612764,WAS,202322,Wall,J. Wall,0,0,0,,0,48,52,100,v,Wall Free Throw 1 of 1 (7 PTS),Free Throw,Free Throw 1 of 1,0,0
211,235,PT00M53.90S,2,1610612764,WAS,1740,Lewis,R. Lewis,0,0,0,,0,0,0,0,v,SUB: Booker FOR Lewis,Substitution,,0,0
212,238,PT00M36.80S,2,1610612755,PHI,1882,Brand,E. Brand,-26,86,9,Missed,1,0,0,0,h,MISS Brand 9' Jump Shot,Missed Shot,Jump Shot,0,0
213,239,PT00M35.60S,2,1610612764,WAS,101154,Blatche,A. Blatche,0,0,0,,0,0,0,0,v,Blatche REBOUND (Off:1 Def:3),Rebound,Unknown,0,0
214,240,PT00M19.90S,2,1610612764,WAS,101154,Blatche,A. Blatche,0,0,0,,0,0,0,0,v,Blatche Bad Pass Turnover (P1.T5),Turnover,Bad Pass,0,0
215,240,PT00M19.90S,2,1610612755,PHI,201950,Holiday,J. Holiday,0,0,0,,0,0,0,0,h,Holiday STEAL (1 STL),,,0,0
216,241,PT00M15.90S,2,1610612755,PHI,201578,Speights,M. Speights,9,-2,1,Made,1,50,52,102,h,Speights 1' Layup (8 PTS) (Holiday 4 AST),Made Shot,Layup Shot,0,0
217,242,PT00M01.00S,2,1610612764,WAS,202322,Wall,J. Wall,-169,116,20,Missed,1,0,0,0,v,MISS Wall 20' Jump Shot,Missed Shot,Jump Shot,0,0
218,242,PT00M01.00S,2,1610612755,PHI,201950,Holiday,J. Holiday,0,0,0,,0,0,0,0,h,Holiday BLOCK (1 BLK),,,0,0
219,243,PT00M00.10S,2,1610612755,PHI,201578,Speights,M. Speights,0,0,0,,0,0,0,0,h,Speights REBOUND (Off:3 Def:4),Rebound,Unknown,0,0
220,244,PT00M00.00S,2,0,,0,,,0,0,0,,0,50,52,102,,End of 2nd Period (8:13 PM EST),period,end,0,0
221,247,PT12M00.00S,3,0,,0,,,0,0,0,,0,50,52,102,,Start of 3rd Period (8:29 PM EST),period,start,0,0
222,248,PT11M41.00S,3,1610612755,PHI,201150,Hawes,S. Hawes,165,7,17,Missed,1,0,0,0,h,MISS Hawes 17' Jump Shot,Missed Shot,Jump Shot,0,0
223,249,PT11M39.00S,3,1610612764,WAS,1740,Lewis,R. Lewis,0,0,0,,0,0,0,0,v,Lewis REBOUND (Off:1 Def:4),Rebound,Unknown,0,0
224,250,PT11M14.00S,3,1610612764,WAS,1740,Lewis,R. Lewis,222,-22,0,Made,1,50,55,105,v,Lewis  3PT Jump Shot (15 PTS) (Wall 8 AST),Made Shot,Jump Shot,0,0
225,251,PT11M00.00S,3,1610612755,PHI,201950,Holiday,J. Holiday,36,250,25,Missed,1,0,0,0,h,MISS Holiday 25' 3PT Jump Shot,Missed Shot,Jump Shot,0,0
226,252,PT10M58.00S,3,1610612764,WAS,201580,McGee,J. McGee,0,0,0,,0,0,0,0,v,McGee REBOUND (Off:2 Def:1),Rebound,Unknown,0,0
227,253,PT10M41.00S,3,1610612764,WAS,101154,Blatche,A. Blatche,184,-5,18,Made,1,50,57,107,v,Blatche 18' Jump Shot (15 PTS) (Lewis 2 AST),Made Shot,Jump Shot,0,0
228,254,PT10M21.00S,3,1610612755,PHI,201150,Hawes,S. Hawes,7,97,10,Missed,1,0,0,0,h,MISS Hawes 10' Jump Shot,Missed Shot,Jump Shot,0,0
229,255,PT10M19.00S,3,1610612764,WAS,201580,McGee,J. McGee,0,0,0,,0,0,0,0,v,McGee REBOUND (Off:2 Def:2),Rebound,Unknown,0,0
230,256,PT10M16.00S,3,1610612755,PHI,2804,Nocioni,A. Nocioni,0,0,0,,0,0,0,0,h,Nocioni P.FOUL (P1.T1),Foul,Personal,0,0
231,257,PT10M16.00S,3,1610612764,WAS,201580,McGee,J. McGee,0,0,0,,0,0,0,0,v,MISS McGee Free Throw 1 of 2,Free Throw,Free Throw 1 of 2,0,0
232,258,PT10M16.00S,3,0,,1610612764,,,0,0,0,,0,0,0,0,v,Wizards Rebound,Rebound,Normal Rebound,0,0
233,259,PT10M16.00S,3,1610612764,WAS,201580,McGee,J. McGee,0,0,0,,0,0,0,0,v,MISS McGee Free Throw 2 of 2,Free Throw,Free Throw 2 of 2,0,0
234,261,PT10M15.00S,3,1610612755,PHI,201950,Holiday,J. Holiday,0,0,0,,0,0,0,0,h,Holiday REBOUND (Off:0 Def:3),Rebound,Unknown,0,0
235,262,PT10M01.00S,3,1610612755,PHI,2804,Nocioni,A. Nocioni,40,52,7,Made,1,52,57,109,h,Nocioni 7' Fadeaway Jumper (2 PTS) (Holiday 5 AST),Made Shot,Fadeaway Jump Shot,0,0
236,263,PT09M46.00S,3,1610612764,WAS,1740,Lewis,R. Lewis,0,0,0,,0,0,0,0,v,Lewis OFF.Foul (P3),Foul,Offensive,0,0
237,264,PT09M46.00S,3,1610612764,WAS,1740,Lewis,R. Lewis,0,0,0,,0,0,0,0,v,Lewis Foul Turnover (P3.T6),Turnover,Foul,0,0
238,265,PT09M46.00S,3,1610612755,PHI,201975,Meeks,J. Meeks,0,0,0,,0,0,0,0,h,SUB: Kapono FOR Meeks,Substitution,,0,0
239,266,PT09M46.00S,3,1610612764,WAS,201580,McGee,J. McGee,0,0,0,,0,0,0,0,v,SUB: Seraphin FOR McGee,Substitution,,0,0
240,267,PT09M30.00S,3,1610612764,WAS,202338,Seraphin,K. Seraphin,0,0,0,,0,0,0,0,v,Seraphin S.FOUL (P3.T1),Foul,Shooting,0,0
241,268,PT09M30.00S,3,1610612755,PHI,201950,Holiday,J. Holiday,0,0,0,,0,53,57,110,h,Holiday Free Throw 1 of 2 (11 PTS),Free Throw,Free Throw 1 of 2,0,0
242,270,PT09M30.00S,3,1610612755,PHI,201950,Holiday,J. Holiday,0,0,0,,0,0,0,0,h,MISS Holiday Free Throw 2 of 2,Free Throw,Free Throw 2 of 2,0,0
243,272,PT09M28.00S,3,1610612755,PHI,201150,Hawes,S. Hawes,0,0,0,,0,0,0,0,h,Hawes REBOUND (Off:1 Def:0),Rebound,Unknown,0,0
244,273,PT09M16.00S,3,1610612755,PHI,1882,Brand,E. Brand,21,44,5,Made,1,55,57,112,h,Brand 5' Running Hook Shot (12 PTS),Made Shot,Running Hook Shot,0,0
245,274,PT08M59.00S,3,1610612764,WAS,101154,Blatche,A. Blatche,18,112,11,Missed,1,0,0,0,v,MISS Blatche 11' Jump Shot,Missed Shot,Jump Shot,0,0
246,275,PT08M56.00S,3,1610612755,PHI,2574,Kapono,J. Kapono,0,0,0,,0,0,0,0,h,Kapono REBOUND (Off:0 Def:1),Rebound,Unknown,0,0
247,276,PT08M50.00S,3,1610612755,PHI,201950,Holiday,J. Holiday,18,15,2,Made,1,57,57,114,h,Holiday 2' Reverse Layup (13 PTS),Made Shot,Reverse Layup Shot,0,0
248,277,PT08M30.00S,3,1610612764,WAS,201156,Young,N. Young,6,255,26,Missed,1,0,0,0,v,MISS Young 26' 3PT Jump Shot,Missed Shot,Jump Shot,0,0
249,278,PT08M28.00S,3,1610612755,PHI,201950,Holiday,J. Holiday,0,0,0,,0,0,0,0,h,Holiday REBOUND (Off:0 Def:4),Rebound,Unknown,0,0
250,279,PT08M13.00S,3,1610612755,PHI,2804,Nocioni,A. Nocioni,-209,142,25,Missed,1,0,0,0,h,MISS Nocioni 25' 3PT Jump Shot,Missed Shot,Jump Shot,0,0
251,280,PT08M11.00S,3,1610612764,WAS,202338,Seraphin,K. Seraphin,0,0,0,,0,0,0,0,v,Seraphin REBOUND (Off:1 Def:2),Rebound,Unknown,0,0
252,281,PT07M59.00S,3,1610612764,WAS,1740,Lewis,R. Lewis,-109,143,18,Made,1,57,59,116,v,Lewis 18' Pullup Jump Shot (17 PTS),Made Shot,Pullup Jump shot,0,0
253,282,PT07M42.00S,3,1610612764,WAS,101154,Blatche,A. Blatche,0,0,0,,0,0,0,0,v,Blatche P.FOUL (P2.T2),Foul,Personal,0,0
254,283,PT07M42.00S,3,1610612764,WAS,202338,Seraphin,K. Seraphin,0,0,0,,0,0,0,0,v,SUB: McGee FOR Seraphin,Substitution,,0,0
255,284,PT07M30.00S,3,1610612755,PHI,2574,Kapono,J. Kapono,177,48,18,Missed,1,0,0,0,h,MISS Kapono 18' Jump Shot,Missed Shot,Jump Shot,0,0
256,285,PT07M28.00S,3,1610612764,WAS,1740,Lewis,R. Lewis,0,0,0,,0,0,0,0,v,Lewis REBOUND (Off:1 Def:5),Rebound,Unknown,0,0
257,286,PT07M11.00S,3,1610612764,WAS,202322,Wall,J. Wall,15,255,26,Missed,1,0,0,0,v,MISS Wall 26' 3PT Jump Shot,Missed Shot,Jump Shot,0,0
258,287,PT07M09.00S,3,1610612755,PHI,1882,Brand,E. Brand,0,0,0,,0,0,0,0,h,Brand REBOUND (Off:2 Def:1),Rebound,Unknown,0,0
259,288,PT07M05.00S,3,1610612764,WAS,202322,Wall,J. Wall,0,0,0,,0,0,0,0,v,Wall S.FOUL (P2.T3),Foul,Shooting,0,0
260,289,PT07M05.00S,3,1610612755,PHI,201950,Holiday,J. Holiday,0,0,0,,0,58,59,117,h,Holiday Free Throw 1 of 2 (14 PTS),Free Throw,Free Throw 1 of 2,0,0
261,291,PT07M05.00S,3,1610612755,PHI,201950,Holiday,J. Holiday,0,0,0,,0,0,0,0,h,MISS Holiday Free Throw 2 of 2,Free Throw,Free Throw 2 of 2,0,0
262,293,PT07M01.00S,3,1610612764,WAS,201580,McGee,J. McGee,0,0,0,,0,0,0,0,v,McGee REBOUND (Off:2 Def:3),Rebound,Unknown,0,0
263,294,PT06M46.00S,3,1610612764,WAS,201580,McGee,J. McGee,-78,-3,8,Missed,1,0,0,0,v,MISS McGee 8' Jump Shot,Missed Shot,Jump Shot,0,0
264,295,PT06M44.00S,3,1610612764,WAS,101154,Blatche,A. Blatche,0,0,0,,0,0,0,0,v,Blatche REBOUND (Off:2 Def:3),Rebound,Unknown,0,0
265,296,PT06M40.00S,3,1610612764,WAS,201156,Young,N. Young,-11,69,7,Missed,1,0,0,0,v,MISS Young 7' Jump Shot,Missed Shot,Jump Shot,0,0
266,297,PT06M39.00S,3,1610612755,PHI,1882,Brand,E. Brand,0,0,0,,0,0,0,0,h,Brand REBOUND (Off:2 Def:2),Rebound,Unknown,0,0
267,298,PT06M28.00S,3,1610612755,PHI,201150,Hawes,S. Hawes,-82,164,18,Made,1,60,59,119,h,Hawes 18' Jump Shot (4 PTS) (Holiday 6 AST),Made Shot,Jump Shot,0,0
268,299,PT06M25.00S,3,0,,1610612764,,,0,0,0,,0,0,0,0,v,Wizards Timeout: Regular (Reg.3 Short 0),Timeout,Regular,0,0
269,300,PT06M12.00S,3,1610612764,WAS,201156,Young,N. Young,84,129,15,Missed,1,0,0,0,v,MISS Young 15' Jump Shot,Missed Shot,Jump Shot,0,0
270,301,PT06M10.00S,3,1610612755,PHI,2804,Nocioni,A. Nocioni,0,0,0,,0,0,0,0,h,Nocioni REBOUND (Off:0 Def:3),Rebound,Unknown,0,0
271,302,PT06M03.00S,3,1610612755,PHI,2574,Kapono,J. Kapono,228,6,0,Missed,1,0,0,0,h,MISS Kapono  3PT Jump Shot,Missed Shot,Jump Shot,0,0
272,303,PT06M01.00S,3,1610612764,WAS,201156,Young,N. Young,0,0,0,,0,0,0,0,v,Young REBOUND (Off:0 Def:1),Rebound,Unknown,0,0
273,304,PT05M50.00S,3,1610612764,WAS,202322,Wall,J. Wall,23,82,9,Missed,1,0,0,0,v,MISS Wall 9' Jump Shot,Missed Shot,Jump Shot,0,0
274,305,PT05M49.00S,3,1610612764,WAS,1740,Lewis,R. Lewis,0,0,0,,0,0,0,0,v,Lewis REBOUND (Off:2 Def:5),Rebound,Unknown,0,0
275,306,PT05M43.00S,3,1610612755,PHI,2804,Nocioni,A. Nocioni,0,0,0,,0,0,0,0,h,Nocioni S.FOUL (P2.T2),Foul,Shooting,0,0
276,307,PT05M43.00S,3,1610612764,WAS,1740,Lewis,R. Lewis,0,0,0,,0,0,0,0,v,MISS Lewis Free Throw 1 of 2,Free Throw,Free Throw 1 of 2,0,0
277,308,PT05M43.00S,3,0,,1610612764,,,0,0,0,,0,0,0,0,v,Wizards Rebound,Rebound,Normal Rebound,0,0
278,309,PT05M43.00S,3,1610612764,WAS,201156,Young,N. Young,0,0,0,,0,0,0,0,v,SUB: Hinrich FOR Young,Substitution,,0,0
279,310,PT05M43.00S,3,1610612764,WAS,1740,Lewis,R. Lewis,0,0,0,,0,60,60,120,v,Lewis Free Throw 2 of 2 (18 PTS),Free Throw,Free Throw 2 of 2,0,0
280,312,PT05M28.00S,3,1610612764,WAS,101154,Blatche,A. Blatche,0,0,0,,0,0,0,0,v,Blatche S.FOUL (P3.T4),Foul,Shooting,0,0
281,313,PT05M28.00S,3,1610612755,PHI,1882,Brand,E. Brand,0,0,0,,0,61,60,121,h,Brand Free Throw 1 of 2 (13 PTS),Free Throw,Free Throw 1 of 2,0,0
282,315,PT05M28.00S,3,1610612755,PHI,1882,Brand,E. Brand,0,0,0,,0,0,0,0,h,MISS Brand Free Throw 2 of 2,Free Throw,Free Throw 2 of 2,0,0
283,317,PT05M28.00S,3,0,,1610612764,,,0,0,0,,0,0,0,0,v,Wizards Rebound,Rebound,Unknown,0,0
284,318,PT05M28.00S,3,1610612755,PHI,2804,Nocioni,A. Nocioni,0,0,0,,0,0,0,0,h,Nocioni L.B.FOUL (P3.T3),Foul,Loose Ball,0,0
285,319,PT05M18.00S,3,1610612764,WAS,2550,Hinrich,K. Hinrich,-97,146,18,Made,1,61,62,123,v,Hinrich 18' Pullup Jump Shot (4 PTS),Made Shot,Pullup Jump shot,0,0
286,320,PT05M00.00S,3,1610612755,PHI,201950,Holiday,J. Holiday,2,66,7,Missed,1,0,0,0,h,MISS Holiday 7' Jump Shot,Missed Shot,Jump Shot,0,0
287,320,PT05M00.00S,3,1610612764,WAS,201580,McGee,J. McGee,0,0,0,,0,0,0,0,v,McGee BLOCK (1 BLK),,,0,0
288,321,PT04M57.00S,3,1610612764,WAS,2550,Hinrich,K. Hinrich,0,0,0,,0,0,0,0,v,Hinrich REBOUND (Off:0 Def:1),Rebound,Unknown,0,0
289,322,PT04M46.00S,3,1610612764,WAS,2550,Hinrich,K. Hinrich,0,0,0,,0,0,0,0,v,Hinrich Lost Ball Turnover (P1.T7),Turnover,Lost Ball,0,0
290,322,PT04M46.00S,3,1610612755,PHI,201950,Holiday,J. Holiday,0,0,0,,0,0,0,0,h,Holiday STEAL (2 STL),,,0,0
291,323,PT04M42.00S,3,1610612755,PHI,201950,Holiday,J. Holiday,-4,3,1,Made,1,63,62,125,h,Holiday 1' Slam Dunk (16 PTS) (Brand 1 AST),Made Shot,Slam Dunk Shot,0,0
292,324,PT04M26.00S,3,1610612764,WAS,2550,Hinrich,K. Hinrich,84,26,9,Made,1,63,64,127,v,Hinrich 9' Running Bank Shot (6 PTS),Made Shot,Running Bank shot,0,0
293,325,PT04M08.00S,3,1610612755,PHI,1882,Brand,E. Brand,-106,12,11,Missed,1,0,0,0,h,MISS Brand 11' Jump Shot,Missed Shot,Jump Shot,0,0
294,326,PT04M06.00S,3,1610612764,WAS,201580,McGee,J. McGee,0,0,0,,0,0,0,0,v,McGee REBOUND (Off:2 Def:4),Rebound,Unknown,0,0
295,327,PT04M01.00S,3,1610612764,WAS,202322,Wall,J. Wall,4,9,1,Made,1,63,66,129,v,Wall 1' Reverse Layup (9 PTS) (Hinrich 4 AST),Made Shot,Reverse Layup Shot,0,0
296,328,PT03M49.00S,3,1610612755,PHI,201950,Holiday,J. Holiday,-2,203,20,Made,1,65,66,131,h,Holiday 20' Jump Shot (18 PTS),Made Shot,Jump Shot,0,0
297,329,PT03M26.00S,3,1610612764,WAS,1740,Lewis,R. Lewis,0,0,0,,0,0,0,0,v,Lewis Out of Bounds Lost Ball Turnover (P4.T8),Turnover,Out of Bounds Lost Ball Turnover,0,0
298,330,PT03M26.00S,3,1610612755,PHI,2574,Kapono,J. Kapono,0,0,0,,0,0,0,0,h,SUB: Williams FOR Kapono,Substitution,,0,0
299,331,PT03M26.00S,3,1610612755,PHI,201150,Hawes,S. Hawes,0,0,0,,0,0,0,0,h,SUB: Young FOR Hawes,Substitution,,0,0
300,332,PT03M26.00S,3,1610612764,WAS,101154,Blatche,A. Blatche,0,0,0,,0,0,0,0,v,SUB: Thornton FOR Blatche,Substitution,,0,0
301,333,PT03M08.00S,3,1610612755,PHI,101150,Williams,L. Williams,111,97,15,Missed,1,0,0,0,h,MISS Williams 15' Jump Shot,Missed Shot,Jump Shot,0,0
302,334,PT03M07.00S,3,0,,1610612764,,,0,0,0,,0,0,0,0,v,Wizards Rebound,Rebound,Unknown,0,0
303,335,PT02M56.00S,3,1610612764,WAS,2550,Hinrich,K. Hinrich,83,45,9,Made,1,65,68,133,v,Hinrich 9' Pullup Bank Shot (8 PTS) (Wall 9 AST),Made Shot,Pullup Bank shot,0,0
304,336,PT02M38.00S,3,1610612755,PHI,2804,Nocioni,A. Nocioni,231,0,0,Made,1,68,68,136,h,Nocioni  3PT Jump Shot (5 PTS) (Holiday 7 AST),Made Shot,Jump Shot,0,0
305,337,PT02M32.00S,3,1610612764,WAS,202322,Wall,J. Wall,-4,14,1,Made,1,68,70,138,v,Wall 1' Reverse Layup (11 PTS),Made Shot,Reverse Layup Shot,0,0
306,338,PT02M32.00S,3,1610612755,PHI,201152,Young,T. Young,0,0,0,,0,0,0,0,h,Young S.FOUL (P1.T4),Foul,Shooting,0,0
307,339,PT02M32.00S,3,0,,1610612755,,,0,0,0,,0,0,0,0,h,76ERS Timeout: Regular (Full 3 Short 0),Timeout,Regular,0,0
308,340,PT02M32.00S,3,1610612764,WAS,202322,Wall,J. Wall,0,0,0,,0,68,71,139,v,Wall Free Throw 1 of 1 (12 PTS),Free Throw,Free Throw 1 of 1,0,0
309,342,PT02M21.00S,3,1610612755,PHI,101150,Williams,L. Williams,17,15,2,Made,1,70,71,141,h,Williams 2' Driving Reverse Layup (10 PTS) (Brand 2 AST),Made Shot,Driving Reverse Layup Shot,0,0
310,343,PT02M08.00S,3,1610612755,PHI,101150,Williams,L. Williams,0,0,0,,0,0,0,0,h,Williams Violation:Kicked Ball,Violation,Kicked Ball,0,0
311,344,PT02M00.00S,3,1610612764,WAS,1740,Lewis,R. Lewis,-123,159,20,Missed,1,0,0,0,v,MISS Lewis 20' Jump Shot,Missed Shot,Jump Shot,0,0
312,345,PT01M58.00S,3,1610612755,PHI,2804,Nocioni,A. Nocioni,0,0,0,,0,0,0,0,h,Nocioni REBOUND (Off:0 Def:4),Rebound,Unknown,0,0
313,347,PT01M43.00S,3,1610612764,WAS,2550,Hinrich,K. Hinrich,0,0,0,,0,0,0,0,v,Hinrich S.FOUL (P3.PN),Foul,Shooting,0,0
314,350,PT01M43.00S,3,0,,347,,,0,0,0,,0,0,0,0,,Support Ruling,Instant Replay,Support Ruling,0,0
315,351,PT01M43.00S,3,1610612755,PHI,101150,Williams,L. Williams,0,0,0,,0,0,0,0,h,MISS Williams Free Throw 1 of 3,Free Throw,Free Throw 1 of 3,0,0
316,352,PT01M43.00S,3,0,,1610612755,,,0,0,0,,0,0,0,0,h,76ERS Rebound,Rebound,Normal Rebound,0,0
317,353,PT01M43.00S,3,1610612755,PHI,101150,Williams,L. Williams,0,0,0,,0,71,71,142,h,Williams Free Throw 2 of 3 (11 PTS),Free Throw,Free Throw 2 of 3,0,0
318,355,PT01M43.00S,3,1610612755,PHI,101150,Williams,L. Williams,0,0,0,,0,72,71,143,h,Williams Free Throw 3 of 3 (12 PTS),Free Throw,Free Throw 3 of 3,0,0
319,357,PT01M23.00S,3,1610612755,PHI,101150,Williams,L. Williams,0,0,0,,0,0,0,0,h,Williams S.FOUL (P1.PN),Foul,Shooting,0,0
320,358,PT01M23.00S,3,1610612764,WAS,2550,Hinrich,K. Hinrich,0,0,0,,0,72,72,144,v,Hinrich Free Throw 1 of 2 (9 PTS),Free Throw,Free Throw 1 of 2,0,0
321,360,PT01M23.00S,3,1610612764,WAS,2550,Hinrich,K. Hinrich,0,0,0,,0,72,73,145,v,Hinrich Free Throw 2 of 2 (10 PTS),Free Throw,Free Throw 2 of 2,0,0
322,362,PT00M59.90S,3,1610612755,PHI,2804,Nocioni,A. Nocioni,209,143,25,Missed,1,0,0,0,h,MISS Nocioni 25' 3PT Jump Shot,Missed Shot,Jump Shot,0,0
323,363,PT00M57.80S,3,1610612764,WAS,2550,Hinrich,K. Hinrich,0,0,0,,0,0,0,0,v,Hinrich REBOUND (Off:0 Def:2),Rebound,Unknown,0,0
324,364,PT00M53.90S,3,1610612764,WAS,2550,Hinrich,K. Hinrich,6,31,3,Made,1,72,75,147,v,Hinrich 3' Driving Finger Roll Layup (12 PTS),Made Shot,Driving Finger Roll Layup Shot,0,0
325,365,PT00M39.80S,3,1610612755,PHI,201950,Holiday,J. Holiday,105,80,13,Made,1,74,75,149,h,Holiday 13' Pullup Jump Shot (20 PTS),Made Shot,Pullup Jump shot,0,0
326,366,PT00M24.90S,3,1610612764,WAS,2550,Hinrich,K. Hinrich,62,66,9,Missed,1,0,0,0,v,MISS Hinrich 9' Jump Shot,Missed Shot,Jump Shot,0,0
327,367,PT00M23.60S,3,1610612755,PHI,2804,Nocioni,A. Nocioni,0,0,0,,0,0,0,0,h,Nocioni REBOUND (Off:0 Def:5),Rebound,Unknown,0,0
328,368,PT00M00.90S,3,1610612755,PHI,101150,Williams,L. Williams,-65,205,22,Made,1,76,75,151,h,Williams 22' Fadeaway Jumper (14 PTS),Made Shot,Fadeaway Jump Shot,0,0
329,370,PT00M00.00S,3,0,,0,,,0,0,0,,0,76,75,151,,End of 3rd Period (8:56 PM EST),period,end,0,0
330,372,PT12M00.00S,4,0,,0,,,0,0,0,,0,76,75,151,,Start of 4th Period (8:57 PM EST),period,start,0,0
331,373,PT11M41.00S,4,1610612764,WAS,101154,Blatche,A. Blatche,73,127,15,Missed,1,0,0,0,v,MISS Blatche 15' Jump Shot,Missed Shot,Jump Shot,0,0
332,374,PT11M40.00S,4,0,,1610612755,,,0,0,0,,0,0,0,0,h,76ERS Rebound,Rebound,Unknown,0,0
333,375,PT11M29.00S,4,1610612755,PHI,2804,Nocioni,A. Nocioni,34,23,4,Made,1,78,75,153,h,Nocioni 4' Running Jump Shot (7 PTS) (Williams 3 AST),Made Shot,Running Jump Shot,0,0
334,376,PT11M12.00S,4,1610612764,WAS,2550,Hinrich,K. Hinrich,0,0,0,,0,0,0,0,v,Hinrich Bad Pass Turnover (P2.T9),Turnover,Bad Pass,0,0
335,377,PT11M01.00S,4,1610612755,PHI,201152,Young,T. Young,0,0,0,,0,0,0,0,h,Young Traveling Turnover (P2.T9),Turnover,Traveling,0,0
336,378,PT10M49.00S,4,1610612764,WAS,201154,Thornton,A. Thornton,1,201,20,Made,1,78,77,155,v,Thornton 20' Jump Shot (2 PTS) (Blatche 3 AST),Made Shot,Jump Shot,0,0
337,379,PT10M26.00S,4,1610612755,PHI,202323,Turner,E. Turner,-149,113,19,Made,1,80,77,157,h,Turner 19' Jump Shot (2 PTS),Made Shot,Jump Shot,0,0
338,380,PT10M06.00S,4,1610612764,WAS,2550,Hinrich,K. Hinrich,-139,228,27,Missed,1,0,0,0,v,MISS Hinrich 27' 3PT Jump Shot,Missed Shot,Jump Shot,0,0
339,381,PT10M04.00S,4,1610612755,PHI,201152,Young,T. Young,0,0,0,,0,0,0,0,h,Young REBOUND (Off:0 Def:4),Rebound,Unknown,0,0
340,382,PT09M50.00S,4,1610612755,PHI,201578,Speights,M. Speights,-65,121,14,Missed,1,0,0,0,h,MISS Speights 14' Jump Shot,Missed Shot,Jump Shot,0,0
341,383,PT09M48.00S,4,1610612764,WAS,1740,Lewis,R. Lewis,0,0,0,,0,0,0,0,v,Lewis REBOUND (Off:2 Def:6),Rebound,Unknown,0,0
342,384,PT09M41.00S,4,1610612755,PHI,201578,Speights,M. Speights,0,0,0,,0,0,0,0,h,76ERS T.Foul (Def. 3 Sec Speights ),Foul,Defense 3 Second,0,0
343,385,PT09M41.00S,4,1610612764,WAS,2550,Hinrich,K. Hinrich,0,0,0,,0,80,78,158,v,Hinrich Free Throw Technical (13 PTS),Free Throw,Free Throw Technical,0,0
344,387,PT09M34.00S,4,1610612764,WAS,2550,Hinrich,K. Hinrich,-157,134,21,Missed,1,0,0,0,v,MISS Hinrich 21' Jump Shot,Missed Shot,Jump Shot,0,0
345,388,PT09M32.00S,4,1610612755,PHI,2804,Nocioni,A. Nocioni,0,0,0,,0,0,0,0,h,Nocioni REBOUND (Off:0 Def:6),Rebound,Unknown,0,0
346,389,PT09M22.00S,4,1610612755,PHI,202323,Turner,E. Turner,-158,101,19,Missed,1,0,0,0,h,MISS Turner 19' Jump Shot,Missed Shot,Jump Shot,0,0
347,390,PT09M20.00S,4,1610612764,WAS,2550,Hinrich,K. Hinrich,0,0,0,,0,0,0,0,v,Hinrich REBOUND (Off:0 Def:3),Rebound,Unknown,0,0
348,391,PT09M13.00S,4,1610612764,WAS,2550,Hinrich,K. Hinrich,37,50,6,Missed,1,0,0,0,v,MISS Hinrich 6' Jump Shot,Missed Shot,Jump Shot,0,0
349,392,PT09M11.00S,4,1610612755,PHI,2804,Nocioni,A. Nocioni,0,0,0,,0,0,0,0,h,Nocioni REBOUND (Off:0 Def:7),Rebound,Unknown,0,0
350,393,PT09M07.00S,4,1610612755,PHI,101150,Williams,L. Williams,24,20,3,Missed,1,0,0,0,h,MISS Williams 3' Jump Shot,Missed Shot,Jump Shot,0,0
351,394,PT09M04.00S,4,1610612764,WAS,201154,Thornton,A. Thornton,0,0,0,,0,0,0,0,v,Thornton REBOUND (Off:0 Def:2),Rebound,Unknown,0,0
352,395,PT08M58.00S,4,1610612764,WAS,201156,Young,N. Young,233,-6,0,Made,1,80,81,161,v,Young  3PT Jump Shot (15 PTS) (Thornton 1 AST),Made Shot,Jump Shot,0,0
353,396,PT08M39.00S,4,1610612755,PHI,202323,Turner,E. Turner,0,0,0,,0,0,0,0,h,Turner Bad Pass Turnover (P3.T10),Turnover,Bad Pass,0,0
354,396,PT08M39.00S,4,1610612764,WAS,2550,Hinrich,K. Hinrich,0,0,0,,0,0,0,0,v,Hinrich STEAL (1 STL),,,0,0
355,397,PT08M32.00S,4,1610612764,WAS,2550,Hinrich,K. Hinrich,0,0,0,,0,0,0,0,v,Hinrich Bad Pass Turnover (P3.T10),Turnover,Bad Pass,0,0
356,397,PT08M32.00S,4,1610612755,PHI,101150,Williams,L. Williams,0,0,0,,0,0,0,0,h,Williams STEAL (1 STL),,,0,0
357,398,PT08M29.00S,4,1610612764,WAS,201154,Thornton,A. Thornton,0,0,0,,0,0,0,0,v,Thornton P.FOUL (P1.T1),Foul,Personal,0,0
358,399,PT08M29.00S,4,0,,0,,,0,0,0,,0,0,0,0,,Timeout: Official,Timeout,Official,0,0
359,400,PT08M29.00S,4,1610612755,PHI,201578,Speights,M. Speights,0,0,0,,0,0,0,0,h,SUB: Brand FOR Speights,Substitution,,0,0
360,401,PT08M26.00S,4,1610612755,PHI,201152,Young,T. Young,0,0,0,,0,0,0,0,h,Young Out of Bounds Lost Ball Turnover (P3.T11),Turnover,Out of Bounds Lost Ball Turnover,0,0
361,402,PT08M11.00S,4,1610612755,PHI,1882,Brand,E. Brand,0,0,0,,0,0,0,0,h,Brand P.FOUL (P2.T1),Foul,Personal,0,0
362,403,PT08M03.00S,4,1610612764,WAS,1740,Lewis,R. Lewis,0,0,0,,0,0,0,0,v,Lewis Lost Ball Turnover (P5.T11),Turnover,Lost Ball,0,0
363,403,PT08M03.00S,4,1610612755,PHI,101150,Williams,L. Williams,0,0,0,,0,0,0,0,h,Williams STEAL (2 STL),,,0,0
364,404,PT07M41.00S,4,1610612755,PHI,101150,Williams,L. Williams,-45,257,26,Made,1,83,81,164,h,Williams 26' 3PT Jump Shot (17 PTS) (Young 1 AST),Made Shot,Jump Shot,0,0
365,405,PT07M24.00S,4,1610612755,PHI,202323,Turner,E. Turner,0,0,0,,0,0,0,0,h,Turner P.FOUL (P3.T2),Foul,Personal,0,0
366,406,PT07M24.00S,4,1610612764,WAS,2550,Hinrich,K. Hinrich,0,0,0,,0,0,0,0,v,SUB: Wall FOR Hinrich,Substitution,,0,0
367,407,PT07M24.00S,4,1610612755,PHI,2804,Nocioni,A. Nocioni,0,0,0,,0,0,0,0,h,SUB: Holiday FOR Nocioni,Substitution,,0,0
368,408,PT07M18.00S,4,1610612764,WAS,201156,Young,N. Young,-160,96,19,Missed,1,0,0,0,v,MISS Young 19' Jump Shot,Missed Shot,Jump Shot,0,0
369,409,PT07M17.00S,4,1610612755,PHI,101150,Williams,L. Williams,0,0,0,,0,0,0,0,h,Williams REBOUND (Off:0 Def:2),Rebound,Unknown,0,0
370,410,PT07M01.00S,4,1610612755,PHI,201950,Holiday,J. Holiday,0,52,5,Made,1,85,81,166,h,Holiday 5' Running Jump Shot (22 PTS),Made Shot,Running Jump Shot,0,0
371,411,PT07M01.00S,4,1610612764,WAS,201156,Young,N. Young,0,0,0,,0,0,0,0,v,Young S.FOUL (P2.T2),Foul,Shooting,0,0
372,412,PT07M01.00S,4,0,,1610612764,,,0,0,0,,0,0,0,0,v,Wizards Timeout: Regular (Reg.4 Short 0),Timeout,Regular,0,0
373,413,PT07M01.00S,4,1610612764,WAS,1740,Lewis,R. Lewis,0,0,0,,0,0,0,0,v,SUB: Hinrich FOR Lewis,Substitution,,0,0
374,414,PT07M01.00S,4,1610612755,PHI,201950,Holiday,J. Holiday,0,0,0,,0,86,81,167,h,Holiday Free Throw 1 of 1 (23 PTS),Free Throw,Free Throw 1 of 1,0,0
375,416,PT06M40.00S,4,1610612764,WAS,202322,Wall,J. Wall,-18,14,2,Made,1,86,83,169,v,Wall 2' Driving Layup (14 PTS),Made Shot,Driving Layup Shot,0,0
376,417,PT06M26.00S,4,1610612755,PHI,101150,Williams,L. Williams,0,0,0,,0,0,0,0,h,Williams OFF.Foul (P2),Foul,Offensive,0,0
377,418,PT06M26.00S,4,1610612755,PHI,101150,Williams,L. Williams,0,0,0,,0,0,0,0,h,Williams Foul Turnover (P1.T12),Turnover,Foul,0,0
378,419,PT06M26.00S,4,1610612764,WAS,201154,Thornton,A. Thornton,0,0,0,,0,0,0,0,v,SUB: McGee FOR Thornton,Substitution,,0,0
379,420,PT06M11.00S,4,1610612764,WAS,101154,Blatche,A. Blatche,-131,107,17,Made,1,86,85,171,v,Blatche 17' Jump Shot (17 PTS) (Wall 10 AST),Made Shot,Jump Shot,0,0
380,421,PT05M56.00S,4,1610612764,WAS,201580,McGee,J. McGee,0,0,0,,0,0,0,0,v,McGee S.FOUL (P3.T3),Foul,Shooting,0,0
381,423,PT05M56.00S,4,1610612755,PHI,101150,Williams,L. Williams,0,0,0,,0,87,85,172,h,Williams Free Throw 1 of 2 (18 PTS),Free Throw,Free Throw 1 of 2,0,0
382,425,PT05M56.00S,4,1610612755,PHI,101150,Williams,L. Williams,0,0,0,,0,88,85,173,h,Williams Free Throw 2 of 2 (19 PTS),Free Throw,Free Throw 2 of 2,0,0
383,427,PT05M40.00S,4,1610612764,WAS,101154,Blatche,A. Blatche,0,0,0,,0,0,0,0,v,Blatche Bad Pass Turnover (P2.T12),Turnover,Bad Pass,0,0
384,428,PT05M19.00S,4,1610612755,PHI,1882,Brand,E. Brand,62,56,8,Made,1,90,85,175,h,Brand 8' Jump Shot (15 PTS) (Holiday 8 AST),Made Shot,Jump Shot,0,0
385,429,PT05M03.00S,4,1610612764,WAS,201580,McGee,J. McGee,4,9,1,Made,1,90,87,177,v,McGee 1' Alley Oop Dunk (4 PTS) (Wall 11 AST),Made Shot,Alley Oop Dunk Shot,0,0
386,430,PT04M42.00S,4,1610612755,PHI,1882,Brand,E. Brand,59,105,12,Made,1,92,87,179,h,Brand 12' Jump Shot (17 PTS) (Holiday 9 AST),Made Shot,Jump Shot,0,0
387,431,PT04M23.00S,4,1610612764,WAS,2550,Hinrich,K. Hinrich,-10,39,4,Missed,1,0,0,0,v,MISS Hinrich 4' Jump Shot,Missed Shot,Jump Shot,0,0
388,432,PT04M21.00S,4,1610612755,PHI,1882,Brand,E. Brand,0,0,0,,0,0,0,0,h,Brand REBOUND (Off:2 Def:3),Rebound,Unknown,0,0
389,433,PT04M18.00S,4,1610612764,WAS,101154,Blatche,A. Blatche,0,0,0,,0,0,0,0,v,Blatche S.FOUL (P4.T4),Foul,Shooting,0,0
390,434,PT04M18.00S,4,1610612764,WAS,201580,McGee,J. McGee,0,0,0,,0,0,0,0,v,SUB: Lewis FOR McGee,Substitution,,0,0
391,435,PT04M18.00S,4,1610612755,PHI,201152,Young,T. Young,0,0,0,,0,93,87,180,h,Young Free Throw 1 of 2 (8 PTS),Free Throw,Free Throw 1 of 2,0,0
392,437,PT04M18.00S,4,1610612755,PHI,201152,Young,T. Young,0,0,0,,0,94,87,181,h,Young Free Throw 2 of 2 (9 PTS),Free Throw,Free Throw 2 of 2,0,0
393,439,PT04M03.00S,4,1610612764,WAS,201156,Young,N. Young,-67,167,18,Missed,1,0,0,0,v,MISS Young 18' Jump Shot,Missed Shot,Jump Shot,0,0
394,440,PT04M02.00S,4,1610612755,PHI,1882,Brand,E. Brand,0,0,0,,0,0,0,0,h,Brand REBOUND (Off:2 Def:4),Rebound,Unknown,0,0
395,441,PT03M45.00S,4,1610612755,PHI,202323,Turner,E. Turner,-71,83,11,Missed,1,0,0,0,h,MISS Turner 11' Jump Shot,Missed Shot,Jump Shot,0,0
396,442,PT03M43.00S,4,1610612764,WAS,1740,Lewis,R. Lewis,0,0,0,,0,0,0,0,v,Lewis REBOUND (Off:2 Def:7),Rebound,Unknown,0,0
397,443,PT03M35.00S,4,1610612764,WAS,201156,Young,N. Young,151,60,16,Made,1,94,89,183,v,Young 16' Pullup Jump Shot (17 PTS) (Wall 12 AST),Made Shot,Pullup Jump shot,0,0
398,444,PT03M17.00S,4,1610612755,PHI,201950,Holiday,J. Holiday,13,7,1,Made,1,96,89,185,h,Holiday 1' Driving Layup (25 PTS),Made Shot,Driving Layup Shot,0,0
399,445,PT03M00.00S,4,1610612764,WAS,201156,Young,N. Young,168,22,17,Made,1,96,91,187,v,Young 17' Pullup Jump Shot (19 PTS) (Wall 13 AST),Made Shot,Pullup Jump shot,0,0
400,446,PT02M54.00S,4,0,,1610612755,,,0,0,0,,0,0,0,0,h,76ERS Timeout: Regular (Full 4 Short 0),Timeout,Regular,0,0
401,447,PT02M54.00S,4,1610612755,PHI,202323,Turner,E. Turner,0,0,0,,0,0,0,0,h,SUB: Nocioni FOR Turner,Substitution,,0,0
402,448,PT02M38.00S,4,1610612755,PHI,101150,Williams,L. Williams,-152,201,25,Made,1,99,91,190,h,Williams 25' 3PT Jump Shot (22 PTS) (Brand 3 AST),Made Shot,Jump Shot,0,0
403,449,PT02M22.00S,4,1610612764,WAS,202322,Wall,J. Wall,0,0,0,,0,0,0,0,v,Wall Offensive Charge Foul (P3.PN),Foul,Offensive Charge,0,0
404,450,PT02M22.00S,4,1610612764,WAS,202322,Wall,J. Wall,0,0,0,,0,0,0,0,v,Wall Foul Turnover (P1.T13),Turnover,Foul,0,0
405,451,PT02M04.00S,4,1610612755,PHI,101150,Williams,L. Williams,18,6,2,Made,1,101,91,192,h,Williams 2' Driving Layup (24 PTS),Made Shot,Driving Layup Shot,0,0
406,452,PT01M54.00S,4,1610612755,PHI,201152,Young,T. Young,0,0,0,,0,0,0,0,h,Young S.FOUL (P2.T3),Foul,Shooting,0,0
407,453,PT01M54.00S,4,1610612764,WAS,202322,Wall,J. Wall,0,0,0,,0,101,92,193,v,Wall Free Throw 1 of 2 (15 PTS),Free Throw,Free Throw 1 of 2,0,0
408,455,PT01M54.00S,4,1610612764,WAS,202322,Wall,J. Wall,0,0,0,,0,101,93,194,v,Wall Free Throw 2 of 2 (16 PTS),Free Throw,Free Throw 2 of 2,0,0
409,457,PT01M30.00S,4,1610612755,PHI,201152,Young,T. Young,-116,102,15,Made,1,103,93,196,h,Young 15' Jump Shot (11 PTS),Made Shot,Jump Shot,0,0
410,458,PT01M23.00S,4,1610612764,WAS,2550,Hinrich,K. Hinrich,-155,53,16,Missed,1,0,0,0,v,MISS Hinrich 16' Jump Shot,Missed Shot,Jump Shot,0,0
411,459,PT01M21.00S,4,1610612755,PHI,2804,Nocioni,A. Nocioni,0,0,0,,0,0,0,0,h,Nocioni REBOUND (Off:0 Def:8),Rebound,Unknown,0,0
412,460,PT01M02.00S,4,1610612764,WAS,201156,Young,N. Young,0,0,0,,0,0,0,0,v,Young S.FOUL (P3.PN),Foul,Shooting,0,0
413,461,PT01M02.00S,4,1610612755,PHI,101150,Williams,L. Williams,0,0,0,,0,104,93,197,h,Williams Free Throw 1 of 2 (25 PTS),Free Throw,Free Throw 1 of 2,0,0
414,463,PT01M02.00S,4,1610612755,PHI,101150,Williams,L. Williams,0,0,0,,0,105,93,198,h,Williams Free Throw 2 of 2 (26 PTS),Free Throw,Free Throw 2 of 2,0,0
415,465,PT01M02.00S,4,0,,1610612764,,,0,0,0,,0,0,0,0,v,Wizards Timeout: Regular (Reg.5 Short 0),Timeout,Regular,0,0
416,467,PT00M58.90S,4,1610612764,WAS,1740,Lewis,R. Lewis,118,238,27,Missed,1,0,0,0,v,MISS Lewis 27' 3PT Jump Shot,Missed Shot,Jump Shot,0,0
417,468,PT00M58.50S,4,1610612755,PHI,2804,Nocioni,A. Nocioni,0,0,0,,0,0,0,0,h,Nocioni REBOUND (Off:0 Def:9),Rebound,Unknown,0,0
418,469,PT00M58.50S,4,1610612764,WAS,201156,Young,N. Young,0,0,0,,0,0,0,0,v,Young L.B.FOUL (P4.PN),Foul,Loose Ball,0,0
419,470,PT00M58.50S,4,1610612755,PHI,2804,Nocioni,A. Nocioni,0,0,0,,0,106,93,199,h,Nocioni Free Throw 1 of 2 (8 PTS),Free Throw,Free Throw 1 of 2,0,0
420,472,PT00M58.50S,4,1610612755,PHI,2804,Nocioni,A. Nocioni,0,0,0,,0,107,93,200,h,Nocioni Free Throw 2 of 2 (9 PTS),Free Throw,Free Throw 2 of 2,0,0
421,474,PT00M51.90S,4,1610612764,WAS,201156,Young,N. Young,-7,11,1,Made,1,107,95,202,v,Young 1' Driving Slam Dunk (21 PTS) (Wall 14 AST),Made Shot,Driving Slam Dunk Shot,0,0
422,475,PT00M47.60S,4,1610612764,WAS,202322,Wall,J. Wall,0,0,0,,0,0,0,0,v,Wall P.FOUL (P4.PN),Foul,Personal,0,0
423,476,PT00M47.60S,4,1610612755,PHI,201950,Holiday,J. Holiday,0,0,0,,0,0,0,0,h,MISS Holiday Free Throw 1 of 2,Free Throw,Free Throw 1 of 2,0,0
424,478,PT00M47.60S,4,0,,1610612755,,,0,0,0,,0,0,0,0,h,76ERS Rebound,Rebound,Normal Rebound,0,0
425,479,PT00M47.60S,4,1610612755,PHI,201950,Holiday,J. Holiday,0,0,0,,0,108,95,203,h,Holiday Free Throw 2 of 2 (26 PTS),Free Throw,Free Throw 2 of 2,0,0
426,481,PT00M42.40S,4,1610612755,PHI,2804,Nocioni,A. Nocioni,0,0,0,,0,0,0,0,h,Nocioni S.FOUL (P4.PN),Foul,Shooting,0,0
427,482,PT00M42.40S,4,1610612764,WAS,202322,Wall,J. Wall,0,0,0,,0,0,0,0,v,MISS Wall Free Throw 1 of 2,Free Throw,Free Throw 1 of 2,0,0
428,483,PT00M42.40S,4,0,,1610612764,,,0,0,0,,0,0,0,0,v,Wizards Rebound,Rebound,Normal Rebound,0,0
429,484,PT00M42.40S,4,1610612764,WAS,202322,Wall,J. Wall,0,0,0,,0,0,0,0,v,MISS Wall Free Throw 2 of 2,Free Throw,Free Throw 2 of 2,0,0
430,486,PT00M41.90S,4,1610612755,PHI,2804,Nocioni,A. Nocioni,0,0,0,,0,0,0,0,h,Nocioni REBOUND (Off:0 Def:10),Rebound,Unknown,0,0
431,487,PT00M40.40S,4,1610612764,WAS,2550,Hinrich,K. Hinrich,0,0,0,,0,0,0,0,v,Hinrich P.FOUL (P4.PN),Foul,Personal,0,0
432,488,PT00M40.40S,4,1610612755,PHI,2804,Nocioni,A. Nocioni,0,0,0,,0,109,95,204,h,Nocioni Free Throw 1 of 2 (10 PTS),Free Throw,Free Throw 1 of 2,0,0
433,490,PT00M40.40S,4,1610612755,PHI,1882,Brand,E. Brand,0,0,0,,0,0,0,0,h,SUB: Turner FOR Brand,Substitution,,0,0
434,491,PT00M40.40S,4,1610612755,PHI,2804,Nocioni,A. Nocioni,0,0,0,,0,0,0,0,h,MISS Nocioni Free Throw 2 of 2,Free Throw,Free Throw 2 of 2,0,0
435,493,PT00M39.90S,4,1610612764,WAS,1740,Lewis,R. Lewis,0,0,0,,0,0,0,0,v,Lewis REBOUND (Off:2 Def:8),Rebound,Unknown,0,0
436,494,PT00M29.90S,4,1610612764,WAS,202322,Wall,J. Wall,-10,15,2,Made,1,109,97,206,v,Wall 2' Driving Reverse Layup (18 PTS),Made Shot,Driving Reverse Layup Shot,0,0
437,496,PT00M05.50S,4,0,,1610612755,,,0,0,0,,0,0,0,0,h,76ERS Turnover: Shot Clock (T#13),Turnover,Shot Clock Turnover,0,0
438,497,PT00M01.10S,4,1610612764,WAS,202322,Wall,J. Wall,-32,9,3,Missed,1,0,0,0,v,MISS Wall 3' Layup,Missed Shot,Layup Shot,0,0
439,498,PT00M00.60S,4,1610612764,WAS,101154,Blatche,A. Blatche,0,0,0,,0,0,0,0,v,Blatche REBOUND (Off:3 Def:3),Rebound,Unknown,0,0
440,500,PT00M00.00S,4,0,,0,,,0,0,0,,0,0,0,0,,Support Ruling,Instant Replay,Support Ruling,0,0
441,501,PT00M00.00S,4,0,,0,,,0,0,0,,0,109,97,206,,End of 4th Period (9:33 PM EST),period,end,0,0
