actionId,actionNumber,clock,period,teamId,teamTricode,personId,playerName,playerNameI,xLegacy,yLegacy,shotDistance,shotResult,isFieldGoal,scoreHome,scoreAway,pointsTotal,location,description,actionType,subType,videoAvailable,shotValue
1,0,PT12M00.00S,1,0,,0,,,0,0,0,,0,0,0,0,,Start of 1st Period (7:05 PM EST),period,start,0,0
2,1,PT12M00.00S,1,1610612766,CHA,2731,Okafor,E. Okafor,0,0,0,,0,0,0,0,h,Jump Ball Okafor vs. Chandler: Tip to Stojakovic,Jump Ball,,0,0
3,2,PT11M40.00S,1,1610612740,NOH,2561,West,D. West,-95,68,12,Missed,1,0,0,0,v,MISS West 12' Jump Shot,Missed Shot,Jump Shot,0,0
4,3,PT11M39.00S,1,1610612766,CHA,1737,Mohammed,N. Mohammed,0,0,0,,0,0,0,0,h,Mohammed REBOUND (Off:0 Def:1),Rebound,Unknown,0,0
5,4,PT11M21.00S,1,1610612766,CHA,2202,Richardson,J. Richardson,-113,163,20,Missed,1,0,0,0,h,MISS Richardson 20' Jump Shot,Missed Shot,Jump Shot,0,0
6,5,PT11M20.00S,1,1610612740,NOH,2199,Chandler,T. Chandler,0,0,0,,0,0,0,0,v,Chandler REBOUND (Off:0 Def:1),Rebound,Unknown,0,0
7,6,PT11M09.00S,1,1610612740,NOH,2199,Chandler,T. Chandler,0,0,0,Made,1,0,2,2,v,Chandler  Alley Oop Dunk (2 PTS) (West 1 AST),Made Shot,Alley Oop Dunk Shot,0,0
8,7,PT10M49.00S,1,1610612766,CHA,1737,Mohammed,N. Mohammed,0,0,0,Missed,1,0,0,0,h,MISS Mohammed  Reverse Layup,Missed Shot,Reverse Layup Shot,0,0
9,9,PT10M48.00S,1,1610612766,CHA,1737,Mohammed,N. Mohammed,0,0,0,,0,0,0,0,h,Mohammed REBOUND (Off:1 Def:1),Rebound,Unknown,0,0
10,8,PT10M48.00S,1,1610612766,CHA,1737,Mohammed,N. Mohammed,0,0,0,Made,1,2,2,4,h,Mohammed  Layup (2 PTS),Made Shot,Layup Shot,0,0
11,10,PT10M35.00S,1,1610612740,NOH,2561,West,D. West,149,110,19,Missed,1,0,0,0,v,MISS West 19' Jump Shot,Missed Shot,Jump Shot,0,0
12,11,PT10M32.00S,1,1610612766,CHA,2202,Richardson,J. Richardson,0,0,0,,0,0,0,0,h,Richardson REBOUND (Off:0 Def:1),Rebound,Unknown,0,0
13,12,PT10M17.00S,1,1610612766,CHA,1737,Mohammed,N. Mohammed,21,151,15,Missed,1,0,0,0,h,MISS Mohammed 15' Jump Shot,Missed Shot,Jump Shot,0,0
14,13,PT10M16.00S,1,0,,1610612740,,,0,0,0,,0,0,0,0,v,Hornets Rebound,Rebound,Unknown,0,0
15,14,PT10M08.00S,1,1610612740,NOH,101108,Paul,C. Paul,97,23,10,Missed,1,0,0,0,v,MISS Paul 10' Jump Shot,Missed Shot,Jump Shot,0,0
16,15,PT10M07.00S,1,1610612766,CHA,2731,Okafor,E. Okafor,0,0,0,,0,0,0,0,h,Okafor REBOUND (Off:0 Def:1),Rebound,Unknown,0,0
17,16,PT10M02.00S,1,1610612766,CHA,101109,Felton,R. Felton,0,0,0,Missed,1,0,0,0,h,MISS Felton  Layup,Missed Shot,Layup Shot,0,0
18,16,PT10M02.00S,1,1610612740,NOH,2561,West,D. West,0,0,0,,0,0,0,0,v,West BLOCK (1 BLK),,,0,0
19,17,PT10M00.00S,1,1610612740,NOH,2199,Chandler,T. Chandler,0,0,0,,0,0,0,0,v,Chandler REBOUND (Off:0 Def:2),Rebound,Unknown,0,0
20,18,PT09M52.00S,1,1610612740,NOH,2561,West,D. West,-108,158,19,Made,1,2,4,6,v,West 19' Jump Shot (2 PTS) (Paul 1 AST),Made Shot,Jump Shot,0,0
21,19,PT09M28.00S,1,1610612766,CHA,2222,Wallace,G. Wallace,0,0,0,Made,1,4,4,8,h,Wallace  Driving Layup (2 PTS),Made Shot,Driving Layup Shot,0,0
22,20,PT09M14.00S,1,1610612740,NOH,2050,Peterson,M. Peterson,-79,163,18,Made,1,4,6,10,v,Peterson 18' Jump Shot (2 PTS) (Paul 2 AST),Made Shot,Jump Shot,0,0
23,21,PT08M53.00S,1,1610612740,NOH,2561,West,D. West,0,0,0,,0,0,0,0,v,West P.FOUL (P1.T1),Foul,Personal,0,0
24,22,PT08M40.00S,1,1610612766,CHA,1737,Mohammed,N. Mohammed,-110,38,12,Missed,1,0,0,0,h,MISS Mohammed 12' Jump Shot,Missed Shot,Jump Shot,0,0
25,23,PT08M39.00S,1,1610612740,NOH,2199,Chandler,T. Chandler,0,0,0,,0,0,0,0,v,Chandler REBOUND (Off:0 Def:3),Rebound,Unknown,0,0
26,24,PT08M34.00S,1,1610612740,NOH,978,Stojakovic,P. Stojakovic,197,166,26,Made,1,4,9,13,v,Stojakovic 26' 3PT Jump Shot (3 PTS) (Paul 3 AST),Made Shot,Jump Shot,0,0
27,25,PT08M11.00S,1,1610612766,CHA,2222,Wallace,G. Wallace,-230,2,0,Missed,1,0,0,0,h,MISS Wallace  3PT Jump Shot,Missed Shot,Jump Shot,0,0
28,26,PT08M10.00S,1,1610612766,CHA,2731,Okafor,E. Okafor,0,0,0,,0,0,0,0,h,Okafor REBOUND (Off:1 Def:1),Rebound,Unknown,0,0
29,27,PT08M04.00S,1,1610612766,CHA,2202,Richardson,J. Richardson,0,0,0,Made,1,6,9,15,h,Richardson  Driving Dunk (2 PTS),Made Shot,Driving Dunk Shot,0,0
30,28,PT07M51.00S,1,1610612766,CHA,2731,Okafor,E. Okafor,0,0,0,,0,0,0,0,h,Okafor S.FOUL (P1.T1),Foul,Shooting,0,0
31,29,PT07M51.00S,1,1610612740,NOH,2199,Chandler,T. Chandler,0,0,0,,0,0,0,0,v,MISS Chandler Free Throw 1 of 2,Free Throw,Free Throw 1 of 2,0,0
32,30,PT07M51.00S,1,0,,1610612740,,,0,0,0,,0,0,0,0,v,Hornets Rebound,Rebound,Normal Rebound,0,0
33,31,PT07M51.00S,1,1610612740,NOH,2199,Chandler,T. Chandler,0,0,0,,0,6,10,16,v,Chandler Free Throw 2 of 2 (3 PTS),Free Throw,Free Throw 2 of 2,0,0
34,32,PT07M39.00S,1,1610612766,CHA,2202,Richardson,J. Richardson,36,196,20,Missed,1,0,0,0,h,MISS Richardson 20' Jump Shot,Missed Shot,Jump Shot,0,0
35,33,PT07M38.00S,1,1610612740,NOH,2199,Chandler,T. Chandler,0,0,0,,0,0,0,0,v,Chandler REBOUND (Off:0 Def:4),Rebound,Unknown,0,0
36,34,PT07M20.00S,1,1610612740,NOH,978,Stojakovic,P. Stojakovic,-238,76,25,Missed,1,0,0,0,v,MISS Stojakovic 25' 3PT Jump Shot,Missed Shot,Jump Shot,0,0
37,35,PT07M18.00S,1,1610612740,NOH,2050,Peterson,M. Peterson,0,0,0,,0,0,0,0,v,Peterson REBOUND (Off:1 Def:0),Rebound,Unknown,0,0
38,36,PT07M18.00S,1,1610612766,CHA,2202,Richardson,J. Richardson,0,0,0,,0,0,0,0,h,Richardson S.FOUL (P1.T2),Foul,Shooting,0,0
39,37,PT07M18.00S,1,1610612740,NOH,2050,Peterson,M. Peterson,0,0,0,,0,0,0,0,v,MISS Peterson Free Throw 1 of 2,Free Throw,Free Throw 1 of 2,0,0
40,38,PT07M18.00S,1,0,,1610612740,,,0,0,0,,0,0,0,0,v,Hornets Rebound,Rebound,Normal Rebound,0,0
41,39,PT07M18.00S,1,1610612740,NOH,2050,Peterson,M. Peterson,0,0,0,,0,6,11,17,v,Peterson Free Throw 2 of 2 (3 PTS),Free Throw,Free Throw 2 of 2,0,0
42,40,PT06M58.00S,1,1610612766,CHA,2222,Wallace,G. Wallace,0,0,0,Missed,1,0,0,0,h,MISS Wallace  Finger Roll Layup,Missed Shot,Finger Roll Layup Shot,0,0
43,41,PT06M55.00S,1,1610612740,NOH,978,Stojakovic,P. Stojakovic,0,0,0,,0,0,0,0,v,Stojakovic REBOUND (Off:0 Def:1),Rebound,Unknown,0,0
44,42,PT06M48.00S,1,1610612740,NOH,978,Stojakovic,P. Stojakovic,171,201,26,Missed,1,0,0,0,v,MISS Stojakovic 26' 3PT Jump Shot,Missed Shot,Jump Shot,0,0
45,43,PT06M47.00S,1,1610612766,CHA,101109,Felton,R. Felton,0,0,0,,0,0,0,0,h,Felton REBOUND (Off:0 Def:1),Rebound,Unknown,0,0
46,44,PT06M43.00S,1,1610612766,CHA,1737,Mohammed,N. Mohammed,0,0,0,Made,1,8,11,19,h,Mohammed  Dunk (4 PTS) (Richardson 1 AST),Made Shot,Dunk Shot,0,0
47,45,PT06M20.00S,1,1610612740,NOH,978,Stojakovic,P. Stojakovic,103,164,19,Made,1,8,13,21,v,Stojakovic 19' Fadeaway Jumper (5 PTS),Made Shot,Fadeaway Jump Shot,0,0
48,46,PT05M59.00S,1,1610612766,CHA,2222,Wallace,G. Wallace,97,174,20,Missed,1,0,0,0,h,MISS Wallace 20' Jump Shot,Missed Shot,Jump Shot,0,0
49,47,PT05M58.00S,1,1610612740,NOH,2050,Peterson,M. Peterson,0,0,0,,0,0,0,0,v,Peterson REBOUND (Off:1 Def:1),Rebound,Unknown,0,0
50,48,PT05M46.00S,1,1610612740,NOH,2199,Chandler,T. Chandler,0,0,0,Made,1,8,15,23,v,Chandler  Alley Oop Dunk (5 PTS) (West 2 AST),Made Shot,Alley Oop Dunk Shot,0,0
51,49,PT05M37.00S,1,0,,1610612766,,,0,0,0,,0,0,0,0,h,BOBCATS Timeout: Regular (Full 1 Short 0),Timeout,Regular,0,0
52,51,PT05M18.00S,1,1610612766,CHA,101109,Felton,R. Felton,47,181,19,Made,1,10,15,25,h,Felton 19' Fadeaway Jumper (2 PTS),Made Shot,Fadeaway Jump Shot,0,0
53,52,PT04M54.00S,1,1610612740,NOH,2050,Peterson,M. Peterson,-163,43,17,Missed,1,0,0,0,v,MISS Peterson 17' Jump Shot,Missed Shot,Jump Shot,0,0
54,53,PT04M53.00S,1,1610612766,CHA,2731,Okafor,E. Okafor,0,0,0,,0,0,0,0,h,Okafor REBOUND (Off:1 Def:2),Rebound,Unknown,0,0
55,54,PT04M37.00S,1,1610612766,CHA,2202,Richardson,J. Richardson,215,128,25,Missed,1,0,0,0,h,MISS Richardson 25' 3PT Jump Shot,Missed Shot,Jump Shot,0,0
56,55,PT04M36.00S,1,1610612740,NOH,2199,Chandler,T. Chandler,0,0,0,,0,0,0,0,v,Chandler REBOUND (Off:0 Def:5),Rebound,Unknown,0,0
57,56,PT04M29.00S,1,1610612740,NOH,2050,Peterson,M. Peterson,-222,7,0,Missed,1,0,0,0,v,MISS Peterson  3PT Jump Shot,Missed Shot,Jump Shot,0,0
58,58,PT04M28.00S,1,1610612740,NOH,2561,West,D. West,0,0,0,,0,0,0,0,v,West REBOUND (Off:1 Def:0),Rebound,Unknown,0,0
59,57,PT04M28.00S,1,1610612740,NOH,2561,West,D. West,0,0,0,Made,1,10,17,27,v,West  Layup (4 PTS),Made Shot,Layup Shot,0,0
60,59,PT04M07.00S,1,1610612766,CHA,101109,Felton,R. Felton,-235,12,24,Missed,1,0,0,0,h,MISS Felton 24' 3PT Jump Shot,Missed Shot,Jump Shot,0,0
61,60,PT04M05.00S,1,1610612740,NOH,2561,West,D. West,0,0,0,,0,0,0,0,v,West REBOUND (Off:1 Def:1),Rebound,Unknown,0,0
62,61,PT03M56.00S,1,1610612740,NOH,101108,Paul,C. Paul,-5,110,11,Made,1,10,19,29,v,Paul 11' Jump Shot (2 PTS),Made Shot,Jump Shot,0,0
63,62,PT03M46.00S,1,1610612766,CHA,2202,Richardson,J. Richardson,0,0,0,Missed,1,0,0,0,h,MISS Richardson  Layup,Missed Shot,Layup Shot,0,0
64,63,PT03M44.00S,1,1610612766,CHA,1737,Mohammed,N. Mohammed,0,0,0,,0,0,0,0,h,Mohammed REBOUND (Off:2 Def:1),Rebound,Unknown,0,0
65,64,PT03M42.00S,1,1610612766,CHA,1737,Mohammed,N. Mohammed,0,0,0,Missed,1,0,0,0,h,MISS Mohammed  Layup,Missed Shot,Layup Shot,0,0
66,64,PT03M42.00S,1,1610612740,NOH,2561,West,D. West,0,0,0,,0,0,0,0,v,West BLOCK (2 BLK),,,0,0
67,65,PT03M40.00S,1,1610612740,NOH,2561,West,D. West,0,0,0,,0,0,0,0,v,West REBOUND (Off:1 Def:2),Rebound,Unknown,0,0
68,66,PT03M35.00S,1,1610612740,NOH,978,Stojakovic,P. Stojakovic,0,0,0,Made,1,10,21,31,v,Stojakovic  Layup (7 PTS) (Paul 4 AST),Made Shot,Layup Shot,0,0
69,67,PT03M07.00S,1,1610612766,CHA,101109,Felton,R. Felton,-136,114,18,Missed,1,0,0,0,h,MISS Felton 18' Jump Shot,Missed Shot,Jump Shot,0,0
70,68,PT03M06.00S,1,1610612740,NOH,2199,Chandler,T. Chandler,0,0,0,,0,0,0,0,v,Chandler REBOUND (Off:0 Def:6),Rebound,Unknown,0,0
71,69,PT03M03.00S,1,1610612766,CHA,101109,Felton,R. Felton,0,0,0,,0,0,0,0,h,Felton P.FOUL (P1.T3),Foul,Personal,0,0
72,70,PT03M03.00S,1,1610612766,CHA,1737,Mohammed,N. Mohammed,0,0,0,,0,0,0,0,h,SUB: McInnis FOR Mohammed,Substitution,,0,0
73,71,PT03M03.00S,1,1610612766,CHA,101109,Felton,R. Felton,0,0,0,,0,0,0,0,h,SUB: Carroll FOR Felton,Substitution,,0,0
74,72,PT03M03.00S,1,1610612740,NOH,978,Stojakovic,P. Stojakovic,0,0,0,,0,0,0,0,v,SUB: Butler FOR Stojakovic,Substitution,,0,0
75,73,PT03M03.00S,1,1610612740,NOH,2050,Peterson,M. Peterson,0,0,0,,0,0,0,0,v,SUB: Jackson FOR Peterson,Substitution,,0,0
76,74,PT02M48.00S,1,1610612740,NOH,2446,Butler,R. Butler,232,18,0,Missed,1,0,0,0,v,MISS Butler  3PT Jump Shot,Missed Shot,Jump Shot,0,0
77,75,PT02M47.00S,1,1610612766,CHA,976,McInnis,J. McInnis,0,0,0,,0,0,0,0,h,McInnis REBOUND (Off:0 Def:1),Rebound,Unknown,0,0
78,76,PT02M25.00S,1,1610612766,CHA,2679,Carroll,M. Carroll,120,100,16,Missed,1,0,0,0,h,MISS Carroll 16' Jump Shot,Missed Shot,Jump Shot,0,0
79,77,PT02M24.00S,1,1610612740,NOH,2199,Chandler,T. Chandler,0,0,0,,0,0,0,0,v,Chandler REBOUND (Off:0 Def:7),Rebound,Unknown,0,0
80,78,PT02M11.00S,1,1610612740,NOH,2199,Chandler,T. Chandler,0,0,0,Made,1,10,23,33,v,Chandler  Alley Oop Layup (7 PTS) (Jackson 1 AST),Made Shot,Alley Oop Layup shot,0,0
81,79,PT01M51.00S,1,1610612766,CHA,2222,Wallace,G. Wallace,0,0,0,Made,1,12,23,35,h,Wallace  Driving Layup (4 PTS),Made Shot,Driving Layup Shot,0,0
82,80,PT01M51.00S,1,1610612740,NOH,2446,Butler,R. Butler,0,0,0,,0,0,0,0,v,Butler S.FOUL (P1.T2),Foul,Shooting,0,0
83,81,PT01M51.00S,1,0,,1610612740,,,0,0,0,,0,0,0,0,v,Hornets Timeout: Regular (Reg.1 Short 0),Timeout,Regular,0,0
84,83,PT01M51.00S,1,1610612740,NOH,2199,Chandler,T. Chandler,0,0,0,,0,0,0,0,v,SUB: Armstrong FOR Chandler,Substitution,,0,0
85,84,PT01M51.00S,1,1610612766,CHA,2222,Wallace,G. Wallace,0,0,0,,0,13,23,36,h,Wallace Free Throw 1 of 1 (5 PTS),Free Throw,Free Throw 1 of 1,0,0
86,85,PT01M40.00S,1,1610612766,CHA,2202,Richardson,J. Richardson,0,0,0,,0,0,0,0,h,SUB: Anderson FOR Richardson,Substitution,,0,0
87,86,PT01M33.00S,1,1610612766,CHA,2222,Wallace,G. Wallace,0,0,0,,0,0,0,0,h,Wallace P.FOUL (P1.T4),Foul,Personal,0,0
88,87,PT01M22.00S,1,1610612740,NOH,1517,Jackson,B. Jackson,0,0,0,Missed,1,0,0,0,v,MISS Jackson  Layup,Missed Shot,Layup Shot,0,0
89,89,PT01M20.00S,1,1610612740,NOH,200756,Armstrong,H. Armstrong,0,0,0,,0,0,0,0,v,Armstrong REBOUND (Off:1 Def:0),Rebound,Unknown,0,0
90,88,PT01M20.00S,1,1610612740,NOH,200756,Armstrong,H. Armstrong,0,0,0,Missed,1,0,0,0,v,MISS Armstrong  Putback Dunk,Missed Shot,Putback Dunk Shot,0,0
91,90,PT01M19.00S,1,1610612766,CHA,2731,Okafor,E. Okafor,0,0,0,,0,0,0,0,h,Okafor REBOUND (Off:1 Def:3),Rebound,Unknown,0,0
92,91,PT01M08.00S,1,1610612766,CHA,2222,Wallace,G. Wallace,0,0,0,Missed,1,0,0,0,h,MISS Wallace  Finger Roll Layup,Missed Shot,Finger Roll Layup Shot,0,0
93,92,PT01M07.00S,1,1610612740,NOH,2446,Butler,R. Butler,0,0,0,,0,0,0,0,v,Butler REBOUND (Off:0 Def:1),Rebound,Unknown,0,0
94,93,PT01M00.00S,1,1610612766,CHA,1507,Anderson,D. Anderson,0,0,0,,0,0,0,0,h,Anderson S.FOUL (P1.PN),Foul,Shooting,0,0
95,94,PT01M00.00S,1,1610612740,NOH,2446,Butler,R. Butler,0,0,0,,0,13,24,37,v,Butler Free Throw 1 of 2 (1 PTS),Free Throw,Free Throw 1 of 2,0,0
96,95,PT01M00.00S,1,1610612766,CHA,2731,Okafor,E. Okafor,0,0,0,,0,0,0,0,h,SUB: Mohammed FOR Okafor,Substitution,,0,0
97,96,PT01M00.00S,1,1610612740,NOH,2446,Butler,R. Butler,0,0,0,,0,13,25,38,v,Butler Free Throw 2 of 2 (2 PTS),Free Throw,Free Throw 2 of 2,0,0
98,97,PT00M37.20S,1,1610612740,NOH,2446,Butler,R. Butler,0,0,0,,0,0,0,0,v,Butler S.FOUL (P2.PN),Foul,Shooting,0,0
99,98,PT00M37.20S,1,1610612766,CHA,1507,Anderson,D. Anderson,0,0,0,,0,0,0,0,h,MISS Anderson Free Throw 1 of 3,Free Throw,Free Throw 1 of 3,0,0
100,99,PT00M37.20S,1,0,,1610612766,,,0,0,0,,0,0,0,0,h,BOBCATS Rebound,Rebound,Normal Rebound,0,0
101,100,PT00M37.20S,1,1610612766,CHA,1507,Anderson,D. Anderson,0,0,0,,0,14,25,39,h,Anderson Free Throw 2 of 3 (1 PTS),Free Throw,Free Throw 2 of 3,0,0
102,101,PT00M37.20S,1,1610612766,CHA,1507,Anderson,D. Anderson,0,0,0,,0,0,0,0,h,MISS Anderson Free Throw 3 of 3,Free Throw,Free Throw 3 of 3,0,0
103,102,PT00M34.90S,1,1610612740,NOH,200756,Armstrong,H. Armstrong,0,0,0,,0,0,0,0,v,Armstrong REBOUND (Off:1 Def:1),Rebound,Unknown,0,0
104,103,PT00M25.60S,1,1610612740,NOH,1517,Jackson,B. Jackson,-120,242,27,Made,1,14,28,42,v,Jackson 27' 3PT Jump Shot (3 PTS) (Paul 5 AST),Made Shot,Jump Shot,0,0
105,104,PT00M08.90S,1,1610612766,CHA,976,McInnis,J. McInnis,0,0,0,,0,0,0,0,h,McInnis Bad Pass Turnover (P1.T1),Turnover,Bad Pass,0,0
106,104,PT00M08.90S,1,1610612740,NOH,101108,Paul,C. Paul,0,0,0,,0,0,0,0,v,Paul STEAL (1 STL),,,0,0
107,105,PT00M02.90S,1,1610612740,NOH,101108,Paul,C. Paul,-64,40,8,Missed,1,0,0,0,v,MISS Paul 8' Jump Shot,Missed Shot,Jump Shot,0,0
108,106,PT00M01.90S,1,1610612766,CHA,1737,Mohammed,N. Mohammed,0,0,0,,0,0,0,0,h,Mohammed REBOUND (Off:2 Def:2),Rebound,Unknown,0,0
109,107,PT00M00.00S,1,0,,0,,,0,0,0,,0,14,28,42,,End of 1st Period (7:28 PM EST),period,end,0,0
110,109,PT12M00.00S,2,0,,0,,,0,0,0,,0,14,28,42,,Start of 2nd Period (7:30 PM EST),period,start,0,0
111,110,PT11M41.00S,2,1610612766,CHA,1737,Mohammed,N. Mohammed,-10,63,6,Made,1,16,28,44,h,Mohammed 6' Hook Shot (6 PTS),Made Shot,Hook Shot,0,0
112,111,PT11M31.00S,2,1610612740,NOH,200756,Armstrong,H. Armstrong,0,0,0,,0,0,0,0,v,Armstrong Out of Bounds Lost Ball Turnover (P1.T1),Turnover,Out of Bounds Lost Ball Turnover,0,0
113,112,PT11M23.00S,2,1610612766,CHA,1737,Mohammed,N. Mohammed,0,0,0,Made,1,18,28,46,h,Mohammed  Layup (8 PTS) (McInnis 1 AST),Made Shot,Layup Shot,0,0
114,113,PT11M00.00S,2,1610612740,NOH,1517,Jackson,B. Jackson,29,79,8,Made,1,18,30,48,v,Jackson 8' Floating Jump Shot (5 PTS),Made Shot,Floating Jump shot,0,0
115,114,PT10M36.00S,2,1610612766,CHA,1507,Anderson,D. Anderson,97,174,20,Made,1,20,30,50,h,Anderson 20' Jump Shot (3 PTS),Made Shot,Jump Shot,0,0
116,115,PT10M17.00S,2,1610612740,NOH,201153,Wright,J. Wright,0,0,0,Missed,1,0,0,0,v,MISS Wright  Layup,Missed Shot,Layup Shot,0,0
117,115,PT10M17.00S,2,1610612766,CHA,1737,Mohammed,N. Mohammed,0,0,0,,0,0,0,0,h,Mohammed BLOCK (1 BLK),,,0,0
118,116,PT10M15.00S,2,1610612766,CHA,1507,Anderson,D. Anderson,0,0,0,,0,0,0,0,h,Anderson REBOUND (Off:0 Def:1),Rebound,Unknown,0,0
119,117,PT10M10.00S,2,1610612766,CHA,2679,Carroll,M. Carroll,-156,210,26,Missed,1,0,0,0,h,MISS Carroll 26' 3PT Jump Shot,Missed Shot,Jump Shot,0,0
120,118,PT10M08.00S,2,1610612740,NOH,2446,Butler,R. Butler,0,0,0,,0,0,0,0,v,Butler REBOUND (Off:0 Def:2),Rebound,Unknown,0,0
121,119,PT09M57.00S,2,1610612740,NOH,200756,Armstrong,H. Armstrong,0,0,0,,0,0,0,0,v,Armstrong Lost Ball Turnover (P2.T2),Turnover,Lost Ball,0,0
122,119,PT09M57.00S,2,1610612766,CHA,2679,Carroll,M. Carroll,0,0,0,,0,0,0,0,h,Carroll STEAL (1 STL),,,0,0
123,120,PT09M54.00S,2,1610612766,CHA,2222,Wallace,G. Wallace,0,0,0,,0,0,0,0,h,Wallace OFF.Foul (P2),Foul,Offensive,0,0
124,121,PT09M54.00S,2,1610612766,CHA,2222,Wallace,G. Wallace,0,0,0,,0,0,0,0,h,Wallace Foul Turnover (P1.T2),Turnover,Foul,0,0
125,122,PT09M41.00S,2,1610612740,NOH,201153,Wright,J. Wright,0,0,0,Made,1,20,32,52,v,Wright  Alley Oop Layup (2 PTS) (Armstrong 1 AST),Made Shot,Alley Oop Layup shot,0,0
126,123,PT09M19.00S,2,1610612766,CHA,2222,Wallace,G. Wallace,-194,33,20,Made,1,22,32,54,h,Wallace 20' Jump Shot (7 PTS) (McInnis 2 AST),Made Shot,Jump Shot,0,0
127,124,PT09M01.00S,2,1610612740,NOH,1517,Jackson,B. Jackson,66,63,9,Made,1,22,34,56,v,Jackson 9' Jump Shot (7 PTS),Made Shot,Jump Shot,0,0
128,125,PT09M01.00S,2,1610612766,CHA,2679,Carroll,M. Carroll,0,0,0,,0,0,0,0,h,Carroll S.FOUL (P1.T1),Foul,Shooting,0,0
129,126,PT09M01.00S,2,1610612766,CHA,2222,Wallace,G. Wallace,0,0,0,,0,0,0,0,h,SUB: Richardson FOR Wallace,Substitution,,0,0
130,127,PT09M01.00S,2,1610612740,NOH,1517,Jackson,B. Jackson,0,0,0,,0,22,35,57,v,Jackson Free Throw 1 of 1 (8 PTS),Free Throw,Free Throw 1 of 1,0,0
131,128,PT08M44.00S,2,1610612766,CHA,2202,Richardson,J. Richardson,29,86,9,Missed,1,0,0,0,h,MISS Richardson 9' Jump Shot,Missed Shot,Jump Shot,0,0
132,129,PT08M43.00S,2,1610612740,NOH,1517,Jackson,B. Jackson,0,0,0,,0,0,0,0,v,Jackson REBOUND (Off:0 Def:1),Rebound,Unknown,0,0
133,130,PT08M35.00S,2,1610612740,NOH,1517,Jackson,B. Jackson,57,178,19,Missed,1,0,0,0,v,MISS Jackson 19' Jump Shot,Missed Shot,Jump Shot,0,0
134,131,PT08M33.00S,2,1610612766,CHA,976,McInnis,J. McInnis,0,0,0,,0,0,0,0,h,McInnis REBOUND (Off:0 Def:2),Rebound,Unknown,0,0
135,132,PT08M29.00S,2,1610612740,NOH,201153,Wright,J. Wright,0,0,0,,0,0,0,0,v,Wright S.FOUL (P1.T1),Foul,Shooting,0,0
136,133,PT08M29.00S,2,0,,0,,,0,0,0,,0,0,0,0,,Timeout: Official,Timeout,Official,0,0
137,135,PT08M29.00S,2,1610612766,CHA,1737,Mohammed,N. Mohammed,0,0,0,,0,0,0,0,h,MISS Mohammed Free Throw 1 of 2,Free Throw,Free Throw 1 of 2,0,0
138,136,PT08M29.00S,2,0,,1610612766,,,0,0,0,,0,0,0,0,h,BOBCATS Rebound,Rebound,Normal Rebound,0,0
139,137,PT08M29.00S,2,1610612766,CHA,1737,Mohammed,N. Mohammed,0,0,0,,0,23,35,58,h,Mohammed Free Throw 2 of 2 (9 PTS),Free Throw,Free Throw 2 of 2,0,0
140,138,PT08M11.00S,2,1610612740,NOH,201153,Wright,J. Wright,-77,186,20,Missed,1,0,0,0,v,MISS Wright 20' Jump Shot,Missed Shot,Jump Shot,0,0
141,139,PT08M10.00S,2,1610612766,CHA,1737,Mohammed,N. Mohammed,0,0,0,,0,0,0,0,h,Mohammed REBOUND (Off:2 Def:3),Rebound,Unknown,0,0
142,140,PT07M50.00S,2,1610612766,CHA,1507,Anderson,D. Anderson,0,0,0,,0,0,0,0,h,Anderson Bad Pass Turnover (P1.T3),Turnover,Bad Pass,0,0
143,140,PT07M50.00S,2,1610612740,NOH,201153,Wright,J. Wright,0,0,0,,0,0,0,0,v,Wright STEAL (1 STL),,,0,0
144,141,PT07M42.00S,2,1610612740,NOH,201153,Wright,J. Wright,0,0,0,Made,1,23,37,60,v,Wright  Layup (4 PTS) (Butler 1 AST),Made Shot,Layup Shot,0,0
145,142,PT07M42.00S,2,1610612766,CHA,2679,Carroll,M. Carroll,0,0,0,,0,0,0,0,h,Carroll S.FOUL (P2.T2),Foul,Shooting,0,0
146,143,PT07M42.00S,2,1610612740,NOH,200756,Armstrong,H. Armstrong,0,0,0,,0,0,0,0,v,SUB: Chandler FOR Armstrong,Substitution,,0,0
147,144,PT07M42.00S,2,1610612740,NOH,2446,Butler,R. Butler,0,0,0,,0,0,0,0,v,SUB: Stojakovic FOR Butler,Substitution,,0,0
148,145,PT07M42.00S,2,1610612766,CHA,2679,Carroll,M. Carroll,0,0,0,,0,0,0,0,h,SUB: Wallace FOR Carroll,Substitution,,0,0
149,146,PT07M42.00S,2,1610612740,NOH,201153,Wright,J. Wright,0,0,0,,0,0,0,0,v,MISS Wright Free Throw 1 of 1,Free Throw,Free Throw 1 of 1,0,0
150,147,PT07M40.00S,2,1610612766,CHA,2222,Wallace,G. Wallace,0,0,0,,0,0,0,0,h,Wallace REBOUND (Off:0 Def:1),Rebound,Unknown,0,0
151,148,PT07M30.00S,2,1610612766,CHA,976,McInnis,J. McInnis,66,181,19,Missed,1,0,0,0,h,MISS McInnis 19' Jump Shot,Missed Shot,Jump Shot,0,0
152,149,PT07M29.00S,2,1610612766,CHA,976,McInnis,J. McInnis,0,0,0,,0,0,0,0,h,McInnis REBOUND (Off:1 Def:2),Rebound,Unknown,0,0
153,150,PT07M25.00S,2,1610612766,CHA,2202,Richardson,J. Richardson,-241,10,24,Missed,1,0,0,0,h,MISS Richardson 24' 3PT Jump Shot,Missed Shot,Jump Shot,0,0
154,151,PT07M24.00S,2,1610612740,NOH,2199,Chandler,T. Chandler,0,0,0,,0,0,0,0,v,Chandler REBOUND (Off:0 Def:8),Rebound,Unknown,0,0
155,152,PT07M08.00S,2,1610612740,NOH,2457,Pargo,J. Pargo,94,169,19,Made,1,23,39,62,v,Pargo 19' Jump Shot (2 PTS) (Jackson 2 AST),Made Shot,Jump Shot,0,0
156,153,PT06M48.00S,2,1610612766,CHA,1737,Mohammed,N. Mohammed,66,15,7,Missed,1,0,0,0,h,MISS Mohammed 7' Jump Shot,Missed Shot,Jump Shot,0,0
157,154,PT06M46.00S,2,1610612740,NOH,2199,Chandler,T. Chandler,0,0,0,,0,0,0,0,v,Chandler REBOUND (Off:0 Def:9),Rebound,Unknown,0,0
158,155,PT06M42.00S,2,1610612740,NOH,2457,Pargo,J. Pargo,-44,196,20,Missed,1,0,0,0,v,MISS Pargo 20' Jump Shot,Missed Shot,Jump Shot,0,0
159,156,PT06M42.00S,2,0,,1610612740,,,0,0,0,,0,0,0,0,v,Hornets Rebound,Rebound,Unknown,0,0
160,157,PT06M42.00S,2,1610612766,CHA,1507,Anderson,D. Anderson,0,0,0,,0,0,0,0,h,Anderson L.B.FOUL (P2.T3),Foul,Loose Ball,0,0
161,158,PT06M42.00S,2,1610612766,CHA,976,McInnis,J. McInnis,0,0,0,,0,0,0,0,h,SUB: Felton FOR McInnis,Substitution,,0,0
162,161,PT06M42.00S,2,1610612740,NOH,1517,Jackson,B. Jackson,0,0,0,,0,0,0,0,v,SUB: Peterson FOR Jackson,Substitution,,0,0
163,159,PT06M42.00S,2,1610612766,CHA,1507,Anderson,D. Anderson,0,0,0,,0,0,0,0,h,SUB: Okafor FOR Anderson,Substitution,,0,0
164,160,PT06M23.00S,2,1610612740,NOH,2050,Peterson,M. Peterson,0,0,0,,0,0,0,0,v,Peterson Bad Pass Turnover (P1.T3),Turnover,Bad Pass,0,0
165,160,PT06M23.00S,2,1610612766,CHA,1737,Mohammed,N. Mohammed,0,0,0,,0,0,0,0,h,Mohammed STEAL (1 STL),,,0,0
166,164,PT06M10.00S,2,1610612766,CHA,1737,Mohammed,N. Mohammed,0,0,0,,0,0,0,0,h,Mohammed OFF.Foul (P1),Foul,Offensive,0,0
167,165,PT06M10.00S,2,1610612766,CHA,1737,Mohammed,N. Mohammed,0,0,0,,0,0,0,0,h,Mohammed Foul Turnover (P1.T4),Turnover,Foul,0,0
168,166,PT06M10.00S,2,1610612740,NOH,201153,Wright,J. Wright,0,0,0,,0,0,0,0,v,SUB: Paul FOR Wright,Substitution,,0,0
169,167,PT06M10.00S,2,1610612740,NOH,2457,Pargo,J. Pargo,0,0,0,,0,0,0,0,v,SUB: West FOR Pargo,Substitution,,0,0
170,168,PT06M00.00S,2,1610612740,NOH,101108,Paul,C. Paul,69,53,9,Missed,1,0,0,0,v,MISS Paul 9' Jump Shot,Missed Shot,Jump Shot,0,0
171,169,PT05M59.00S,2,1610612766,CHA,1737,Mohammed,N. Mohammed,0,0,0,,0,0,0,0,h,Mohammed REBOUND (Off:2 Def:4),Rebound,Unknown,0,0
172,170,PT05M55.00S,2,1610612766,CHA,2222,Wallace,G. Wallace,0,0,0,Made,1,25,39,64,h,Wallace  Driving Layup (9 PTS),Made Shot,Driving Layup Shot,0,0
173,173,PT05M35.00S,2,1610612766,CHA,1737,Mohammed,N. Mohammed,0,0,0,,0,0,0,0,h,Mohammed P.FOUL (P2.T4),Foul,Personal,0,0
174,174,PT05M35.00S,2,0,,1610612766,,,0,0,0,,0,0,0,0,h,BOBCATS Timeout: Regular (Full 2 Short 0),Timeout,Regular,0,0
175,176,PT05M24.00S,2,1610612740,NOH,2561,West,D. West,-33,117,12,Missed,1,0,0,0,v,MISS West 12' Jump Shot,Missed Shot,Jump Shot,0,0
176,177,PT05M22.00S,2,1610612766,CHA,1737,Mohammed,N. Mohammed,0,0,0,,0,0,0,0,h,Mohammed REBOUND (Off:2 Def:5),Rebound,Unknown,0,0
177,178,PT05M12.00S,2,1610612766,CHA,101109,Felton,R. Felton,-57,189,20,Made,1,27,39,66,h,Felton 20' Jump Shot (4 PTS),Made Shot,Jump Shot,0,0
178,179,PT04M45.00S,2,1610612740,NOH,2050,Peterson,M. Peterson,181,209,28,Missed,1,0,0,0,v,MISS Peterson 28' 3PT Jump Shot,Missed Shot,Jump Shot,0,0
179,180,PT04M43.00S,2,1610612766,CHA,2731,Okafor,E. Okafor,0,0,0,,0,0,0,0,h,Okafor REBOUND (Off:1 Def:4),Rebound,Unknown,0,0
180,181,PT04M24.00S,2,1610612766,CHA,101109,Felton,R. Felton,-95,178,20,Missed,1,0,0,0,h,MISS Felton 20' Jump Shot,Missed Shot,Jump Shot,0,0
181,182,PT04M23.00S,2,1610612740,NOH,2199,Chandler,T. Chandler,0,0,0,,0,0,0,0,v,Chandler REBOUND (Off:0 Def:10),Rebound,Unknown,0,0
182,183,PT04M03.00S,2,1610612740,NOH,978,Stojakovic,P. Stojakovic,0,0,0,Made,1,27,41,68,v,Stojakovic  Reverse Layup (9 PTS) (West 3 AST),Made Shot,Reverse Layup Shot,0,0
183,184,PT03M47.00S,2,1610612766,CHA,2731,Okafor,E. Okafor,-41,89,10,Missed,1,0,0,0,h,MISS Okafor 10' Hook Shot,Missed Shot,Hook Shot,0,0
184,185,PT03M46.00S,2,1610612740,NOH,2561,West,D. West,0,0,0,,0,0,0,0,v,West REBOUND (Off:1 Def:3),Rebound,Unknown,0,0
185,186,PT03M38.00S,2,1610612740,NOH,978,Stojakovic,P. Stojakovic,75,26,8,Missed,1,0,0,0,v,MISS Stojakovic 8' Jump Shot,Missed Shot,Jump Shot,0,0
186,187,PT03M37.00S,2,1610612766,CHA,1737,Mohammed,N. Mohammed,0,0,0,,0,0,0,0,h,Mohammed REBOUND (Off:2 Def:6),Rebound,Unknown,0,0
187,188,PT03M25.00S,2,1610612766,CHA,2731,Okafor,E. Okafor,46,66,8,Made,1,29,41,70,h,Okafor 8' Hook Shot (2 PTS) (Wallace 1 AST),Made Shot,Hook Shot,0,0
188,189,PT03M17.00S,2,1610612740,NOH,101108,Paul,C. Paul,52,43,7,Made,1,29,43,72,v,Paul 7' Floating Jump Shot (4 PTS),Made Shot,Floating Jump shot,0,0
189,190,PT03M01.00S,2,1610612766,CHA,2222,Wallace,G. Wallace,-28,212,21,Missed,1,0,0,0,h,MISS Wallace 21' Jump Shot,Missed Shot,Jump Shot,0,0
190,191,PT02M59.00S,2,0,,1610612740,,,0,0,0,,0,0,0,0,v,Hornets Rebound,Rebound,Unknown,0,0
191,192,PT02M59.00S,2,0,,1610612740,,,0,0,0,,0,0,0,0,v,Hornets Timeout: Regular (Reg.2 Short 0),Timeout,Regular,0,0
192,194,PT02M59.00S,2,1610612766,CHA,1737,Mohammed,N. Mohammed,0,0,0,,0,0,0,0,h,SUB: Hollins FOR Mohammed,Substitution,,0,0
193,195,PT02M42.00S,2,1610612740,NOH,2561,West,D. West,-113,28,12,Missed,1,0,0,0,v,MISS West 12' Jump Shot,Missed Shot,Jump Shot,0,0
194,196,PT02M41.00S,2,1610612766,CHA,2731,Okafor,E. Okafor,0,0,0,,0,0,0,0,h,Okafor REBOUND (Off:1 Def:5),Rebound,Unknown,0,0
195,197,PT02M32.00S,2,1610612740,NOH,978,Stojakovic,P. Stojakovic,0,0,0,,0,0,0,0,v,Stojakovic P.FOUL (P1.T2),Foul,Personal,0,0
196,198,PT02M23.00S,2,1610612766,CHA,2222,Wallace,G. Wallace,194,31,20,Missed,1,0,0,0,h,MISS Wallace 20' Jump Shot,Missed Shot,Jump Shot,0,0
197,199,PT02M21.00S,2,1610612740,NOH,2561,West,D. West,0,0,0,,0,0,0,0,v,West REBOUND (Off:1 Def:4),Rebound,Unknown,0,0
198,200,PT02M12.00S,2,1610612740,NOH,2561,West,D. West,8,199,20,Made,1,29,45,74,v,West 20' Jump Shot (6 PTS) (Paul 6 AST),Made Shot,Jump Shot,0,0
199,201,PT01M56.00S,2,1610612766,CHA,2202,Richardson,J. Richardson,-163,118,20,Made,1,31,45,76,h,Richardson 20' Jump Shot (4 PTS) (Felton 1 AST),Made Shot,Jump Shot,0,0
200,202,PT01M48.00S,2,1610612740,NOH,2050,Peterson,M. Peterson,230,40,0,Missed,1,0,0,0,v,MISS Peterson  3PT Jump Shot,Missed Shot,Jump Shot,0,0
201,203,PT01M47.00S,2,1610612740,NOH,2199,Chandler,T. Chandler,0,0,0,,0,0,0,0,v,Chandler REBOUND (Off:1 Def:10),Rebound,Unknown,0,0
202,204,PT01M47.00S,2,1610612740,NOH,2199,Chandler,T. Chandler,0,0,0,,0,0,0,0,v,Chandler Step Out of Bounds Turnover (P1.T4),Turnover,Step Out of Bounds Turnover,0,0
203,205,PT01M36.00S,2,1610612740,NOH,2199,Chandler,T. Chandler,0,0,0,,0,0,0,0,v,Chandler P.FOUL (P1.T3),Foul,Personal,0,0
204,206,PT01M27.00S,2,1610612766,CHA,2222,Wallace,G. Wallace,235,28,24,Missed,1,0,0,0,h,MISS Wallace 24' 3PT Jump Shot,Missed Shot,Jump Shot,0,0
205,207,PT01M25.00S,2,1610612740,NOH,101108,Paul,C. Paul,0,0,0,,0,0,0,0,v,Paul REBOUND (Off:0 Def:1),Rebound,Unknown,0,0
206,208,PT01M18.00S,2,1610612740,NOH,2561,West,D. West,0,0,0,Made,1,31,47,78,v,West  Dunk (8 PTS) (Paul 7 AST),Made Shot,Dunk Shot,0,0
207,209,PT01M08.00S,2,1610612766,CHA,101109,Felton,R. Felton,0,0,0,,0,0,0,0,h,Felton Bad Pass Turnover (P1.T5),Turnover,Bad Pass,0,0
208,210,PT01M02.00S,2,1610612740,NOH,2050,Peterson,M. Peterson,-92,238,26,Made,1,31,50,81,v,Peterson 26' 3PT Jump Shot (6 PTS) (Paul 8 AST),Made Shot,Jump Shot,0,0
209,211,PT00M45.90S,2,1610612766,CHA,2222,Wallace,G. Wallace,0,0,0,Missed,1,0,0,0,h,MISS Wallace  Reverse Layup,Missed Shot,Reverse Layup Shot,0,0
210,212,PT00M44.60S,2,1610612740,NOH,2199,Chandler,T. Chandler,0,0,0,,0,0,0,0,v,Chandler REBOUND (Off:1 Def:11),Rebound,Unknown,0,0
211,213,PT00M34.90S,2,1610612740,NOH,101108,Paul,C. Paul,61,86,11,Missed,1,0,0,0,v,MISS Paul 11' Jump Shot,Missed Shot,Jump Shot,0,0
212,214,PT00M33.80S,2,1610612766,CHA,2731,Okafor,E. Okafor,0,0,0,,0,0,0,0,h,Okafor REBOUND (Off:1 Def:6),Rebound,Unknown,0,0
213,215,PT00M27.30S,2,1610612766,CHA,200797,Hollins,R. Hollins,0,0,0,,0,0,0,0,h,Hollins OFF.Foul (P1),Foul,Offensive,0,0
214,216,PT00M27.30S,2,1610612766,CHA,200797,Hollins,R. Hollins,0,0,0,,0,0,0,0,h,Hollins Foul Turnover (P1.T6),Turnover,Foul,0,0
215,217,PT00M06.80S,2,1610612740,NOH,101108,Paul,C. Paul,0,0,0,Made,1,31,52,83,v,Paul  Driving Layup (6 PTS),Made Shot,Driving Layup Shot,0,0
216,218,PT00M06.80S,2,1610612766,CHA,101109,Felton,R. Felton,0,0,0,,0,0,0,0,h,Felton S.FOUL (P2.PN),Foul,Shooting,0,0
217,219,PT00M06.80S,2,1610612740,NOH,101108,Paul,C. Paul,0,0,0,,0,31,53,84,v,Paul Free Throw 1 of 1 (7 PTS),Free Throw,Free Throw 1 of 1,0,0
218,220,PT00M01.60S,2,1610612766,CHA,2202,Richardson,J. Richardson,138,222,26,Made,1,34,53,87,h,Richardson 26' 3PT Jump Shot (7 PTS),Made Shot,Jump Shot,0,0
219,221,PT00M00.00S,2,0,,0,,,0,0,0,,0,34,53,87,,End of 2nd Period (7:56 PM EST),period,end,0,0
220,223,PT12M00.00S,3,0,,0,,,0,0,0,,0,34,53,87,,Start of 3rd Period (8:13 PM EST),period,start,0,0
221,224,PT11M49.00S,3,1610612766,CHA,2202,Richardson,J. Richardson,0,0,0,Missed,1,0,0,0,h,MISS Richardson  Layup,Missed Shot,Layup Shot,0,0
222,226,PT11M48.00S,3,1610612766,CHA,1737,Mohammed,N. Mohammed,0,0,0,,0,0,0,0,h,Mohammed REBOUND (Off:3 Def:6),Rebound,Unknown,0,0
223,225,PT11M48.00S,3,1610612766,CHA,1737,Mohammed,N. Mohammed,0,0,0,Made,1,36,53,89,h,Mohammed  Putback Layup (11 PTS),Made Shot,Putback Layup Shot,0,0
224,227,PT11M34.00S,3,1610612740,NOH,978,Stojakovic,P. Stojakovic,0,0,0,,0,0,0,0,v,Stojakovic Lost Ball Turnover (P1.T5),Turnover,Lost Ball,0,0
225,227,PT11M34.00S,3,1610612766,CHA,2222,Wallace,G. Wallace,0,0,0,,0,0,0,0,h,Wallace STEAL (1 STL),,,0,0
226,228,PT11M33.00S,3,1610612740,NOH,101108,Paul,C. Paul,0,0,0,,0,0,0,0,v,Paul P.FOUL (P1.T1),Foul,Personal,0,0
227,229,PT11M26.00S,3,1610612766,CHA,101109,Felton,R. Felton,0,0,0,Missed,1,0,0,0,h,MISS Felton  Layup,Missed Shot,Layup Shot,0,0
228,230,PT11M24.00S,3,1610612740,NOH,2199,Chandler,T. Chandler,0,0,0,,0,0,0,0,v,Chandler REBOUND (Off:1 Def:12),Rebound,Unknown,0,0
229,231,PT11M21.00S,3,1610612740,NOH,2050,Peterson,M. Peterson,0,0,0,Made,1,36,55,91,v,Peterson  Layup (8 PTS) (Paul 9 AST),Made Shot,Layup Shot,0,0
230,232,PT10M59.00S,3,1610612740,NOH,2199,Chandler,T. Chandler,0,0,0,,0,0,0,0,v,Chandler S.FOUL (P2.T2),Foul,Shooting,0,0
231,233,PT10M59.00S,3,1610612766,CHA,2731,Okafor,E. Okafor,0,0,0,,0,0,0,0,h,MISS Okafor Free Throw 1 of 2,Free Throw,Free Throw 1 of 2,0,0
232,234,PT10M59.00S,3,0,,1610612766,,,0,0,0,,0,0,0,0,h,BOBCATS Rebound,Rebound,Normal Rebound,0,0
233,235,PT10M59.00S,3,1610612766,CHA,2731,Okafor,E. Okafor,0,0,0,,0,37,55,92,h,Okafor Free Throw 2 of 2 (3 PTS),Free Throw,Free Throw 2 of 2,0,0
234,236,PT10M43.00S,3,1610612740,NOH,978,Stojakovic,P. Stojakovic,-71,280,29,Missed,1,0,0,0,v,MISS Stojakovic 29' 3PT Jump Shot,Missed Shot,Jump Shot,0,0
235,237,PT10M41.00S,3,1610612766,CHA,2731,Okafor,E. Okafor,0,0,0,,0,0,0,0,h,Okafor REBOUND (Off:1 Def:7),Rebound,Unknown,0,0
236,238,PT10M38.00S,3,1610612766,CHA,101109,Felton,R. Felton,0,0,0,,0,0,0,0,h,Felton Bad Pass Turnover (P2.T7),Turnover,Bad Pass,0,0
237,238,PT10M38.00S,3,1610612740,NOH,978,Stojakovic,P. Stojakovic,0,0,0,,0,0,0,0,v,Stojakovic STEAL (1 STL),,,0,0
238,239,PT10M33.00S,3,1610612740,NOH,978,Stojakovic,P. Stojakovic,0,0,0,Missed,1,0,0,0,v,MISS Stojakovic  Layup,Missed Shot,Layup Shot,0,0
239,241,PT10M31.00S,3,1610612740,NOH,978,Stojakovic,P. Stojakovic,0,0,0,,0,0,0,0,v,Stojakovic REBOUND (Off:1 Def:1),Rebound,Unknown,0,0
240,240,PT10M31.00S,3,1610612740,NOH,978,Stojakovic,P. Stojakovic,0,0,0,Missed,1,0,0,0,v,MISS Stojakovic  Layup,Missed Shot,Layup Shot,0,0
241,242,PT10M30.00S,3,1610612766,CHA,101109,Felton,R. Felton,0,0,0,,0,0,0,0,h,Felton REBOUND (Off:0 Def:2),Rebound,Unknown,0,0
242,243,PT10M25.00S,3,1610612766,CHA,2202,Richardson,J. Richardson,-179,179,25,Missed,1,0,0,0,h,MISS Richardson 25' 3PT Jump Shot,Missed Shot,Jump Shot,0,0
243,244,PT10M23.00S,3,1610612740,NOH,2199,Chandler,T. Chandler,0,0,0,,0,0,0,0,v,Chandler REBOUND (Off:1 Def:13),Rebound,Unknown,0,0
244,245,PT10M17.00S,3,1610612766,CHA,2731,Okafor,E. Okafor,0,0,0,,0,0,0,0,h,Okafor S.FOUL (P2.T1),Foul,Shooting,0,0
245,246,PT10M17.00S,3,1610612740,NOH,2199,Chandler,T. Chandler,0,0,0,,0,37,56,93,v,Chandler Free Throw 1 of 2 (8 PTS),Free Throw,Free Throw 1 of 2,0,0
246,247,PT10M17.00S,3,1610612740,NOH,2199,Chandler,T. Chandler,0,0,0,,0,37,57,94,v,Chandler Free Throw 2 of 2 (9 PTS),Free Throw,Free Throw 2 of 2,0,0
247,248,PT09M58.00S,3,1610612766,CHA,2731,Okafor,E. Okafor,56,53,8,Made,1,39,57,96,h,Okafor 8' Hook Shot (5 PTS) (Wallace 2 AST),Made Shot,Hook Shot,0,0
248,250,PT09M42.00S,3,1610612740,NOH,2561,West,D. West,-48,74,9,Missed,1,0,0,0,v,MISS West 9' Hook Shot,Missed Shot,Hook Shot,0,0
249,251,PT09M40.00S,3,1610612766,CHA,1737,Mohammed,N. Mohammed,0,0,0,,0,0,0,0,h,Mohammed REBOUND (Off:3 Def:7),Rebound,Unknown,0,0
250,252,PT09M29.00S,3,1610612766,CHA,101109,Felton,R. Felton,0,0,0,,0,0,0,0,h,Felton Lost Ball Turnover (P3.T8),Turnover,Lost Ball,0,0
251,252,PT09M29.00S,3,1610612740,NOH,2561,West,D. West,0,0,0,,0,0,0,0,v,West STEAL (1 STL),,,0,0
252,253,PT09M26.00S,3,1610612740,NOH,101108,Paul,C. Paul,0,0,0,Missed,1,0,0,0,v,MISS Paul  Layup,Missed Shot,Layup Shot,0,0
253,253,PT09M26.00S,3,1610612766,CHA,2222,Wallace,G. Wallace,0,0,0,,0,0,0,0,h,Wallace BLOCK (1 BLK),,,0,0
254,254,PT09M26.00S,3,0,,1610612740,,,0,0,0,,0,0,0,0,v,Hornets Rebound,Rebound,Unknown,0,0
255,255,PT09M23.00S,3,1610612740,NOH,2561,West,D. West,0,0,0,,0,0,0,0,v,West Bad Pass Turnover (P1.T6),Turnover,Bad Pass,0,0
256,256,PT09M03.00S,3,1610612740,NOH,2050,Peterson,M. Peterson,0,0,0,,0,0,0,0,v,Peterson S.FOUL (P1.T3),Foul,Shooting,0,0
257,257,PT09M03.00S,3,1610612766,CHA,2222,Wallace,G. Wallace,0,0,0,,0,40,57,97,h,Wallace Free Throw 1 of 2 (10 PTS),Free Throw,Free Throw 1 of 2,0,0
258,258,PT09M03.00S,3,1610612766,CHA,2222,Wallace,G. Wallace,0,0,0,,0,41,57,98,h,Wallace Free Throw 2 of 2 (11 PTS),Free Throw,Free Throw 2 of 2,0,0
259,259,PT08M40.00S,3,1610612740,NOH,2199,Chandler,T. Chandler,16,51,5,Missed,1,0,0,0,v,MISS Chandler 5' Jump Shot,Missed Shot,Jump Shot,0,0
260,260,PT08M38.00S,3,1610612766,CHA,2731,Okafor,E. Okafor,0,0,0,,0,0,0,0,h,Okafor REBOUND (Off:1 Def:8),Rebound,Unknown,0,0
261,261,PT08M32.00S,3,1610612766,CHA,1737,Mohammed,N. Mohammed,0,0,0,Made,1,43,57,100,h,Mohammed  Layup (13 PTS) (Felton 2 AST),Made Shot,Layup Shot,0,0
262,262,PT08M18.00S,3,1610612740,NOH,2561,West,D. West,-21,209,21,Made,1,43,59,102,v,West 21' Jump Shot (10 PTS) (Paul 10 AST),Made Shot,Jump Shot,0,0
263,263,PT07M57.00S,3,1610612766,CHA,2731,Okafor,E. Okafor,0,0,0,,0,0,0,0,h,Okafor 3 Second Violation Turnover (P1.T9),Turnover,3 Second Violation,0,0
264,264,PT07M47.00S,3,1610612766,CHA,101109,Felton,R. Felton,0,0,0,,0,0,0,0,h,Felton P.FOUL (P3.T2),Foul,Personal,0,0
265,265,PT07M38.00S,3,1610612740,NOH,101108,Paul,C. Paul,154,215,26,Made,1,43,62,105,v,Paul 26' 3PT Jump Shot (10 PTS) (Stojakovic 1 AST),Made Shot,Jump Shot,0,0
266,266,PT07M10.00S,3,1610612766,CHA,2202,Richardson,J. Richardson,0,0,0,Missed,1,0,0,0,h,MISS Richardson  Layup,Missed Shot,Layup Shot,0,0
267,266,PT07M10.00S,3,1610612740,NOH,2561,West,D. West,0,0,0,,0,0,0,0,v,West BLOCK (3 BLK),,,0,0
268,267,PT07M08.00S,3,1610612740,NOH,2050,Peterson,M. Peterson,0,0,0,,0,0,0,0,v,Peterson REBOUND (Off:1 Def:2),Rebound,Unknown,0,0
269,268,PT07M04.00S,3,1610612740,NOH,2199,Chandler,T. Chandler,0,0,0,Made,1,43,64,107,v,Chandler  Alley Oop Dunk (11 PTS) (Paul 11 AST),Made Shot,Alley Oop Dunk Shot,0,0
270,269,PT07M02.00S,3,0,,1610612766,,,0,0,0,,0,0,0,0,h,BOBCATS Timeout: Regular (Full 3 Short 0),Timeout,Regular,0,0
271,271,PT07M02.00S,3,1610612766,CHA,101109,Felton,R. Felton,0,0,0,,0,0,0,0,h,SUB: McInnis FOR Felton,Substitution,,0,0
272,272,PT07M02.00S,3,1610612766,CHA,1737,Mohammed,N. Mohammed,0,0,0,,0,0,0,0,h,SUB: Hollins FOR Mohammed,Substitution,,0,0
273,273,PT06M44.00S,3,1610612766,CHA,2731,Okafor,E. Okafor,89,26,9,Missed,1,0,0,0,h,MISS Okafor 9' Jump Shot,Missed Shot,Jump Shot,0,0
274,274,PT06M43.00S,3,1610612740,NOH,2561,West,D. West,0,0,0,,0,0,0,0,v,West REBOUND (Off:1 Def:5),Rebound,Unknown,0,0
275,275,PT06M38.00S,3,1610612740,NOH,2050,Peterson,M. Peterson,0,0,0,Missed,1,0,0,0,v,MISS Peterson  Layup,Missed Shot,Layup Shot,0,0
276,277,PT06M36.00S,3,1610612740,NOH,2199,Chandler,T. Chandler,0,0,0,,0,0,0,0,v,Chandler REBOUND (Off:2 Def:13),Rebound,Unknown,0,0
277,276,PT06M36.00S,3,1610612740,NOH,2199,Chandler,T. Chandler,0,0,0,Made,1,43,66,109,v,Chandler  Putback Dunk (13 PTS),Made Shot,Putback Dunk Shot,0,0
278,278,PT06M16.00S,3,1610612740,NOH,978,Stojakovic,P. Stojakovic,0,0,0,,0,0,0,0,v,Stojakovic P.FOUL (P2.T4),Foul,Personal,0,0
279,279,PT06M13.00S,3,1610612740,NOH,2050,Peterson,M. Peterson,0,0,0,,0,0,0,0,v,Peterson P.FOUL (P2.PN),Foul,Personal,0,0
280,280,PT06M13.00S,3,1610612766,CHA,2202,Richardson,J. Richardson,0,0,0,,0,44,66,110,h,Richardson Free Throw 1 of 2 (8 PTS),Free Throw,Free Throw 1 of 2,0,0
281,281,PT06M13.00S,3,1610612766,CHA,2202,Richardson,J. Richardson,0,0,0,,0,45,66,111,h,Richardson Free Throw 2 of 2 (9 PTS),Free Throw,Free Throw 2 of 2,0,0
282,282,PT05M55.00S,3,1610612740,NOH,978,Stojakovic,P. Stojakovic,-16,257,26,Missed,1,0,0,0,v,MISS Stojakovic 26' 3PT Jump Shot,Missed Shot,Jump Shot,0,0
283,283,PT05M54.00S,3,1610612766,CHA,2731,Okafor,E. Okafor,0,0,0,,0,0,0,0,h,Okafor REBOUND (Off:1 Def:9),Rebound,Unknown,0,0
284,284,PT05M45.00S,3,1610612766,CHA,976,McInnis,J. McInnis,0,0,0,,0,0,0,0,h,McInnis Bad Pass Turnover (P2.T10),Turnover,Bad Pass,0,0
285,284,PT05M45.00S,3,1610612740,NOH,978,Stojakovic,P. Stojakovic,0,0,0,,0,0,0,0,v,Stojakovic STEAL (2 STL),,,0,0
286,285,PT05M37.00S,3,1610612740,NOH,978,Stojakovic,P. Stojakovic,-107,245,27,Missed,1,0,0,0,v,MISS Stojakovic 27' 3PT Jump Shot,Missed Shot,Jump Shot,0,0
287,286,PT05M36.00S,3,1610612766,CHA,2202,Richardson,J. Richardson,0,0,0,,0,0,0,0,h,Richardson REBOUND (Off:0 Def:2),Rebound,Unknown,0,0
288,287,PT05M22.00S,3,1610612766,CHA,2202,Richardson,J. Richardson,69,36,8,Made,1,47,66,113,h,Richardson 8' Jump Bank Shot (11 PTS),Made Shot,Jump Bank Shot,0,0
289,288,PT05M14.00S,3,1610612766,CHA,976,McInnis,J. McInnis,0,0,0,,0,0,0,0,h,McInnis P.FOUL (P1.T3),Foul,Personal,0,0
290,289,PT05M05.00S,3,1610612740,NOH,2199,Chandler,T. Chandler,0,0,0,Made,1,47,68,115,v,Chandler  Dunk (15 PTS) (West 4 AST),Made Shot,Dunk Shot,0,0
291,290,PT04M49.00S,3,1610612766,CHA,2202,Richardson,J. Richardson,151,143,21,Made,1,49,68,117,h,Richardson 21' Jump Shot (13 PTS) (McInnis 3 AST),Made Shot,Jump Shot,0,0
292,291,PT04M38.00S,3,1610612740,NOH,101108,Paul,C. Paul,-72,81,11,Missed,1,0,0,0,v,MISS Paul 11' Jump Shot,Missed Shot,Jump Shot,0,0
293,292,PT04M37.00S,3,1610612766,CHA,2731,Okafor,E. Okafor,0,0,0,,0,0,0,0,h,Okafor REBOUND (Off:1 Def:10),Rebound,Unknown,0,0
294,293,PT04M32.00S,3,1610612740,NOH,2050,Peterson,M. Peterson,0,0,0,,0,0,0,0,v,Peterson S.FOUL (P3.PN),Foul,Shooting,0,0
295,294,PT04M32.00S,3,1610612766,CHA,2202,Richardson,J. Richardson,0,0,0,,0,50,68,118,h,Richardson Free Throw 1 of 2 (14 PTS),Free Throw,Free Throw 1 of 2,0,0
296,295,PT04M32.00S,3,1610612740,NOH,2050,Peterson,M. Peterson,0,0,0,,0,0,0,0,v,SUB: Jackson FOR Peterson,Substitution,,0,0
297,296,PT04M32.00S,3,1610612766,CHA,2202,Richardson,J. Richardson,0,0,0,,0,51,68,119,h,Richardson Free Throw 2 of 2 (15 PTS),Free Throw,Free Throw 2 of 2,0,0
298,297,PT04M09.00S,3,1610612740,NOH,2561,West,D. West,49,92,10,Made,1,51,70,121,v,West 10' Jump Shot (12 PTS),Made Shot,Jump Shot,0,0
299,298,PT03M57.00S,3,1610612740,NOH,2199,Chandler,T. Chandler,0,0,0,,0,0,0,0,v,Chandler S.FOUL (P3.PN),Foul,Shooting,0,0
300,299,PT03M57.00S,3,1610612766,CHA,2731,Okafor,E. Okafor,0,0,0,,0,52,70,122,h,Okafor Free Throw 1 of 2 (6 PTS),Free Throw,Free Throw 1 of 2,0,0
301,300,PT03M57.00S,3,1610612766,CHA,2731,Okafor,E. Okafor,0,0,0,,0,53,70,123,h,Okafor Free Throw 2 of 2 (7 PTS),Free Throw,Free Throw 2 of 2,0,0
302,301,PT03M35.00S,3,1610612740,NOH,2561,West,D. West,0,0,0,Missed,1,0,0,0,v,MISS West  Layup,Missed Shot,Layup Shot,0,0
303,303,PT03M33.00S,3,1610612740,NOH,2199,Chandler,T. Chandler,0,0,0,,0,0,0,0,v,Chandler REBOUND (Off:3 Def:13),Rebound,Unknown,0,0
304,302,PT03M33.00S,3,1610612740,NOH,2199,Chandler,T. Chandler,0,0,0,Made,1,53,72,125,v,Chandler  Layup (17 PTS),Made Shot,Layup Shot,0,0
305,304,PT03M19.00S,3,1610612766,CHA,976,McInnis,J. McInnis,0,0,0,,0,0,0,0,h,McInnis Bad Pass Turnover (P3.T11),Turnover,Bad Pass,0,0
306,304,PT03M19.00S,3,1610612740,NOH,1517,Jackson,B. Jackson,0,0,0,,0,0,0,0,v,Jackson STEAL (1 STL),,,0,0
307,305,PT03M17.00S,3,1610612766,CHA,976,McInnis,J. McInnis,0,0,0,,0,0,0,0,h,McInnis S.FOUL (P2.T4),Foul,Shooting,0,0
308,306,PT03M17.00S,3,1610612766,CHA,2731,Okafor,E. Okafor,0,0,0,,0,0,0,0,h,SUB: Anderson FOR Okafor,Substitution,,0,0
309,307,PT03M17.00S,3,1610612740,NOH,978,Stojakovic,P. Stojakovic,0,0,0,,0,0,0,0,v,SUB: Butler FOR Stojakovic,Substitution,,0,0
310,308,PT03M17.00S,3,1610612740,NOH,101108,Paul,C. Paul,0,0,0,,0,53,73,126,v,Paul Free Throw 1 of 2 (11 PTS),Free Throw,Free Throw 1 of 2,0,0
311,309,PT03M17.00S,3,1610612740,NOH,101108,Paul,C. Paul,0,0,0,,0,53,74,127,v,Paul Free Throw 2 of 2 (12 PTS),Free Throw,Free Throw 2 of 2,0,0
312,310,PT02M59.00S,3,1610612766,CHA,1507,Anderson,D. Anderson,0,0,0,,0,0,0,0,h,Anderson Lost Ball Turnover (P2.T12),Turnover,Lost Ball,0,0
313,310,PT02M59.00S,3,1610612740,NOH,2446,Butler,R. Butler,0,0,0,,0,0,0,0,v,Butler STEAL (1 STL),,,0,0
314,311,PT02M40.00S,3,1610612740,NOH,1517,Jackson,B. Jackson,-227,13,0,Missed,1,0,0,0,v,MISS Jackson  3PT Jump Shot,Missed Shot,Jump Shot,0,0
315,312,PT02M38.00S,3,1610612740,NOH,2199,Chandler,T. Chandler,0,0,0,,0,0,0,0,v,Chandler REBOUND (Off:4 Def:13),Rebound,Unknown,0,0
316,313,PT02M35.00S,3,1610612740,NOH,1517,Jackson,B. Jackson,0,0,0,Missed,1,0,0,0,v,MISS Jackson  Layup,Missed Shot,Layup Shot,0,0
317,314,PT02M34.00S,3,1610612766,CHA,976,McInnis,J. McInnis,0,0,0,,0,0,0,0,h,McInnis REBOUND (Off:1 Def:3),Rebound,Unknown,0,0
318,315,PT02M29.00S,3,1610612766,CHA,1507,Anderson,D. Anderson,0,0,0,Made,1,55,74,129,h,Anderson  Reverse Layup (5 PTS) (McInnis 4 AST),Made Shot,Reverse Layup Shot,0,0
319,316,PT02M08.00S,3,1610612740,NOH,2199,Chandler,T. Chandler,0,0,0,,0,0,0,0,v,Chandler Bad Pass Turnover (P2.T7),Turnover,Bad Pass,0,0
320,316,PT02M08.00S,3,1610612766,CHA,2222,Wallace,G. Wallace,0,0,0,,0,0,0,0,h,Wallace STEAL (2 STL),,,0,0
321,317,PT01M57.00S,3,1610612766,CHA,2202,Richardson,J. Richardson,-230,20,0,Made,1,58,74,132,h,Richardson  3PT Jump Shot (18 PTS) (McInnis 5 AST),Made Shot,Jump Shot,0,0
322,318,PT01M57.00S,3,0,,1610612740,,,0,0,0,,0,0,0,0,v,Hornets Timeout: Regular (Reg.3 Short 0),Timeout,Regular,0,0
323,320,PT01M57.00S,3,1610612766,CHA,2202,Richardson,J. Richardson,0,0,0,,0,0,0,0,h,SUB: Carroll FOR Richardson,Substitution,,0,0
324,321,PT01M57.00S,3,1610612740,NOH,2199,Chandler,T. Chandler,0,0,0,,0,0,0,0,v,SUB: Armstrong FOR Chandler,Substitution,,0,0
325,322,PT01M31.00S,3,1610612740,NOH,1517,Jackson,B. Jackson,-103,245,27,Made,1,58,77,135,v,Jackson 27' 3PT Jump Shot (11 PTS) (Armstrong 2 AST),Made Shot,Jump Shot,0,0
326,323,PT01M11.00S,3,1610612766,CHA,976,McInnis,J. McInnis,21,63,7,Missed,1,0,0,0,h,MISS McInnis 7' Jump Shot,Missed Shot,Jump Shot,0,0
327,324,PT01M10.00S,3,1610612766,CHA,200797,Hollins,R. Hollins,0,0,0,,0,0,0,0,h,Hollins REBOUND (Off:1 Def:0),Rebound,Unknown,0,0
328,325,PT01M10.00S,3,1610612740,NOH,2446,Butler,R. Butler,0,0,0,,0,0,0,0,v,Butler S.FOUL (P3.PN),Foul,Shooting,0,0
329,326,PT01M10.00S,3,1610612766,CHA,200797,Hollins,R. Hollins,0,0,0,,0,59,77,136,h,Hollins Free Throw 1 of 2 (1 PTS),Free Throw,Free Throw 1 of 2,0,0
330,327,PT01M10.00S,3,1610612766,CHA,200797,Hollins,R. Hollins,0,0,0,,0,60,77,137,h,Hollins Free Throw 2 of 2 (2 PTS),Free Throw,Free Throw 2 of 2,0,0
331,328,PT00M58.90S,3,1610612740,NOH,2561,West,D. West,0,0,0,,0,0,0,0,v,West Bad Pass Turnover (P2.T8),Turnover,Bad Pass,0,0
332,328,PT00M58.90S,3,1610612766,CHA,976,McInnis,J. McInnis,0,0,0,,0,0,0,0,h,McInnis STEAL (1 STL),,,0,0
333,329,PT00M53.60S,3,1610612766,CHA,976,McInnis,J. McInnis,0,0,0,,0,0,0,0,h,McInnis Bad Pass Turnover (P4.T13),Turnover,Bad Pass,0,0
334,330,PT00M44.80S,3,1610612766,CHA,976,McInnis,J. McInnis,0,0,0,,0,0,0,0,h,McInnis P.FOUL (P3.PN),Foul,Personal,0,0
335,331,PT00M44.80S,3,1610612740,NOH,101108,Paul,C. Paul,0,0,0,,0,60,78,138,v,Paul Free Throw 1 of 2 (13 PTS),Free Throw,Free Throw 1 of 2,0,0
336,332,PT00M44.80S,3,1610612740,NOH,101108,Paul,C. Paul,0,0,0,,0,60,79,139,v,Paul Free Throw 2 of 2 (14 PTS),Free Throw,Free Throw 2 of 2,0,0
337,333,PT00M24.60S,3,1610612766,CHA,200797,Hollins,R. Hollins,0,0,0,Made,1,62,79,141,h,Hollins  Driving Dunk (4 PTS) (Anderson 1 AST),Made Shot,Driving Dunk Shot,0,0
338,334,PT00M01.20S,3,1610612740,NOH,2446,Butler,R. Butler,-151,22,15,Missed,1,0,0,0,v,MISS Butler 15' Jump Shot,Missed Shot,Jump Shot,0,0
339,336,PT00M01.20S,3,1610612740,NOH,2561,West,D. West,0,0,0,,0,0,0,0,v,West REBOUND (Off:2 Def:5),Rebound,Unknown,0,0
340,335,PT00M01.20S,3,1610612740,NOH,2561,West,D. West,0,0,0,Made,1,62,81,143,v,West  Putback Dunk (14 PTS),Made Shot,Putback Dunk Shot,0,0
341,337,PT00M00.00S,3,0,,0,,,0,0,0,,0,62,81,143,,End of 3rd Period (8:40 PM EST),period,end,0,0
342,339,PT12M00.00S,4,0,,0,,,0,0,0,,0,62,81,143,,Start of 4th Period (8:43 PM EST),period,start,0,0
343,340,PT11M45.00S,4,1610612766,CHA,2679,Carroll,M. Carroll,0,0,0,,0,0,0,0,h,Carroll S.FOUL (P3.T1),Foul,Shooting,0,0
344,341,PT11M45.00S,4,1610612740,NOH,200756,Armstrong,H. Armstrong,0,0,0,,0,62,82,144,v,Armstrong Free Throw 1 of 2 (1 PTS),Free Throw,Free Throw 1 of 2,0,0
345,342,PT11M45.00S,4,1610612740,NOH,200756,Armstrong,H. Armstrong,0,0,0,,0,62,83,145,v,Armstrong Free Throw 2 of 2 (2 PTS),Free Throw,Free Throw 2 of 2,0,0
346,343,PT11M30.00S,4,1610612766,CHA,1507,Anderson,D. Anderson,-141,76,16,Missed,1,0,0,0,h,MISS Anderson 16' Jump Shot,Missed Shot,Jump Shot,0,0
347,344,PT11M29.00S,4,1610612740,NOH,2446,Butler,R. Butler,0,0,0,,0,0,0,0,v,Butler REBOUND (Off:0 Def:3),Rebound,Unknown,0,0
348,345,PT11M09.00S,4,1610612740,NOH,2446,Butler,R. Butler,-158,86,18,Missed,1,0,0,0,v,MISS Butler 18' Jump Shot,Missed Shot,Jump Shot,0,0
349,346,PT11M07.00S,4,1610612766,CHA,1737,Mohammed,N. Mohammed,0,0,0,,0,0,0,0,h,Mohammed REBOUND (Off:3 Def:8),Rebound,Unknown,0,0
350,347,PT10M59.00S,4,1610612766,CHA,2222,Wallace,G. Wallace,0,0,0,Made,1,64,83,147,h,Wallace  Layup (13 PTS) (McInnis 6 AST),Made Shot,Layup Shot,0,0
351,348,PT10M45.00S,4,1610612766,CHA,2679,Carroll,M. Carroll,0,0,0,,0,0,0,0,h,Carroll P.FOUL (P4.T2),Foul,Personal,0,0
352,349,PT10M32.00S,4,1610612740,NOH,2446,Butler,R. Butler,159,202,26,Made,1,64,86,150,v,Butler 26' 3PT Jump Shot (5 PTS) (Pargo 1 AST),Made Shot,Jump Shot,0,0
353,350,PT10M12.00S,4,1610612766,CHA,1507,Anderson,D. Anderson,-44,250,25,Made,1,67,86,153,h,Anderson 25' 3PT Jump Shot (8 PTS) (Wallace 3 AST),Made Shot,Jump Shot,0,0
354,351,PT10M00.00S,4,1610612740,NOH,2457,Pargo,J. Pargo,0,0,0,,0,0,0,0,v,Pargo Poss Lost Ball Turnover (P1.T9),Turnover,Poss Lost Ball Turnover,0,0
355,354,PT09M53.00S,4,1610612740,NOH,2457,Pargo,J. Pargo,0,0,0,,0,0,0,0,v,Pargo P.FOUL (P1.T1),Foul,Personal,0,0
356,355,PT09M43.00S,4,1610612766,CHA,976,McInnis,J. McInnis,0,58,6,Missed,1,0,0,0,h,MISS McInnis 6' Jump Shot,Missed Shot,Jump Shot,0,0
357,356,PT09M42.00S,4,1610612740,NOH,1517,Jackson,B. Jackson,0,0,0,,0,0,0,0,v,Jackson REBOUND (Off:0 Def:2),Rebound,Unknown,0,0
358,357,PT09M33.00S,4,1610612740,NOH,200756,Armstrong,H. Armstrong,0,0,0,,0,0,0,0,v,Armstrong OFF.Foul (P1),Foul,Offensive,0,0
359,358,PT09M33.00S,4,1610612740,NOH,200756,Armstrong,H. Armstrong,0,0,0,,0,0,0,0,v,Armstrong Foul Turnover (P3.T10),Turnover,Foul,0,0
360,359,PT09M14.00S,4,1610612766,CHA,976,McInnis,J. McInnis,-23,204,21,Missed,1,0,0,0,h,MISS McInnis 21' Jump Shot,Missed Shot,Jump Shot,0,0
361,360,PT09M13.00S,4,1610612740,NOH,200756,Armstrong,H. Armstrong,0,0,0,,0,0,0,0,v,Armstrong REBOUND (Off:1 Def:2),Rebound,Unknown,0,0
362,361,PT09M06.00S,4,1610612766,CHA,976,McInnis,J. McInnis,0,0,0,,0,0,0,0,h,McInnis P.FOUL (P4.T3),Foul,Personal,0,0
363,362,PT09M06.00S,4,1610612766,CHA,976,McInnis,J. McInnis,0,0,0,,0,0,0,0,h,SUB: Felton FOR McInnis,Substitution,,0,0
364,363,PT09M06.00S,4,1610612766,CHA,1507,Anderson,D. Anderson,0,0,0,,0,0,0,0,h,SUB: Richardson FOR Anderson,Substitution,,0,0
365,364,PT08M54.00S,4,1610612740,NOH,200756,Armstrong,H. Armstrong,0,0,0,,0,0,0,0,v,Armstrong Lost Ball Turnover (P4.T11),Turnover,Lost Ball,0,0
366,364,PT08M54.00S,4,1610612766,CHA,1737,Mohammed,N. Mohammed,0,0,0,,0,0,0,0,h,Mohammed STEAL (2 STL),,,0,0
367,365,PT08M47.00S,4,1610612766,CHA,101109,Felton,R. Felton,0,0,0,Missed,1,0,0,0,h,MISS Felton  Layup,Missed Shot,Layup Shot,0,0
368,367,PT08M46.00S,4,1610612766,CHA,101109,Felton,R. Felton,0,0,0,,0,0,0,0,h,Felton REBOUND (Off:1 Def:2),Rebound,Unknown,0,0
369,366,PT08M46.00S,4,1610612766,CHA,101109,Felton,R. Felton,0,0,0,Missed,1,0,0,0,h,MISS Felton  Tip Shot,Missed Shot,Tip Shot,0,0
370,369,PT08M44.00S,4,1610612766,CHA,1737,Mohammed,N. Mohammed,0,0,0,,0,0,0,0,h,Mohammed REBOUND (Off:4 Def:8),Rebound,Unknown,0,0
371,368,PT08M44.00S,4,1610612766,CHA,1737,Mohammed,N. Mohammed,0,0,0,Made,1,69,86,155,h,Mohammed  Tip Shot (15 PTS),Made Shot,Tip Shot,0,0
372,370,PT08M25.00S,4,1610612740,NOH,1517,Jackson,B. Jackson,-233,110,26,Missed,1,0,0,0,v,MISS Jackson 26' 3PT Jump Shot,Missed Shot,Jump Shot,0,0
373,371,PT08M24.00S,4,1610612766,CHA,1737,Mohammed,N. Mohammed,0,0,0,,0,0,0,0,h,Mohammed REBOUND (Off:4 Def:9),Rebound,Unknown,0,0
374,372,PT08M17.00S,4,1610612766,CHA,2222,Wallace,G. Wallace,0,0,0,,0,0,0,0,h,Wallace Bad Pass Turnover (P2.T14),Turnover,Bad Pass,0,0
375,372,PT08M17.00S,4,1610612740,NOH,1517,Jackson,B. Jackson,0,0,0,,0,0,0,0,v,Jackson STEAL (2 STL),,,0,0
376,373,PT07M55.00S,4,1610612740,NOH,200756,Armstrong,H. Armstrong,0,0,0,,0,0,0,0,v,Armstrong Lost Ball Turnover (P5.T12),Turnover,Lost Ball,0,0
377,373,PT07M55.00S,4,1610612766,CHA,1737,Mohammed,N. Mohammed,0,0,0,,0,0,0,0,h,Mohammed STEAL (3 STL),,,0,0
378,374,PT07M52.00S,4,0,,0,,,0,0,0,,0,0,0,0,,Timeout: Official,Timeout,Official,0,0
379,375,PT07M38.00S,4,1610612766,CHA,2679,Carroll,M. Carroll,-166,12,17,Missed,1,0,0,0,h,MISS Carroll 17' Jump Shot,Missed Shot,Jump Shot,0,0
380,376,PT07M37.00S,4,1610612740,NOH,200756,Armstrong,H. Armstrong,0,0,0,,0,0,0,0,v,Armstrong REBOUND (Off:1 Def:3),Rebound,Unknown,0,0
381,377,PT07M21.00S,4,1610612766,CHA,101109,Felton,R. Felton,0,0,0,,0,0,0,0,h,Felton P.FOUL (P4.T4),Foul,Personal,0,0
382,378,PT07M12.00S,4,1610612740,NOH,2457,Pargo,J. Pargo,5,183,18,Made,1,69,88,157,v,Pargo 18' Step Back Jump Shot (4 PTS),Made Shot,Step Back Jump shot,0,0
383,379,PT06M52.00S,4,1610612766,CHA,2222,Wallace,G. Wallace,-154,20,16,Missed,1,0,0,0,h,MISS Wallace 16' Jump Shot,Missed Shot,Jump Shot,0,0
384,380,PT06M50.00S,4,1610612740,NOH,2457,Pargo,J. Pargo,0,0,0,,0,0,0,0,v,Pargo REBOUND (Off:0 Def:1),Rebound,Unknown,0,0
385,381,PT06M45.00S,4,1610612740,NOH,201153,Wright,J. Wright,0,0,0,Missed,1,0,0,0,v,MISS Wright  Reverse Layup,Missed Shot,Reverse Layup Shot,0,0
386,382,PT06M43.00S,4,1610612766,CHA,1737,Mohammed,N. Mohammed,0,0,0,,0,0,0,0,h,Mohammed REBOUND (Off:4 Def:10),Rebound,Unknown,0,0
387,383,PT06M31.00S,4,1610612766,CHA,2679,Carroll,M. Carroll,164,204,26,Made,1,72,88,160,h,Carroll 26' 3PT Jump Shot (3 PTS) (Felton 3 AST),Made Shot,Jump Shot,0,0
388,384,PT06M05.00S,4,1610612766,CHA,1737,Mohammed,N. Mohammed,0,0,0,,0,0,0,0,h,SUB: Okafor FOR Mohammed,Substitution,,0,0
389,385,PT06M05.00S,4,1610612766,CHA,2222,Wallace,G. Wallace,0,0,0,,0,0,0,0,h,Jump Ball Wallace vs. Jackson: Tip to Felton,Jump Ball,,0,0
390,386,PT06M05.00S,4,1610612740,NOH,1517,Jackson,B. Jackson,0,0,0,,0,0,0,0,v,Jackson Lost Ball Turnover (P1.T13),Turnover,Lost Ball,0,0
391,386,PT06M05.00S,4,1610612766,CHA,2222,Wallace,G. Wallace,0,0,0,,0,0,0,0,h,Wallace STEAL (3 STL),,,0,0
392,387,PT05M56.00S,4,1610612766,CHA,2679,Carroll,M. Carroll,112,49,12,Made,1,74,88,162,h,Carroll 12' Running Bank Shot (5 PTS) (Felton 4 AST),Made Shot,Running Bank shot,0,0
393,388,PT05M34.00S,4,1610612740,NOH,2457,Pargo,J. Pargo,174,18,17,Made,1,74,90,164,v,Pargo 17' Jump Shot (6 PTS),Made Shot,Jump Shot,0,0
394,389,PT05M25.00S,4,1610612766,CHA,2731,Okafor,E. Okafor,0,0,0,Made,1,76,90,166,h,Okafor  Dunk (9 PTS) (Richardson 2 AST),Made Shot,Dunk Shot,0,0
395,390,PT05M25.00S,4,1610612740,NOH,200756,Armstrong,H. Armstrong,0,0,0,,0,0,0,0,v,Armstrong S.FOUL (P2.T2),Foul,Shooting,0,0
396,391,PT05M25.00S,4,0,,1610612766,,,0,0,0,,0,0,0,0,h,BOBCATS Timeout: Regular (Full 4 Short 0),Timeout,Regular,0,0
397,393,PT05M25.00S,4,1610612740,NOH,200756,Armstrong,H. Armstrong,0,0,0,,0,0,0,0,v,SUB: Chandler FOR Armstrong,Substitution,,0,0
398,394,PT05M25.00S,4,1610612740,NOH,201153,Wright,J. Wright,0,0,0,,0,0,0,0,v,SUB: West FOR Wright,Substitution,,0,0
399,395,PT05M25.00S,4,1610612766,CHA,2731,Okafor,E. Okafor,0,0,0,,0,77,90,167,h,Okafor Free Throw 1 of 1 (10 PTS),Free Throw,Free Throw 1 of 1,0,0
400,396,PT05M05.00S,4,1610612740,NOH,1517,Jackson,B. Jackson,31,275,28,Missed,1,0,0,0,v,MISS Jackson 28' 3PT Jump Shot,Missed Shot,Jump Shot,0,0
401,397,PT05M03.00S,4,1610612766,CHA,2202,Richardson,J. Richardson,0,0,0,,0,0,0,0,h,Richardson REBOUND (Off:0 Def:3),Rebound,Unknown,0,0
402,398,PT04M57.00S,4,1610612766,CHA,2679,Carroll,M. Carroll,-176,187,26,Missed,1,0,0,0,h,MISS Carroll 26' 3PT Jump Shot,Missed Shot,Jump Shot,0,0
403,399,PT04M55.00S,4,1610612740,NOH,2561,West,D. West,0,0,0,,0,0,0,0,v,West REBOUND (Off:2 Def:6),Rebound,Unknown,0,0
404,400,PT04M31.00S,4,1610612740,NOH,2457,Pargo,J. Pargo,-187,59,20,Missed,1,0,0,0,v,MISS Pargo 20' Jump Shot,Missed Shot,Jump Shot,0,0
405,401,PT04M30.00S,4,1610612766,CHA,2679,Carroll,M. Carroll,0,0,0,,0,0,0,0,h,Carroll REBOUND (Off:0 Def:1),Rebound,Unknown,0,0
406,402,PT04M22.00S,4,1610612766,CHA,2202,Richardson,J. Richardson,0,0,0,Made,1,79,90,169,h,Richardson  Driving Layup (20 PTS),Made Shot,Driving Layup Shot,0,0
407,403,PT03M57.00S,4,1610612740,NOH,2446,Butler,R. Butler,-217,114,25,Missed,1,0,0,0,v,MISS Butler 25' 3PT Jump Shot,Missed Shot,Jump Shot,0,0
408,404,PT03M56.00S,4,1610612766,CHA,2731,Okafor,E. Okafor,0,0,0,,0,0,0,0,h,Okafor REBOUND (Off:1 Def:11),Rebound,Unknown,0,0
409,405,PT03M45.00S,4,1610612766,CHA,2202,Richardson,J. Richardson,151,51,16,Missed,1,0,0,0,h,MISS Richardson 16' Turnaround Jump Shot,Missed Shot,Turnaround Jump Shot,0,0
410,406,PT03M42.00S,4,1610612740,NOH,2561,West,D. West,0,0,0,,0,0,0,0,v,West REBOUND (Off:2 Def:7),Rebound,Unknown,0,0
411,407,PT03M37.00S,4,0,,1610612740,,,0,0,0,,0,0,0,0,v,Hornets Timeout: Regular (Reg.4 Short 0),Timeout,Regular,0,0
412,409,PT03M37.00S,4,1610612740,NOH,2446,Butler,R. Butler,0,0,0,,0,0,0,0,v,SUB: Stojakovic FOR Butler,Substitution,,0,0
413,410,PT03M37.00S,4,1610612740,NOH,1517,Jackson,B. Jackson,0,0,0,,0,0,0,0,v,SUB: Paul FOR Jackson,Substitution,,0,0
414,411,PT03M37.00S,4,1610612740,NOH,2457,Pargo,J. Pargo,0,0,0,,0,0,0,0,v,SUB: Peterson FOR Pargo,Substitution,,0,0
415,412,PT03M22.00S,4,1610612740,NOH,2561,West,D. West,0,0,0,Made,1,79,92,171,v,West  Layup (16 PTS),Made Shot,Layup Shot,0,0
416,413,PT03M14.00S,4,1610612740,NOH,2561,West,D. West,0,0,0,,0,0,0,0,v,West S.FOUL (P2.T3),Foul,Shooting,0,0
417,414,PT03M14.00S,4,1610612766,CHA,2222,Wallace,G. Wallace,0,0,0,,0,0,0,0,h,MISS Wallace Free Throw 1 of 2,Free Throw,Free Throw 1 of 2,0,0
418,416,PT03M14.00S,4,0,,1610612766,,,0,0,0,,0,0,0,0,h,BOBCATS Rebound,Rebound,Normal Rebound,0,0
419,418,PT03M14.00S,4,1610612766,CHA,2222,Wallace,G. Wallace,0,0,0,,0,80,92,172,h,Wallace Free Throw 2 of 2 (14 PTS),Free Throw,Free Throw 2 of 2,0,0
420,419,PT02M54.00S,4,1610612740,NOH,2561,West,D. West,0,0,0,Made,1,80,94,174,v,West  Driving Layup (18 PTS),Made Shot,Driving Layup Shot,0,0
421,420,PT02M40.00S,4,1610612766,CHA,2222,Wallace,G. Wallace,-95,235,25,Missed,1,0,0,0,h,MISS Wallace 25' 3PT Jump Shot,Missed Shot,Jump Shot,0,0
422,421,PT02M40.00S,4,0,,1610612740,,,0,0,0,,0,0,0,0,v,Hornets Rebound,Rebound,Unknown,0,0
423,422,PT02M26.00S,4,1610612766,CHA,2222,Wallace,G. Wallace,0,0,0,,0,0,0,0,h,Wallace S.FOUL (P3.PN),Foul,Shooting,0,0
424,423,PT02M26.00S,4,1610612740,NOH,2561,West,D. West,0,0,0,,0,80,95,175,v,West Free Throw 1 of 2 (19 PTS),Free Throw,Free Throw 1 of 2,0,0
425,424,PT02M26.00S,4,1610612740,NOH,2561,West,D. West,0,0,0,,0,80,96,176,v,West Free Throw 2 of 2 (20 PTS),Free Throw,Free Throw 2 of 2,0,0
426,425,PT02M14.00S,4,1610612766,CHA,2202,Richardson,J. Richardson,-15,260,26,Made,1,83,96,179,h,Richardson 26' 3PT Jump Shot (23 PTS) (Wallace 4 AST),Made Shot,Jump Shot,0,0
427,426,PT01M50.00S,4,1610612740,NOH,101108,Paul,C. Paul,156,100,19,Missed,1,0,0,0,v,MISS Paul 19' Jump Shot,Missed Shot,Jump Shot,0,0
428,427,PT01M49.00S,4,1610612740,NOH,2561,West,D. West,0,0,0,,0,0,0,0,v,West REBOUND (Off:3 Def:7),Rebound,Unknown,0,0
429,428,PT01M26.00S,4,1610612740,NOH,2050,Peterson,M. Peterson,-238,49,24,Missed,1,0,0,0,v,MISS Peterson 24' 3PT Jump Shot,Missed Shot,Jump Shot,0,0
430,429,PT01M26.00S,4,0,,1610612740,,,0,0,0,,0,0,0,0,v,Hornets Rebound,Rebound,Unknown,0,0
431,430,PT01M26.00S,4,0,,1610612740,,,0,0,0,,0,0,0,0,v,Hornets Turnover: Shot Clock (T#14),Turnover,Shot Clock Turnover,0,0
432,431,PT01M14.00S,4,1610612766,CHA,2222,Wallace,G. Wallace,0,0,0,Missed,1,0,0,0,h,MISS Wallace  Layup,Missed Shot,Layup Shot,0,0
433,431,PT01M14.00S,4,1610612740,NOH,2561,West,D. West,0,0,0,,0,0,0,0,v,West BLOCK (4 BLK),,,0,0
434,432,PT01M14.00S,4,1610612766,CHA,2222,Wallace,G. Wallace,0,0,0,,0,0,0,0,h,Jump Ball Wallace vs. West: Tip to Felton,Jump Ball,,0,0
435,433,PT01M14.00S,4,0,,1610612766,,,0,0,0,,0,0,0,0,h,BOBCATS Rebound,Rebound,Unknown,0,0
436,434,PT01M06.00S,4,1610612766,CHA,2202,Richardson,J. Richardson,-39,89,10,Made,1,85,96,181,h,Richardson 10' Running Jump Shot (25 PTS),Made Shot,Running Jump Shot,0,0
437,435,PT00M41.90S,4,1610612740,NOH,101108,Paul,C. Paul,174,76,19,Missed,1,0,0,0,v,MISS Paul 19' Jump Shot,Missed Shot,Jump Shot,0,0
438,436,PT00M39.90S,4,1610612740,NOH,2050,Peterson,M. Peterson,0,0,0,,0,0,0,0,v,Peterson REBOUND (Off:2 Def:2),Rebound,Unknown,0,0
439,437,PT00M37.20S,4,1610612766,CHA,101109,Felton,R. Felton,0,0,0,,0,0,0,0,h,Felton P.FOUL (P5.PN),Foul,Personal,0,0
440,438,PT00M37.20S,4,1610612740,NOH,101108,Paul,C. Paul,0,0,0,,0,85,97,182,v,Paul Free Throw 1 of 2 (15 PTS),Free Throw,Free Throw 1 of 2,0,0
441,439,PT00M37.20S,4,1610612740,NOH,101108,Paul,C. Paul,0,0,0,,0,85,98,183,v,Paul Free Throw 2 of 2 (16 PTS),Free Throw,Free Throw 2 of 2,0,0
442,440,PT00M29.80S,4,1610612766,CHA,2679,Carroll,M. Carroll,-189,56,20,Missed,1,0,0,0,h,MISS Carroll 20' Jump Shot,Missed Shot,Jump Shot,0,0
443,441,PT00M28.80S,4,1610612740,NOH,101108,Paul,C. Paul,0,0,0,,0,0,0,0,v,Paul REBOUND (Off:0 Def:2),Rebound,Unknown,0,0
444,442,PT00M27.40S,4,1610612766,CHA,2202,Richardson,J. Richardson,0,0,0,,0,0,0,0,h,Richardson P.FOUL (P2.PN),Foul,Personal,0,0
445,443,PT00M27.40S,4,1610612740,NOH,101108,Paul,C. Paul,0,0,0,,0,0,0,0,v,MISS Paul Free Throw 1 of 2,Free Throw,Free Throw 1 of 2,0,0
446,444,PT00M27.40S,4,0,,1610612740,,,0,0,0,,0,0,0,0,v,Hornets Rebound,Rebound,Normal Rebound,0,0
447,445,PT00M27.40S,4,1610612740,NOH,101108,Paul,C. Paul,0,0,0,,0,85,99,184,v,Paul Free Throw 2 of 2 (17 PTS),Free Throw,Free Throw 2 of 2,0,0
448,446,PT00M20.80S,4,1610612766,CHA,101109,Felton,R. Felton,-123,230,26,Missed,1,0,0,0,h,MISS Felton 26' 3PT Jump Shot,Missed Shot,Jump Shot,0,0
449,447,PT00M20.80S,4,1610612766,CHA,2731,Okafor,E. Okafor,0,0,0,,0,0,0,0,h,Okafor REBOUND (Off:2 Def:11),Rebound,Unknown,0,0
450,448,PT00M20.80S,4,1610612766,CHA,2731,Okafor,E. Okafor,0,0,0,,0,0,0,0,h,Okafor Traveling Turnover (P2.T15),Turnover,Traveling,0,0
451,449,PT00M00.00S,4,0,,0,,,0,0,0,,0,85,99,184,,End of 4th Period (9:11 PM EST),period,end,0,0
