actionId,actionNumber,clock,period,teamId,teamTricode,personId,playerName,playerNameI,xLegacy,yLegacy,shotDistance,shotResult,isFieldGoal,scoreHome,scoreAway,pointsTotal,location,description,actionType,subType,videoAvailable,shotValue
1,0,PT12M00.00S,1,0,,0,,,0,0,0,,0,0,0,0,,Start of 1st Period (7:31 PM EST),period,start,0,0
2,1,PT12M00.00S,1,1610612751,NJN,201157,Williams,S. Williams,0,0,0,,0,,,0,h,Jump Ball S. Williams vs. Curry: Tip to Kidd,Jump Ball,,0,0
3,2,PT11M47.00S,1,1610612751,NJN,201157,Williams,S. Williams,0,0,0,Made,1,2,0,2,h,S. Williams Layup (2 PTS) (Kidd 1 AST),Made Shot,Layup Shot,0,0
4,3,PT11M26.00S,1,1610612752,NYK,2201,Curry,E. Curry,54,18,6,Missed,1,,,0,v,MISS Curry 6' Hook Shot,Missed Shot,Hook Shot,0,0
5,4,PT11M26.00S,1,1610612751,NJN,200767,Boone,J. Boone,0,0,0,,0,,,0,h,Boone REBOUND (Off:0 Def:1),Rebound,Unknown,0,0
6,5,PT11M17.00S,1,1610612751,NJN,201157,Williams,S. Williams,0,0,0,Made,1,4,0,4,h,S. Williams Alley Oop Layup (4 PTS) (Kidd 2 AST),Made Shot,Alley Oop Layup shot,0,0
7,6,PT11M03.00S,1,1610612751,NJN,2210,Jefferson,R. Jefferson,0,0,0,,0,,,0,h,Jefferson P.FOUL (P1.T1),Foul,Personal,0,0
8,7,PT10M57.00S,1,1610612752,NYK,2410,Jones,F. Jones,0,0,0,,0,,,0,v,Jones Lost Ball Turnover (P1.T1),Turnover,Lost Ball,0,0
9,7,PT10M57.00S,1,1610612751,NJN,1713,Carter,V. Carter,0,0,0,,0,,,0,h,Carter STEAL (1 STL),,,0,0
10,8,PT10M52.00S,1,1610612751,NJN,201157,Williams,S. Williams,0,0,0,Made,1,6,0,6,h,S. Williams Driving Dunk (6 PTS) (Kidd 3 AST),Made Shot,Driving Dunk Shot,0,0
11,9,PT10M26.00S,1,1610612752,NYK,2216,Randolph,Z. Randolph,-191,117,22,Missed,1,,,0,v,MISS Randolph 22' Jump Shot,Missed Shot,Jump Shot,0,0
12,10,PT10M24.00S,1,1610612752,NYK,2201,Curry,E. Curry,0,0,0,,0,,,0,v,Curry REBOUND (Off:1 Def:0),Rebound,Unknown,0,0
13,11,PT10M23.00S,1,1610612752,NYK,2201,Curry,E. Curry,0,0,0,Made,1,6,2,8,v,Curry Putback Dunk (2 PTS),Made Shot,Putback Dunk Shot,0,0
14,12,PT10M02.00S,1,1610612751,NJN,467,Kidd,J. Kidd,-186,155,24,Made,1,9,2,11,h,Kidd 24' 3PT Jump Shot (3 PTS),Made Shot,Jump Shot,0,0
15,13,PT09M51.00S,1,1610612751,NJN,201157,Williams,S. Williams,0,0,0,,0,,,0,h,S. Williams P.FOUL (P1.T2),Foul,Personal,0,0
16,14,PT09M38.00S,1,1610612752,NYK,2201,Curry,E. Curry,0,0,0,,0,,,0,v,Curry OFF.Foul (P1),Foul,Offensive,0,0
17,15,PT09M38.00S,1,1610612752,NYK,2201,Curry,E. Curry,0,0,0,,0,,,0,v,Curry Foul Turnover (P1.T2),Turnover,Foul,0,0
18,16,PT09M25.00S,1,1610612751,NJN,201157,Williams,S. Williams,0,0,0,Missed,1,,,0,h,MISS S. Williams Layup,Missed Shot,Layup Shot,0,0
19,17,PT09M24.00S,1,1610612752,NYK,2216,Randolph,Z. Randolph,0,0,0,,0,,,0,v,Randolph REBOUND (Off:0 Def:1),Rebound,Unknown,0,0
20,18,PT09M13.00S,1,1610612752,NYK,2037,Crawford,J. Crawford,167,196,26,Made,1,9,5,14,v,Crawford 26' 3PT Jump Shot (3 PTS),Made Shot,Jump Shot,0,0
21,19,PT08M52.00S,1,1610612751,NJN,201157,Williams,S. Williams,138,2,14,Made,1,11,5,16,h,S. Williams 14' Jump Shot (8 PTS) (Carter 1 AST),Made Shot,Jump Shot,0,0
22,20,PT08M37.00S,1,1610612752,NYK,2410,Jones,F. Jones,-228,-13,0,Made,1,11,8,19,v,Jones 3PT Jump Shot (3 PTS) (Crawford 1 AST),Made Shot,Jump Shot,0,0
23,21,PT08M23.00S,1,1610612752,NYK,2410,Jones,F. Jones,0,0,0,,0,,,0,v,Jones P.FOUL (P1.T1),Foul,Personal,0,0
24,22,PT08M13.00S,1,1610612751,NJN,1713,Carter,V. Carter,-145,38,15,Made,1,13,8,21,h,Carter 15' Turnaround Jump Shot (2 PTS) (Kidd 4 AST),Made Shot,Turnaround Jump Shot,0,0
25,23,PT07M56.00S,1,1610612752,NYK,2201,Curry,E. Curry,0,0,0,Made,1,13,10,23,v,Curry Dunk (4 PTS) (Randolph 1 AST),Made Shot,Dunk Shot,0,0
26,24,PT07M40.00S,1,1610612751,NJN,1713,Carter,V. Carter,-16,215,22,Missed,1,,,0,h,MISS Carter 22' Jump Shot,Missed Shot,Jump Shot,0,0
27,25,PT07M39.00S,1,1610612752,NYK,2047,Richardson,Q. Richardson,0,0,0,,0,,,0,v,Richardson REBOUND (Off:0 Def:1),Rebound,Unknown,0,0
28,26,PT07M26.00S,1,1610612752,NYK,2037,Crawford,J. Crawford,154,224,27,Missed,1,,,0,v,MISS Crawford 27' 3PT Jump Shot,Missed Shot,Jump Shot,0,0
29,27,PT07M25.00S,1,1610612751,NJN,1713,Carter,V. Carter,0,0,0,,0,,,0,h,Carter REBOUND (Off:0 Def:1),Rebound,Unknown,0,0
30,28,PT07M25.00S,1,1610612752,NYK,2216,Randolph,Z. Randolph,0,0,0,,0,,,0,v,Randolph L.B.FOUL (P1.T2),Foul,Loose Ball,0,0
31,29,PT07M14.00S,1,1610612751,NJN,1713,Carter,V. Carter,0,0,0,Made,1,15,10,25,h,Carter Layup (4 PTS) (Kidd 5 AST),Made Shot,Layup Shot,0,0
32,30,PT06M53.00S,1,1610612752,NYK,2216,Randolph,Z. Randolph,182,10,18,Missed,1,,,0,v,MISS Randolph 18' Jump Shot,Missed Shot,Jump Shot,0,0
33,31,PT06M52.00S,1,1610612751,NJN,200767,Boone,J. Boone,0,0,0,,0,,,0,h,Boone REBOUND (Off:0 Def:2),Rebound,Unknown,0,0
34,32,PT06M45.00S,1,1610612751,NJN,201157,Williams,S. Williams,44,20,5,Made,1,17,10,27,h,S. Williams 5' Jump Bank Shot (10 PTS) (Kidd 6 AST),Made Shot,Jump Bank Shot,0,0
35,33,PT06M37.00S,1,0,,1610612752,,,0,0,0,,0,,,0,v,Knicks Timeout: Regular (Reg.1 Short 0),Timeout,Regular,0,0
36,35,PT06M26.00S,1,1610612752,NYK,2216,Randolph,Z. Randolph,0,0,0,Made,1,17,12,29,v,Randolph Layup (2 PTS) (Crawford 2 AST),Made Shot,Layup Shot,0,0
37,36,PT06M26.00S,1,1610612751,NJN,201157,Williams,S. Williams,0,0,0,,0,,,0,h,S. Williams S.FOUL (P2.T3),Foul,Shooting,0,0
38,37,PT06M26.00S,1,1610612751,NJN,201157,Williams,S. Williams,0,0,0,,0,,,0,h,SUB: Collins FOR S. Williams,Substitution,,0,0
39,38,PT06M26.00S,1,1610612752,NYK,2216,Randolph,Z. Randolph,0,0,0,,0,17,13,30,v,Randolph Free Throw 1 of 1 (3 PTS),Free Throw,Free Throw 1 of 1,0,0
40,39,PT06M09.00S,1,1610612751,NJN,2210,Jefferson,R. Jefferson,-156,77,17,Missed,1,,,0,h,MISS Jefferson 17' Jump Shot,Missed Shot,Jump Shot,0,0
41,40,PT06M06.00S,1,1610612751,NJN,200767,Boone,J. Boone,0,0,0,,0,,,0,h,Boone REBOUND (Off:1 Def:2),Rebound,Unknown,0,0
42,41,PT06M02.00S,1,1610612752,NYK,2216,Randolph,Z. Randolph,0,0,0,,0,,,0,v,Randolph P.FOUL (P2.T3),Foul,Personal,0,0
43,42,PT06M02.00S,1,1610612752,NYK,2216,Randolph,Z. Randolph,0,0,0,,0,,,0,v,SUB: Lee FOR Randolph,Substitution,,0,0
44,43,PT05M55.00S,1,1610612751,NJN,1713,Carter,V. Carter,-75,36,8,Made,1,19,13,32,h,Carter 8' Jump Shot (6 PTS) (Kidd 7 AST),Made Shot,Jump Shot,0,0
45,44,PT05M55.00S,1,1610612752,NYK,2201,Curry,E. Curry,0,0,0,,0,,,0,v,Curry S.FOUL (P2.T4),Foul,Shooting,0,0
46,45,PT05M55.00S,1,1610612751,NJN,1713,Carter,V. Carter,0,0,0,,0,,,0,h,MISS Carter Free Throw 1 of 1,Free Throw,Free Throw 1 of 1,0,0
47,46,PT05M54.00S,1,1610612752,NYK,101135,Lee,D. Lee,0,0,0,,0,,,0,v,Lee REBOUND (Off:0 Def:1),Rebound,Unknown,0,0
48,47,PT05M42.00S,1,1610612752,NYK,2201,Curry,E. Curry,0,0,0,,0,,,0,v,Curry Traveling Turnover (P2.T3),Turnover,Traveling,0,0
49,48,PT05M42.00S,1,1610612752,NYK,2201,Curry,E. Curry,0,0,0,,0,,,0,v,SUB: Rose FOR Curry,Substitution,,0,0
50,49,PT05M30.00S,1,1610612751,NJN,1713,Carter,V. Carter,-23,133,13,Made,1,21,13,34,h,Carter 13' Jump Shot (8 PTS) (Kidd 8 AST),Made Shot,Jump Shot,0,0
51,50,PT05M22.00S,1,1610612752,NYK,101135,Lee,D. Lee,0,0,0,,0,,,0,v,Lee OFF.Foul (P1),Foul,Offensive,0,0
52,51,PT05M22.00S,1,1610612752,NYK,101135,Lee,D. Lee,0,0,0,,0,,,0,v,Lee Foul Turnover (P1.T4),Turnover,Foul,0,0
53,52,PT05M11.00S,1,1610612751,NJN,2210,Jefferson,R. Jefferson,-71,199,21,Missed,1,,,0,h,MISS Jefferson 21' Jump Shot,Missed Shot,Jump Shot,0,0
54,53,PT05M10.00S,1,1610612752,NYK,101135,Lee,D. Lee,0,0,0,,0,,,0,v,Lee REBOUND (Off:0 Def:2),Rebound,Unknown,0,0
55,54,PT05M07.00S,1,1610612751,NJN,2215,Collins,J. Collins,0,0,0,,0,,,0,h,Collins P.FOUL (P1.T4),Foul,Personal,0,0
56,55,PT04M54.00S,1,1610612752,NYK,2047,Richardson,Q. Richardson,-92,161,19,Missed,1,,,0,v,MISS Richardson 19' Jump Shot,Missed Shot,Jump Shot,0,0
57,56,PT04M53.00S,1,1610612752,NYK,101135,Lee,D. Lee,0,0,0,,0,,,0,v,Lee REBOUND (Off:1 Def:2),Rebound,Unknown,0,0
58,57,PT04M43.00S,1,1610612752,NYK,2410,Jones,F. Jones,230,-1,0,Missed,1,,,0,v,MISS Jones 3PT Jump Shot,Missed Shot,Jump Shot,0,0
59,58,PT04M42.00S,1,1610612751,NJN,2210,Jefferson,R. Jefferson,0,0,0,,0,,,0,h,Jefferson REBOUND (Off:0 Def:1),Rebound,Unknown,0,0
60,59,PT04M34.00S,1,1610612751,NJN,467,Kidd,J. Kidd,13,197,20,Made,1,23,13,36,h,Kidd 20' Jump Shot (5 PTS),Made Shot,Jump Shot,0,0
61,60,PT04M14.00S,1,1610612752,NYK,990,Rose,M. Rose,-90,166,19,Missed,1,,,0,v,MISS Rose 19' Jump Shot,Missed Shot,Jump Shot,0,0
62,61,PT04M13.00S,1,1610612751,NJN,200767,Boone,J. Boone,0,0,0,,0,,,0,h,Boone REBOUND (Off:1 Def:3),Rebound,Unknown,0,0
63,62,PT04M03.00S,1,1610612752,NYK,990,Rose,M. Rose,0,0,0,,0,,,0,v,Rose S.FOUL (P1.PN),Foul,Shooting,0,0
64,63,PT04M03.00S,1,1610612751,NJN,1713,Carter,V. Carter,0,0,0,,0,24,13,37,h,Carter Free Throw 1 of 2 (9 PTS),Free Throw,Free Throw 1 of 2,0,0
65,64,PT04M03.00S,1,1610612752,NYK,2410,Jones,F. Jones,0,0,0,,0,,,0,v,SUB: Jeffries FOR Jones,Substitution,,0,0
66,65,PT04M03.00S,1,1610612751,NJN,1713,Carter,V. Carter,0,0,0,,0,25,13,38,h,Carter Free Throw 2 of 2 (10 PTS),Free Throw,Free Throw 2 of 2,0,0
67,66,PT03M50.00S,1,1610612752,NYK,2047,Richardson,Q. Richardson,0,0,0,Made,1,25,15,40,v,Richardson Layup (2 PTS) (Jeffries 1 AST),Made Shot,Layup Shot,0,0
68,67,PT03M38.00S,1,1610612751,NJN,200767,Boone,J. Boone,0,0,0,Made,1,27,15,42,h,Boone Alley Oop Dunk (2 PTS) (Kidd 9 AST),Made Shot,Alley Oop Dunk Shot,0,0
69,68,PT03M25.00S,1,1610612752,NYK,2047,Richardson,Q. Richardson,0,0,0,,0,,,0,v,Richardson Bad Pass Turnover (P1.T5),Turnover,Bad Pass,0,0
70,68,PT03M25.00S,1,1610612751,NJN,200767,Boone,J. Boone,0,0,0,,0,,,0,h,Boone STEAL (1 STL),,,0,0
71,69,PT03M20.00S,1,1610612751,NJN,1713,Carter,V. Carter,0,0,0,Made,1,29,15,44,h,Carter Layup (12 PTS) (Kidd 10 AST),Made Shot,Layup Shot,0,0
72,70,PT02M59.00S,1,1610612752,NYK,990,Rose,M. Rose,-3,58,6,Missed,1,,,0,v,MISS Rose 6' Hook Shot,Missed Shot,Hook Shot,0,0
73,71,PT02M57.00S,1,1610612751,NJN,200767,Boone,J. Boone,0,0,0,,0,,,0,h,Boone REBOUND (Off:1 Def:4),Rebound,Unknown,0,0
74,72,PT02M52.00S,1,1610612751,NJN,467,Kidd,J. Kidd,0,0,0,,0,,,0,h,Kidd Bad Pass Turnover (P1.T1),Turnover,Bad Pass,0,0
75,73,PT02M52.00S,1,0,,1610612751,,,0,0,0,,0,,,0,h,NETS Timeout: Regular (Full 1 Short 0),Timeout,Regular,0,0
76,75,PT02M52.00S,1,1610612751,NJN,2210,Jefferson,R. Jefferson,0,0,0,,0,,,0,h,SUB: Allen FOR Jefferson,Substitution,,0,0
77,76,PT02M52.00S,1,1610612751,NJN,200767,Boone,J. Boone,0,0,0,,0,,,0,h,SUB: Nachbar FOR Boone,Substitution,,0,0
78,77,PT02M52.00S,1,1610612752,NYK,2047,Richardson,Q. Richardson,0,0,0,,0,,,0,v,SUB: Robinson FOR Richardson,Substitution,,0,0
79,78,PT02M32.00S,1,1610612752,NYK,990,Rose,M. Rose,174,15,17,Missed,1,,,0,v,MISS Rose 17' Jump Shot,Missed Shot,Jump Shot,0,0
80,79,PT02M31.00S,1,1610612751,NJN,2411,Nachbar,B. Nachbar,0,0,0,,0,,,0,h,Nachbar REBOUND (Off:0 Def:1),Rebound,Unknown,0,0
81,80,PT02M19.00S,1,1610612751,NJN,1713,Carter,V. Carter,-151,-1,15,Missed,1,,,0,h,MISS Carter 15' Jump Shot,Missed Shot,Jump Shot,0,0
82,81,PT02M18.00S,1,1610612752,NYK,990,Rose,M. Rose,0,0,0,,0,,,0,v,Rose REBOUND (Off:0 Def:1),Rebound,Unknown,0,0
83,82,PT02M00.00S,1,1610612752,NYK,101126,Robinson,N. Robinson,-156,109,19,Missed,1,,,0,v,MISS Robinson 19' Jump Shot,Missed Shot,Jump Shot,0,0
84,83,PT01M59.00S,1,1610612752,NYK,101135,Lee,D. Lee,0,0,0,,0,,,0,v,Lee REBOUND (Off:2 Def:2),Rebound,Unknown,0,0
85,84,PT01M55.00S,1,1610612752,NYK,2037,Crawford,J. Crawford,189,160,25,Made,1,29,18,47,v,Crawford 25' 3PT Jump Shot (6 PTS) (Lee 1 AST),Made Shot,Jump Shot,0,0
86,85,PT01M45.00S,1,1610612752,NYK,2037,Crawford,J. Crawford,0,0,0,,0,,,0,v,Crawford S.FOUL (P1.PN),Foul,Shooting,0,0
87,86,PT01M45.00S,1,1610612751,NJN,2411,Nachbar,B. Nachbar,0,0,0,,0,30,18,48,h,Nachbar Free Throw 1 of 2 (1 PTS),Free Throw,Free Throw 1 of 2,0,0
88,87,PT01M45.00S,1,1610612751,NJN,467,Kidd,J. Kidd,0,0,0,,0,,,0,h,SUB: Armstrong FOR Kidd,Substitution,,0,0
89,88,PT01M45.00S,1,1610612751,NJN,2411,Nachbar,B. Nachbar,0,0,0,,0,31,18,49,h,Nachbar Free Throw 2 of 2 (2 PTS),Free Throw,Free Throw 2 of 2,0,0
90,89,PT01M32.00S,1,1610612752,NYK,2037,Crawford,J. Crawford,-29,68,7,Missed,1,,,0,v,MISS Crawford 7' Hook Shot,Missed Shot,Hook Shot,0,0
91,90,PT01M31.00S,1,1610612751,NJN,2411,Nachbar,B. Nachbar,0,0,0,,0,,,0,h,Nachbar REBOUND (Off:0 Def:2),Rebound,Unknown,0,0
92,91,PT01M23.00S,1,1610612751,NJN,2215,Collins,J. Collins,0,0,0,,0,,,0,h,Collins OFF.Foul (P2),Foul,Offensive,0,0
93,92,PT01M23.00S,1,1610612751,NJN,2215,Collins,J. Collins,0,0,0,,0,,,0,h,Collins Foul Turnover (P1.T2),Turnover,Foul,0,0
94,93,PT01M11.00S,1,1610612752,NYK,101126,Robinson,N. Robinson,0,0,0,,0,,,0,v,Robinson Lost Ball Turnover (P1.T6),Turnover,Lost Ball,0,0
95,93,PT01M11.00S,1,1610612751,NJN,1713,Carter,V. Carter,0,0,0,,0,,,0,h,Carter STEAL (2 STL),,,0,0
96,94,PT01M06.00S,1,1610612751,NJN,2411,Nachbar,B. Nachbar,0,0,0,Made,1,33,18,51,h,Nachbar Driving Dunk (4 PTS) (Armstrong 1 AST),Made Shot,Driving Dunk Shot,0,0
97,95,PT00M48.80S,1,1610612752,NYK,101126,Robinson,N. Robinson,26,250,25,Missed,1,,,0,v,MISS Robinson 25' 3PT Jump Shot,Missed Shot,Jump Shot,0,0
98,96,PT00M47.90S,1,1610612751,NJN,2215,Collins,J. Collins,0,0,0,,0,,,0,h,Collins REBOUND (Off:0 Def:1),Rebound,Unknown,0,0
99,97,PT00M26.90S,1,1610612751,NJN,2124,Allen,M. Allen,-128,168,21,Missed,1,,,0,h,MISS Allen 21' Jump Shot,Missed Shot,Jump Shot,0,0
100,98,PT00M25.70S,1,1610612751,NJN,1713,Carter,V. Carter,0,0,0,,0,,,0,h,Carter REBOUND (Off:1 Def:1),Rebound,Unknown,0,0
101,99,PT00M25.20S,1,1610612751,NJN,1713,Carter,V. Carter,0,0,0,Missed,1,,,0,h,MISS Carter Tip Shot,Missed Shot,Tip Shot,0,0
102,100,PT00M23.70S,1,0,,1610612752,,,0,0,0,,0,,,0,v,Knicks Rebound,Rebound,Unknown,0,0
103,101,PT00M00.90S,1,1610612752,NYK,101126,Robinson,N. Robinson,5,89,9,Missed,1,,,0,v,MISS Robinson 9' Turnaround Fadeaway Shot,Missed Shot,Turnaround Fadeaway shot,0,0
104,102,PT00M00.00S,1,0,,1610612752,,,0,0,0,,0,,,0,v,Knicks Rebound,Rebound,Unknown,0,0
105,103,PT00M00.00S,1,0,,0,,,0,0,0,,0,33,18,51,,End of 1st Period (7:55 PM EST),period,end,0,0
106,105,PT12M00.00S,2,0,,0,,,0,0,0,,0,33,18,51,,Start of 2nd Period (7:57 PM EST),period,start,0,0
107,106,PT11M44.00S,2,1610612751,NJN,2124,Allen,M. Allen,0,0,0,,0,,,0,h,Allen S.FOUL (P1.T1),Foul,Shooting,0,0
108,107,PT11M44.00S,2,1610612752,NYK,2407,Jeffries,J. Jeffries,0,0,0,,0,33,19,52,v,Jeffries Free Throw 1 of 2 (1 PTS),Free Throw,Free Throw 1 of 2,0,0
109,108,PT11M44.00S,2,1610612752,NYK,2407,Jeffries,J. Jeffries,0,0,0,,0,33,20,53,v,Jeffries Free Throw 2 of 2 (2 PTS),Free Throw,Free Throw 2 of 2,0,0
110,109,PT11M25.00S,2,1610612751,NJN,2411,Nachbar,B. Nachbar,209,130,25,Missed,1,,,0,h,MISS Nachbar 25' 3PT Jump Shot,Missed Shot,Jump Shot,0,0
111,110,PT11M24.00S,2,1610612751,NJN,353,Armstrong,D. Armstrong,0,0,0,,0,,,0,h,Armstrong REBOUND (Off:1 Def:0),Rebound,Unknown,0,0
112,111,PT11M10.00S,2,1610612751,NJN,1713,Carter,V. Carter,0,0,0,Missed,1,,,0,h,MISS Carter Driving Layup,Missed Shot,Driving Layup Shot,0,0
113,112,PT11M09.00S,2,1610612751,NJN,2411,Nachbar,B. Nachbar,0,0,0,,0,,,0,h,Nachbar REBOUND (Off:1 Def:2),Rebound,Unknown,0,0
114,113,PT11M08.00S,2,1610612751,NJN,2411,Nachbar,B. Nachbar,0,0,0,Missed,1,,,0,h,MISS Nachbar Tip Shot,Missed Shot,Tip Shot,0,0
115,114,PT11M07.00S,2,1610612751,NJN,2411,Nachbar,B. Nachbar,0,0,0,,0,,,0,h,Nachbar REBOUND (Off:2 Def:2),Rebound,Unknown,0,0
116,115,PT11M05.00S,2,1610612751,NJN,2411,Nachbar,B. Nachbar,0,0,0,Made,1,35,20,55,h,Nachbar Tip Shot (6 PTS),Made Shot,Tip Shot,0,0
117,116,PT10M48.00S,2,1610612752,NYK,2407,Jeffries,J. Jeffries,0,0,0,,0,,,0,v,Jeffries Bad Pass Turnover (P1.T7),Turnover,Bad Pass,0,0
118,116,PT10M48.00S,2,1610612751,NJN,353,Armstrong,D. Armstrong,0,0,0,,0,,,0,h,Armstrong STEAL (1 STL),,,0,0
119,117,PT10M38.00S,2,1610612751,NJN,2411,Nachbar,B. Nachbar,74,22,8,Missed,1,,,0,h,MISS Nachbar 8' Jump Bank Shot,Missed Shot,Jump Bank Shot,0,0
120,118,PT10M37.00S,2,1610612752,NYK,2216,Randolph,Z. Randolph,0,0,0,,0,,,0,v,Randolph REBOUND (Off:0 Def:2),Rebound,Unknown,0,0
121,119,PT10M25.00S,2,1610612752,NYK,2216,Randolph,Z. Randolph,10,201,20,Made,1,35,22,57,v,Randolph 20' Jump Shot (5 PTS),Made Shot,Jump Shot,0,0
122,120,PT10M14.00S,2,1610612752,NYK,101126,Robinson,N. Robinson,0,0,0,,0,,,0,v,Robinson P.FOUL (P1.T1),Foul,Personal,0,0
123,121,PT10M01.00S,2,1610612751,NJN,2411,Nachbar,B. Nachbar,-241,-8,24,Made,1,38,22,60,h,Nachbar 24' 3PT Jump Shot (9 PTS) (Carter 2 AST),Made Shot,Jump Shot,0,0
124,122,PT09M46.00S,2,1610612752,NYK,101135,Lee,D. Lee,0,0,0,Missed,1,,,0,v,MISS Lee Layup,Missed Shot,Layup Shot,0,0
125,122,PT09M46.00S,2,1610612751,NJN,2215,Collins,J. Collins,0,0,0,,0,,,0,h,Collins BLOCK (1 BLK),,,0,0
126,123,PT09M45.00S,2,1610612752,NYK,101135,Lee,D. Lee,0,0,0,,0,,,0,v,Lee REBOUND (Off:3 Def:2),Rebound,Unknown,0,0
127,124,PT09M44.00S,2,1610612752,NYK,101135,Lee,D. Lee,0,0,0,,0,,,0,v,Lee Traveling Turnover (P2.T8),Turnover,Traveling,0,0
128,125,PT09M34.00S,2,1610612752,NYK,2407,Jeffries,J. Jeffries,0,0,0,,0,,,0,v,Jeffries P.FOUL (P1.T2),Foul,Personal,0,0
129,126,PT09M28.00S,2,1610612751,NJN,1713,Carter,V. Carter,0,0,0,,0,,,0,h,Carter Lost Ball Turnover (P1.T3),Turnover,Lost Ball,0,0
130,126,PT09M28.00S,2,1610612752,NYK,101126,Robinson,N. Robinson,0,0,0,,0,,,0,v,Robinson STEAL (1 STL),,,0,0
131,127,PT09M25.00S,2,1610612752,NYK,101126,Robinson,N. Robinson,0,0,0,Missed,1,,,0,v,MISS Robinson Driving Layup,Missed Shot,Driving Layup Shot,0,0
132,128,PT09M24.00S,2,1610612752,NYK,2407,Jeffries,J. Jeffries,0,0,0,,0,,,0,v,Jeffries REBOUND (Off:1 Def:0),Rebound,Unknown,0,0
133,129,PT09M21.00S,2,1610612752,NYK,200764,Balkman,R. Balkman,0,0,0,Missed,1,,,0,v,MISS Balkman Tip Shot,Missed Shot,Tip Shot,0,0
134,130,PT09M20.00S,2,1610612751,NJN,1713,Carter,V. Carter,0,0,0,,0,,,0,h,Carter REBOUND (Off:1 Def:2),Rebound,Unknown,0,0
135,131,PT09M17.00S,2,1610612751,NJN,353,Armstrong,D. Armstrong,184,176,25,Missed,1,,,0,h,MISS Armstrong 25' 3PT Jump Shot,Missed Shot,Jump Shot,0,0
136,132,PT09M15.00S,2,1610612752,NYK,200764,Balkman,R. Balkman,0,0,0,,0,,,0,v,Balkman REBOUND (Off:0 Def:1),Rebound,Unknown,0,0
137,133,PT09M09.00S,2,1610612752,NYK,101135,Lee,D. Lee,26,33,4,Made,1,38,24,62,v,Lee 4' Jump Shot (2 PTS) (Robinson 1 AST),Made Shot,Jump Shot,0,0
138,134,PT09M09.00S,2,1610612751,NJN,2124,Allen,M. Allen,0,0,0,,0,,,0,h,Allen S.FOUL (P2.T2),Foul,Shooting,0,0
139,135,PT09M09.00S,2,1610612752,NYK,2407,Jeffries,J. Jeffries,0,0,0,,0,,,0,v,SUB: Crawford FOR Jeffries,Substitution,,0,0
140,136,PT09M09.00S,2,1610612751,NJN,1713,Carter,V. Carter,0,0,0,,0,,,0,h,SUB: Jefferson FOR Carter,Substitution,,0,0
141,137,PT09M09.00S,2,1610612751,NJN,2215,Collins,J. Collins,0,0,0,,0,,,0,h,SUB: Boone FOR Collins,Substitution,,0,0
142,138,PT09M09.00S,2,1610612752,NYK,101135,Lee,D. Lee,0,0,0,,0,38,25,63,v,Lee Free Throw 1 of 1 (3 PTS),Free Throw,Free Throw 1 of 1,0,0
143,139,PT08M57.00S,2,1610612752,NYK,200764,Balkman,R. Balkman,0,0,0,,0,,,0,v,Balkman P.FOUL (P1.T3),Foul,Personal,0,0
144,141,PT08M41.00S,2,1610612751,NJN,2210,Jefferson,R. Jefferson,-238,17,24,Made,1,41,25,66,h,Jefferson 24' 3PT Jump Shot (3 PTS) (Nachbar 1 AST),Made Shot,Jump Shot,0,0
145,142,PT08M18.00S,2,1610612752,NYK,2216,Randolph,Z. Randolph,0,0,0,Missed,1,,,0,v,MISS Randolph Driving Layup,Missed Shot,Driving Layup Shot,0,0
146,143,PT08M16.00S,2,1610612752,NYK,2216,Randolph,Z. Randolph,0,0,0,,0,,,0,v,Randolph REBOUND (Off:1 Def:2),Rebound,Unknown,0,0
147,144,PT08M14.00S,2,1610612752,NYK,2216,Randolph,Z. Randolph,0,0,0,Made,1,41,27,68,v,Randolph Layup (7 PTS),Made Shot,Layup Shot,0,0
148,145,PT07M45.00S,2,1610612751,NJN,2124,Allen,M. Allen,126,59,14,Made,1,43,27,70,h,Allen 14' Turnaround Fadeaway (2 PTS),Made Shot,Turnaround Fadeaway shot,0,0
149,146,PT07M28.00S,2,1610612752,NYK,2216,Randolph,Z. Randolph,133,63,15,Missed,1,,,0,v,MISS Randolph 15' Jump Shot,Missed Shot,Jump Shot,0,0
150,147,PT07M27.00S,2,1610612752,NYK,200764,Balkman,R. Balkman,0,0,0,,0,,,0,v,Balkman REBOUND (Off:1 Def:1),Rebound,Unknown,0,0
151,148,PT07M26.00S,2,1610612752,NYK,200764,Balkman,R. Balkman,0,0,0,Made,1,43,29,72,v,Balkman Putback Layup (2 PTS),Made Shot,Putback Layup Shot,0,0
152,149,PT07M11.00S,2,1610612751,NJN,2210,Jefferson,R. Jefferson,0,0,0,,0,,,0,h,Jefferson OFF.Foul (P2),Foul,Offensive,0,0
153,150,PT07M11.00S,2,1610612751,NJN,2210,Jefferson,R. Jefferson,0,0,0,,0,,,0,h,Jefferson Foul Turnover (P1.T4),Turnover,Foul,0,0
154,151,PT07M11.00S,2,1610612752,NYK,101135,Lee,D. Lee,0,0,0,,0,,,0,v,SUB: Curry FOR Lee,Substitution,,0,0
155,152,PT07M02.00S,2,1610612752,NYK,2037,Crawford,J. Crawford,-10,69,7,Missed,1,,,0,v,MISS Crawford 7' Running Jump Shot,Missed Shot,Running Jump Shot,0,0
156,153,PT07M00.00S,2,1610612751,NJN,2210,Jefferson,R. Jefferson,0,0,0,,0,,,0,h,Jefferson REBOUND (Off:0 Def:2),Rebound,Unknown,0,0
157,154,PT07M00.00S,2,1610612752,NYK,2037,Crawford,J. Crawford,0,0,0,,0,,,0,v,Crawford P.FOUL (P2.T4),Foul,Personal,0,0
158,155,PT07M00.00S,2,1610612751,NJN,2124,Allen,M. Allen,0,0,0,,0,,,0,h,SUB: S. Williams FOR Allen,Substitution,,0,0
159,156,PT06M46.00S,2,1610612751,NJN,2411,Nachbar,B. Nachbar,-10,66,7,Missed,1,,,0,h,MISS Nachbar 7' Hook Shot,Missed Shot,Hook Shot,0,0
160,157,PT06M45.00S,2,1610612752,NYK,2216,Randolph,Z. Randolph,0,0,0,,0,,,0,v,Randolph REBOUND (Off:1 Def:3),Rebound,Unknown,0,0
161,158,PT06M27.00S,2,1610612752,NYK,2216,Randolph,Z. Randolph,-3,54,5,Made,1,43,31,74,v,Randolph 5' Running Jump Shot (9 PTS),Made Shot,Running Jump Shot,0,0
162,159,PT06M22.00S,2,0,,1610612751,,,0,0,0,,0,,,0,h,NETS Timeout: Regular (Full 2 Short 0),Timeout,Regular,0,0
163,161,PT06M22.00S,2,1610612752,NYK,200764,Balkman,R. Balkman,0,0,0,,0,,,0,v,SUB: Richardson FOR Balkman,Substitution,,0,0
164,162,PT06M22.00S,2,1610612751,NJN,353,Armstrong,D. Armstrong,0,0,0,,0,,,0,h,SUB: Kidd FOR Armstrong,Substitution,,0,0
165,163,PT06M14.00S,2,1610612751,NJN,2210,Jefferson,R. Jefferson,135,148,20,Missed,1,,,0,h,MISS Jefferson 20' Jump Shot,Missed Shot,Jump Shot,0,0
166,164,PT06M13.00S,2,1610612751,NJN,201157,Williams,S. Williams,0,0,0,,0,,,0,h,S. Williams REBOUND (Off:1 Def:0),Rebound,Unknown,0,0
167,165,PT06M11.00S,2,1610612751,NJN,201157,Williams,S. Williams,0,0,0,Made,1,45,31,76,h,S. Williams Layup (12 PTS),Made Shot,Layup Shot,0,0
168,166,PT05M54.00S,2,1610612752,NYK,2216,Randolph,Z. Randolph,10,199,20,Missed,1,,,0,v,MISS Randolph 20' Jump Shot,Missed Shot,Jump Shot,0,0
169,167,PT05M53.00S,2,0,,1610612751,,,0,0,0,,0,,,0,h,NETS Rebound,Rebound,Unknown,0,0
170,168,PT05M43.00S,2,1610612752,NYK,2047,Richardson,Q. Richardson,0,0,0,,0,,,0,v,Richardson P.FOUL (P1.PN),Foul,Personal,0,0
171,169,PT05M43.00S,2,1610612751,NJN,2210,Jefferson,R. Jefferson,0,0,0,,0,,,0,h,MISS Jefferson Free Throw 1 of 2,Free Throw,Free Throw 1 of 2,0,0
172,170,PT05M43.00S,2,0,,1610612751,,,0,0,0,,0,,,0,h,NETS Rebound,Rebound,Normal Rebound,0,0
173,171,PT05M43.00S,2,1610612751,NJN,2210,Jefferson,R. Jefferson,0,0,0,,0,,,0,h,MISS Jefferson Free Throw 2 of 2,Free Throw,Free Throw 2 of 2,0,0
174,172,PT05M42.00S,2,1610612752,NYK,2216,Randolph,Z. Randolph,0,0,0,,0,,,0,v,Randolph REBOUND (Off:1 Def:4),Rebound,Unknown,0,0
175,173,PT05M26.00S,2,1610612752,NYK,2201,Curry,E. Curry,0,0,0,,0,,,0,v,Curry 3 Second Violation Turnover (P3.T9),Turnover,3 Second Violation,0,0
176,174,PT05M10.00S,2,1610612751,NJN,2210,Jefferson,R. Jefferson,0,0,0,Missed,1,,,0,h,MISS Jefferson Driving Reverse Layup,Missed Shot,Driving Reverse Layup Shot,0,0
177,175,PT05M09.00S,2,1610612752,NYK,2201,Curry,E. Curry,0,0,0,,0,,,0,v,Curry REBOUND (Off:1 Def:1),Rebound,Unknown,0,0
178,176,PT04M56.00S,2,1610612752,NYK,101126,Robinson,N. Robinson,-232,-11,0,Made,1,45,34,79,v,Robinson 3PT Jump Shot (3 PTS) (Richardson 1 AST),Made Shot,Jump Shot,0,0
179,177,PT04M34.00S,2,1610612751,NJN,2411,Nachbar,B. Nachbar,-66,204,21,Missed,1,,,0,h,MISS Nachbar 21' Jump Shot,Missed Shot,Jump Shot,0,0
180,178,PT04M33.00S,2,1610612751,NJN,467,Kidd,J. Kidd,0,0,0,,0,,,0,h,Kidd REBOUND (Off:1 Def:0),Rebound,Unknown,0,0
181,179,PT04M16.00S,2,1610612751,NJN,2210,Jefferson,R. Jefferson,-166,97,19,Made,1,47,34,81,h,Jefferson 19' Jump Shot (5 PTS) (Nachbar 2 AST),Made Shot,Jump Shot,0,0
182,180,PT03M59.00S,2,1610612752,NYK,2037,Crawford,J. Crawford,-61,178,19,Made,1,47,36,83,v,Crawford 19' Jump Bank Shot (8 PTS),Made Shot,Jump Bank Shot,0,0
183,181,PT03M59.00S,2,1610612751,NJN,2411,Nachbar,B. Nachbar,0,0,0,,0,,,0,h,Nachbar S.FOUL (P1.T3),Foul,Shooting,0,0
184,182,PT03M59.00S,2,1610612751,NJN,2411,Nachbar,B. Nachbar,0,0,0,,0,,,0,h,SUB: Carter FOR Nachbar,Substitution,,0,0
185,183,PT03M59.00S,2,1610612752,NYK,2037,Crawford,J. Crawford,0,0,0,,0,47,37,84,v,Crawford Free Throw 1 of 1 (9 PTS),Free Throw,Free Throw 1 of 1,0,0
186,184,PT03M46.00S,2,1610612751,NJN,1713,Carter,V. Carter,0,0,0,,0,,,0,h,Carter Traveling Turnover (P2.T5),Turnover,Traveling,0,0
187,185,PT03M29.00S,2,1610612752,NYK,2047,Richardson,Q. Richardson,-184,-5,18,Made,1,47,39,86,v,Richardson 18' Jump Shot (4 PTS) (Crawford 3 AST),Made Shot,Jump Shot,0,0
188,186,PT03M17.00S,2,1610612751,NJN,1713,Carter,V. Carter,112,91,14,Made,1,49,39,88,h,Carter 14' Jump Shot (14 PTS) (Kidd 11 AST),Made Shot,Jump Shot,0,0
189,187,PT03M01.00S,2,1610612752,NYK,2201,Curry,E. Curry,0,0,0,Made,1,49,41,90,v,Curry Alley Oop Dunk (6 PTS) (Randolph 2 AST),Made Shot,Alley Oop Dunk Shot,0,0
190,188,PT02M52.00S,2,0,,1610612751,,,0,0,0,,0,,,0,h,NETS Timeout: Short (Full 2 Short 1),Timeout,Short,0,0
191,189,PT02M52.00S,2,0,,1610612752,,,0,0,0,,0,,,0,v,Knicks Timeout: Regular (Reg.2 Short 0),Timeout,Regular,0,0
192,191,PT02M42.00S,2,1610612751,NJN,467,Kidd,J. Kidd,0,0,0,,0,,,0,h,Kidd Bad Pass Turnover (P2.T6),Turnover,Bad Pass,0,0
193,192,PT02M28.00S,2,1610612752,NYK,101126,Robinson,N. Robinson,158,212,26,Missed,1,,,0,v,MISS Robinson 26' 3PT Jump Shot,Missed Shot,Jump Shot,0,0
194,193,PT02M27.00S,2,1610612752,NYK,2201,Curry,E. Curry,0,0,0,,0,,,0,v,Curry REBOUND (Off:2 Def:1),Rebound,Unknown,0,0
195,194,PT02M26.00S,2,1610612751,NJN,467,Kidd,J. Kidd,0,0,0,,0,,,0,h,Kidd S.FOUL (P1.T4),Foul,Shooting,0,0
196,195,PT02M26.00S,2,1610612752,NYK,2201,Curry,E. Curry,0,0,0,,0,49,42,91,v,Curry Free Throw 1 of 2 (7 PTS),Free Throw,Free Throw 1 of 2,0,0
197,196,PT02M26.00S,2,1610612752,NYK,2201,Curry,E. Curry,0,0,0,,0,49,43,92,v,Curry Free Throw 2 of 2 (8 PTS),Free Throw,Free Throw 2 of 2,0,0
198,197,PT02M08.00S,2,1610612751,NJN,200767,Boone,J. Boone,-8,176,18,Made,1,51,43,94,h,Boone 18' Jump Shot (4 PTS) (Kidd 12 AST),Made Shot,Jump Shot,0,0
199,198,PT01M44.00S,2,1610612752,NYK,2037,Crawford,J. Crawford,-99,222,24,Made,1,51,46,97,v,Crawford 24' 3PT Jump Shot (12 PTS) (Curry 1 AST),Made Shot,Jump Shot,0,0
200,199,PT01M40.00S,2,1610612751,NJN,467,Kidd,J. Kidd,0,0,0,,0,,,0,h,Kidd Lost Ball Turnover (P3.T7),Turnover,Lost Ball,0,0
201,199,PT01M40.00S,2,1610612752,NYK,101126,Robinson,N. Robinson,0,0,0,,0,,,0,v,Robinson STEAL (2 STL),,,0,0
202,200,PT01M26.00S,2,1610612752,NYK,2037,Crawford,J. Crawford,-49,192,20,Made,1,51,48,99,v,Crawford 20' Jump Shot (14 PTS) (Robinson 2 AST),Made Shot,Jump Shot,0,0
203,201,PT01M10.00S,2,1610612751,NJN,2210,Jefferson,R. Jefferson,-87,173,19,Missed,1,,,0,h,MISS Jefferson 19' Jump Shot,Missed Shot,Jump Shot,0,0
204,202,PT01M09.00S,2,1610612751,NJN,200767,Boone,J. Boone,0,0,0,,0,,,0,h,Boone REBOUND (Off:2 Def:4),Rebound,Unknown,0,0
205,203,PT01M02.00S,2,1610612752,NYK,2047,Richardson,Q. Richardson,0,0,0,,0,,,0,v,Richardson P.FOUL (P2.PN),Foul,Personal,0,0
206,204,PT01M02.00S,2,1610612751,NJN,201157,Williams,S. Williams,0,0,0,,0,,,0,h,SUB: Collins FOR S. Williams,Substitution,,0,0
207,205,PT01M02.00S,2,1610612751,NJN,2210,Jefferson,R. Jefferson,0,0,0,,0,52,48,100,h,Jefferson Free Throw 1 of 2 (6 PTS),Free Throw,Free Throw 1 of 2,0,0
208,206,PT01M02.00S,2,1610612751,NJN,2210,Jefferson,R. Jefferson,0,0,0,,0,53,48,101,h,Jefferson Free Throw 2 of 2 (7 PTS),Free Throw,Free Throw 2 of 2,0,0
209,207,PT00M44.60S,2,1610612752,NYK,2047,Richardson,Q. Richardson,186,7,19,Made,1,53,50,103,v,Richardson 19' Jump Shot (6 PTS) (Crawford 4 AST),Made Shot,Jump Shot,0,0
210,208,PT00M33.70S,2,1610612751,NJN,1713,Carter,V. Carter,3,181,18,Missed,1,,,0,h,MISS Carter 18' Jump Shot,Missed Shot,Jump Shot,0,0
211,209,PT00M32.70S,2,0,,1610612752,,,0,0,0,,0,,,0,v,Knicks Rebound,Rebound,Unknown,0,0
212,210,PT00M32.70S,2,1610612751,NJN,2210,Jefferson,R. Jefferson,0,0,0,,0,,,0,h,SUB: Nachbar FOR Jefferson,Substitution,,0,0
213,211,PT00M28.80S,2,1610612751,NJN,2215,Collins,J. Collins,0,0,0,,0,,,0,h,Collins S.FOUL (P3.PN),Foul,Shooting,0,0
214,212,PT00M28.80S,2,1610612752,NYK,101126,Robinson,N. Robinson,0,0,0,,0,53,51,104,v,Robinson Free Throw 1 of 2 (4 PTS),Free Throw,Free Throw 1 of 2,0,0
215,213,PT00M28.80S,2,1610612751,NJN,2215,Collins,J. Collins,0,0,0,,0,,,0,h,SUB: Allen FOR Collins,Substitution,,0,0
216,214,PT00M28.80S,2,1610612752,NYK,2201,Curry,E. Curry,0,0,0,,0,,,0,v,SUB: Lee FOR Curry,Substitution,,0,0
217,215,PT00M28.80S,2,1610612752,NYK,2216,Randolph,Z. Randolph,0,0,0,,0,,,0,v,SUB: Balkman FOR Randolph,Substitution,,0,0
218,216,PT00M28.80S,2,1610612752,NYK,101126,Robinson,N. Robinson,0,0,0,,0,53,52,105,v,Robinson Free Throw 2 of 2 (5 PTS),Free Throw,Free Throw 2 of 2,0,0
219,217,PT00M08.00S,2,1610612751,NJN,200767,Boone,J. Boone,0,0,0,Made,1,55,52,107,h,Boone Driving Layup (6 PTS) (Kidd 13 AST),Made Shot,Driving Layup Shot,0,0
220,218,PT00M08.00S,2,1610612752,NYK,2047,Richardson,Q. Richardson,0,0,0,,0,,,0,v,Richardson S.FOUL (P3.PN),Foul,Shooting,0,0
221,219,PT00M08.00S,2,0,,1610612752,,,0,0,0,,0,,,0,v,Knicks Timeout: Short (Reg.2 Short 1),Timeout,Short,0,0
222,221,PT00M08.00S,2,1610612752,NYK,200764,Balkman,R. Balkman,0,0,0,,0,,,0,v,SUB: Curry FOR Balkman,Substitution,,0,0
223,222,PT00M08.00S,2,1610612751,NJN,2124,Allen,M. Allen,0,0,0,,0,,,0,h,SUB: Armstrong FOR Allen,Substitution,,0,0
224,224,PT00M08.00S,2,1610612751,NJN,2411,Nachbar,B. Nachbar,0,0,0,,0,,,0,h,Nachbar Lane Violation Turnover (P1.T8),Turnover,Lane Violation,0,0
225,225,PT00M02.30S,2,1610612752,NYK,101126,Robinson,N. Robinson,154,202,25,Missed,1,,,0,v,MISS Robinson 25' 3PT Jump Shot,Missed Shot,Jump Shot,0,0
226,226,PT00M00.90S,2,1610612751,NJN,2411,Nachbar,B. Nachbar,0,0,0,,0,,,0,h,Nachbar REBOUND (Off:2 Def:3),Rebound,Unknown,0,0
227,227,PT00M00.00S,2,0,,0,,,0,0,0,,0,55,52,107,,End of 2nd Period (8:28 PM EST),period,end,0,0
228,229,PT12M00.00S,3,0,,0,,,0,0,0,,0,55,52,107,,Start of 3rd Period (8:44 PM EST),period,start,0,0
229,230,PT11M39.00S,3,1610612752,NYK,2047,Richardson,Q. Richardson,-117,158,20,Missed,1,,,0,v,MISS Richardson 20' Jump Shot,Missed Shot,Jump Shot,0,0
230,231,PT11M38.00S,3,1610612751,NJN,1713,Carter,V. Carter,0,0,0,,0,,,0,h,Carter REBOUND (Off:1 Def:3),Rebound,Unknown,0,0
231,232,PT11M28.00S,3,1610612751,NJN,201157,Williams,S. Williams,0,0,0,,0,,,0,h,S. Williams OFF.Foul (P3),Foul,Offensive,0,0
232,233,PT11M28.00S,3,1610612751,NJN,201157,Williams,S. Williams,0,0,0,,0,,,0,h,S. Williams Foul Turnover (P1.T9),Turnover,Foul,0,0
233,234,PT11M11.00S,3,1610612751,NJN,201157,Williams,S. Williams,0,0,0,,0,,,0,h,S. Williams S.FOUL (P4.T1),Foul,Shooting,0,0
234,235,PT11M11.00S,3,1610612752,NYK,2216,Randolph,Z. Randolph,0,0,0,,0,55,53,108,v,Randolph Free Throw 1 of 2 (10 PTS),Free Throw,Free Throw 1 of 2,0,0
235,236,PT11M11.00S,3,1610612751,NJN,201157,Williams,S. Williams,0,0,0,,0,,,0,h,SUB: Collins FOR S. Williams,Substitution,,0,0
236,237,PT11M11.00S,3,1610612752,NYK,2216,Randolph,Z. Randolph,0,0,0,,0,55,54,109,v,Randolph Free Throw 2 of 2 (11 PTS),Free Throw,Free Throw 2 of 2,0,0
237,238,PT10M46.00S,3,1610612751,NJN,2210,Jefferson,R. Jefferson,232,7,0,Missed,1,,,0,h,MISS Jefferson 3PT Jump Shot,Missed Shot,Jump Shot,0,0
238,239,PT10M45.00S,3,1610612752,NYK,2410,Jones,F. Jones,0,0,0,,0,,,0,v,Jones REBOUND (Off:0 Def:1),Rebound,Unknown,0,0
239,240,PT10M39.00S,3,1610612752,NYK,2201,Curry,E. Curry,0,0,0,Made,1,55,56,111,v,Curry Layup (10 PTS) (Crawford 5 AST),Made Shot,Layup Shot,0,0
240,241,PT10M39.00S,3,1610612751,NJN,200767,Boone,J. Boone,0,0,0,,0,,,0,h,Boone S.FOUL (P1.T2),Foul,Shooting,0,0
241,242,PT10M39.00S,3,1610612752,NYK,2201,Curry,E. Curry,0,0,0,,0,55,57,112,v,Curry Free Throw 1 of 1 (11 PTS),Free Throw,Free Throw 1 of 1,0,0
242,243,PT10M20.00S,3,1610612751,NJN,2210,Jefferson,R. Jefferson,0,0,0,Missed,1,,,0,h,MISS Jefferson Driving Finger Roll Layup,Missed Shot,Driving Finger Roll Layup Shot,0,0
243,244,PT10M19.00S,3,1610612752,NYK,2047,Richardson,Q. Richardson,0,0,0,,0,,,0,v,Richardson REBOUND (Off:0 Def:2),Rebound,Unknown,0,0
244,245,PT10M10.00S,3,1610612752,NYK,2216,Randolph,Z. Randolph,133,17,13,Made,1,55,59,114,v,Randolph 13' Jump Shot (13 PTS) (Crawford 6 AST),Made Shot,Jump Shot,0,0
245,246,PT09M55.00S,3,1610612751,NJN,467,Kidd,J. Kidd,20,250,25,Made,1,58,59,117,h,Kidd 25' 3PT Jump Shot (8 PTS),Made Shot,Jump Shot,0,0
246,247,PT09M32.00S,3,1610612752,NYK,2216,Randolph,Z. Randolph,131,-3,13,Made,1,58,61,119,v,Randolph 13' Fadeaway Jumper (15 PTS),Made Shot,Fadeaway Jump Shot,0,0
247,248,PT09M18.00S,3,1610612752,NYK,2201,Curry,E. Curry,0,0,0,,0,,,0,v,Curry S.FOUL (P3.T1),Foul,Shooting,0,0
248,249,PT09M18.00S,3,1610612751,NJN,2215,Collins,J. Collins,0,0,0,,0,59,61,120,h,Collins Free Throw 1 of 2 (1 PTS),Free Throw,Free Throw 1 of 2,0,0
249,250,PT09M18.00S,3,1610612751,NJN,2215,Collins,J. Collins,0,0,0,,0,60,61,121,h,Collins Free Throw 2 of 2 (2 PTS),Free Throw,Free Throw 2 of 2,0,0
250,251,PT09M02.00S,3,1610612752,NYK,2201,Curry,E. Curry,0,0,0,Made,1,60,63,123,v,Curry Layup (13 PTS) (Jones 1 AST),Made Shot,Layup Shot,0,0
251,253,PT09M01.00S,3,0,,1610612751,,,0,0,0,,0,,,0,h,NETS Timeout: Regular (Full 3 Short 1),Timeout,Regular,0,0
252,254,PT08M43.00S,3,1610612751,NJN,2210,Jefferson,R. Jefferson,202,-9,20,Missed,1,,,0,h,MISS Jefferson 20' Jump Shot,Missed Shot,Jump Shot,0,0
253,255,PT08M42.00S,3,0,,1610612751,,,0,0,0,,0,,,0,h,NETS Rebound,Rebound,Unknown,0,0
254,256,PT08M42.00S,3,1610612752,NYK,2201,Curry,E. Curry,0,0,0,,0,,,0,v,Curry L.B.FOUL (P4.T2),Foul,Loose Ball,0,0
255,257,PT08M38.00S,3,1610612751,NJN,1713,Carter,V. Carter,-163,69,18,Missed,1,,,0,h,MISS Carter 18' Turnaround Jump Shot,Missed Shot,Turnaround Jump Shot,0,0
256,258,PT08M37.00S,3,1610612752,NYK,2216,Randolph,Z. Randolph,0,0,0,,0,,,0,v,Randolph REBOUND (Off:1 Def:5),Rebound,Unknown,0,0
257,259,PT08M26.00S,3,1610612752,NYK,2201,Curry,E. Curry,0,0,0,Made,1,60,65,125,v,Curry Dunk (15 PTS) (Randolph 3 AST),Made Shot,Dunk Shot,0,0
258,260,PT08M06.00S,3,1610612751,NJN,200767,Boone,J. Boone,0,0,0,Made,1,62,65,127,h,Boone Layup (8 PTS) (Carter 3 AST),Made Shot,Layup Shot,0,0
259,261,PT07M47.00S,3,1610612752,NYK,2216,Randolph,Z. Randolph,144,77,16,Made,1,62,67,129,v,Randolph 16' Jump Shot (17 PTS),Made Shot,Jump Shot,0,0
260,262,PT07M28.00S,3,1610612751,NJN,467,Kidd,J. Kidd,230,0,0,Missed,1,,,0,h,MISS Kidd 3PT Jump Shot,Missed Shot,Jump Shot,0,0
261,263,PT07M27.00S,3,1610612752,NYK,2047,Richardson,Q. Richardson,0,0,0,,0,,,0,v,Richardson REBOUND (Off:0 Def:3),Rebound,Unknown,0,0
262,264,PT07M13.00S,3,1610612752,NYK,2037,Crawford,J. Crawford,46,237,24,Missed,1,,,0,v,MISS Crawford 24' 3PT Jump Shot,Missed Shot,Jump Shot,0,0
263,265,PT07M12.00S,3,1610612751,NJN,200767,Boone,J. Boone,0,0,0,,0,,,0,h,Boone REBOUND (Off:2 Def:5),Rebound,Unknown,0,0
264,266,PT07M06.00S,3,1610612751,NJN,200767,Boone,J. Boone,0,0,0,,0,,,0,h,Boone Bad Pass Turnover (P1.T10),Turnover,Bad Pass,0,0
265,266,PT07M06.00S,3,1610612752,NYK,2037,Crawford,J. Crawford,0,0,0,,0,,,0,v,Crawford STEAL (1 STL),,,0,0
266,267,PT07M04.00S,3,1610612752,NYK,2037,Crawford,J. Crawford,0,0,0,Made,1,62,69,131,v,Crawford Driving Layup (16 PTS),Made Shot,Driving Layup Shot,0,0
267,268,PT07M04.00S,3,1610612751,NJN,467,Kidd,J. Kidd,0,0,0,,0,,,0,h,Kidd S.FOUL (P2.T3),Foul,Shooting,0,0
268,269,PT07M04.00S,3,1610612752,NYK,2037,Crawford,J. Crawford,0,0,0,,0,62,70,132,v,Crawford Free Throw 1 of 1 (17 PTS),Free Throw,Free Throw 1 of 1,0,0
269,270,PT06M54.00S,3,1610612752,NYK,2410,Jones,F. Jones,0,0,0,,0,,,0,v,Jones P.FOUL (P2.T3),Foul,Personal,0,0
270,271,PT06M42.00S,3,1610612751,NJN,1713,Carter,V. Carter,-43,250,25,Made,1,65,70,135,h,Carter 25' 3PT Jump Shot (17 PTS),Made Shot,Jump Shot,0,0
271,272,PT06M20.00S,3,1610612752,NYK,2037,Crawford,J. Crawford,222,0,0,Made,1,65,73,138,v,Crawford 3PT Jump Shot (20 PTS) (Richardson 2 AST),Made Shot,Jump Shot,0,0
272,273,PT06M08.00S,3,1610612751,NJN,1713,Carter,V. Carter,0,0,0,,0,,,0,h,Carter Bad Pass Turnover (P3.T11),Turnover,Bad Pass,0,0
273,274,PT05M53.00S,3,1610612751,NJN,2215,Collins,J. Collins,0,0,0,,0,,,0,h,Collins P.FOUL (P4.T4),Foul,Personal,0,0
274,276,PT05M53.00S,3,1610612751,NJN,2215,Collins,J. Collins,0,0,0,,0,,,0,h,SUB: Magloire FOR Collins,Substitution,,0,0
275,277,PT05M42.00S,3,1610612752,NYK,2037,Crawford,J. Crawford,-16,250,25,Missed,1,,,0,v,MISS Crawford 25' 3PT Jump Shot,Missed Shot,Jump Shot,0,0
276,278,PT05M41.00S,3,1610612752,NYK,2201,Curry,E. Curry,0,0,0,,0,,,0,v,Curry REBOUND (Off:3 Def:1),Rebound,Unknown,0,0
277,279,PT05M41.00S,3,1610612751,NJN,1713,Carter,V. Carter,0,0,0,,0,,,0,h,Carter P.FOUL (P1.PN),Foul,Personal,0,0
278,280,PT05M41.00S,3,1610612752,NYK,2201,Curry,E. Curry,0,0,0,,0,,,0,v,MISS Curry Free Throw 1 of 2,Free Throw,Free Throw 1 of 2,0,0
279,281,PT05M41.00S,3,0,,1610612752,,,0,0,0,,0,,,0,v,Knicks Rebound,Rebound,Normal Rebound,0,0
280,282,PT05M41.00S,3,1610612752,NYK,2201,Curry,E. Curry,0,0,0,,0,65,74,139,v,Curry Free Throw 2 of 2 (16 PTS),Free Throw,Free Throw 2 of 2,0,0
281,283,PT05M31.00S,3,1610612751,NJN,2210,Jefferson,R. Jefferson,0,0,0,Made,1,67,74,141,h,Jefferson Dunk (9 PTS) (Carter 4 AST),Made Shot,Dunk Shot,0,0
282,284,PT05M08.00S,3,1610612752,NYK,2216,Randolph,Z. Randolph,174,25,18,Missed,1,,,0,v,MISS Randolph 18' Fadeaway Jumper,Missed Shot,Fadeaway Jump Shot,0,0
283,285,PT05M07.00S,3,1610612751,NJN,2048,Magloire,J. Magloire,0,0,0,,0,,,0,h,Magloire REBOUND (Off:0 Def:1),Rebound,Unknown,0,0
284,286,PT04M54.00S,3,1610612751,NJN,200767,Boone,J. Boone,28,112,12,Made,1,69,74,143,h,Boone 12' Jump Shot (10 PTS) (Kidd 14 AST),Made Shot,Jump Shot,0,0
285,287,PT04M30.00S,3,1610612752,NYK,2047,Richardson,Q. Richardson,223,-8,0,Missed,1,,,0,v,MISS Richardson 3PT Jump Shot,Missed Shot,Jump Shot,0,0
286,288,PT04M28.00S,3,1610612751,NJN,200767,Boone,J. Boone,0,0,0,,0,,,0,h,Boone REBOUND (Off:2 Def:6),Rebound,Unknown,0,0
287,289,PT04M22.00S,3,1610612751,NJN,467,Kidd,J. Kidd,126,102,16,Made,1,71,74,145,h,Kidd 16' Jump Shot (10 PTS),Made Shot,Jump Shot,0,0
288,290,PT04M21.00S,3,0,,1610612752,,,0,0,0,,0,,,0,v,Knicks Timeout: Regular (Reg.3 Short 1),Timeout,Regular,0,0
289,292,PT04M21.00S,3,1610612752,NYK,2201,Curry,E. Curry,0,0,0,,0,,,0,v,SUB: Robinson FOR Curry,Substitution,,0,0
290,293,PT04M04.00S,3,1610612752,NYK,2047,Richardson,Q. Richardson,49,186,19,Missed,1,,,0,v,MISS Richardson 19' Jump Shot,Missed Shot,Jump Shot,0,0
291,294,PT04M03.00S,3,1610612751,NJN,467,Kidd,J. Kidd,0,0,0,,0,,,0,h,Kidd REBOUND (Off:1 Def:1),Rebound,Unknown,0,0
292,295,PT03M52.00S,3,1610612751,NJN,2210,Jefferson,R. Jefferson,0,0,0,Missed,1,,,0,h,MISS Jefferson Driving Layup,Missed Shot,Driving Layup Shot,0,0
293,295,PT03M52.00S,3,1610612752,NYK,2216,Randolph,Z. Randolph,0,0,0,,0,,,0,v,Randolph BLOCK (1 BLK),,,0,0
294,296,PT03M49.00S,3,1610612752,NYK,2410,Jones,F. Jones,0,0,0,,0,,,0,v,Jones REBOUND (Off:0 Def:2),Rebound,Unknown,0,0
295,297,PT03M45.00S,3,1610612752,NYK,101126,Robinson,N. Robinson,-217,114,25,Missed,1,,,0,v,MISS Robinson 25' 3PT Jump Shot,Missed Shot,Jump Shot,0,0
296,298,PT03M44.00S,3,1610612751,NJN,2210,Jefferson,R. Jefferson,0,0,0,,0,,,0,h,Jefferson REBOUND (Off:0 Def:3),Rebound,Unknown,0,0
297,299,PT03M40.00S,3,1610612752,NYK,2216,Randolph,Z. Randolph,0,0,0,,0,,,0,v,Randolph Violation:Kicked Ball,Violation,Kicked Ball,0,0
298,300,PT03M40.00S,3,1610612751,NJN,200767,Boone,J. Boone,0,0,0,,0,,,0,h,SUB: Nachbar FOR Boone,Substitution,,0,0
299,302,PT03M29.00S,3,1610612751,NJN,2210,Jefferson,R. Jefferson,0,0,0,,0,,,0,h,Jefferson OFF.Foul (P3),Foul,Offensive,0,0
300,303,PT03M29.00S,3,1610612751,NJN,2210,Jefferson,R. Jefferson,0,0,0,,0,,,0,h,Jefferson Foul Turnover (P2.T12),Turnover,Foul,0,0
301,304,PT03M15.00S,3,1610612752,NYK,2037,Crawford,J. Crawford,0,0,0,,0,,,0,v,Crawford Discontinue Dribble Turnover (P1.T10),Turnover,Discontinue Dribble,0,0
302,305,PT03M10.00S,3,1610612751,NJN,1713,Carter,V. Carter,-5,253,25,Missed,1,,,0,h,MISS Carter 25' 3PT Jump Shot,Missed Shot,Jump Shot,0,0
303,306,PT03M09.00S,3,1610612752,NYK,101126,Robinson,N. Robinson,0,0,0,,0,,,0,v,Robinson REBOUND (Off:0 Def:1),Rebound,Unknown,0,0
304,307,PT03M03.00S,3,1610612752,NYK,101126,Robinson,N. Robinson,0,0,0,Made,1,71,76,147,v,Robinson Driving Layup (7 PTS),Made Shot,Driving Layup Shot,0,0
305,308,PT02M44.00S,3,1610612752,NYK,2410,Jones,F. Jones,0,0,0,,0,,,0,v,Jones S.FOUL (P3.T4),Foul,Shooting,0,0
306,309,PT02M44.00S,3,1610612752,NYK,2410,Jones,F. Jones,0,0,0,,0,,,0,v,SUB: Lee FOR Jones,Substitution,,0,0
307,310,PT02M44.00S,3,1610612751,NJN,2210,Jefferson,R. Jefferson,0,0,0,,0,72,76,148,h,Jefferson Free Throw 1 of 2 (10 PTS),Free Throw,Free Throw 1 of 2,0,0
308,311,PT02M44.00S,3,1610612751,NJN,2210,Jefferson,R. Jefferson,0,0,0,,0,73,76,149,h,Jefferson Free Throw 2 of 2 (11 PTS),Free Throw,Free Throw 2 of 2,0,0
309,312,PT02M20.00S,3,1610612752,NYK,101126,Robinson,N. Robinson,-172,82,19,Made,1,73,78,151,v,Robinson 19' Jump Shot (9 PTS) (Crawford 7 AST),Made Shot,Jump Shot,0,0
310,313,PT02M02.00S,3,1610612751,NJN,2210,Jefferson,R. Jefferson,0,0,0,Made,1,75,78,153,h,Jefferson Dunk (13 PTS) (Kidd 15 AST),Made Shot,Dunk Shot,0,0
311,314,PT01M46.00S,3,1610612751,NJN,467,Kidd,J. Kidd,0,0,0,,0,,,0,h,Kidd P.FOUL (P3.PN),Foul,Personal,0,0
312,315,PT01M46.00S,3,1610612752,NYK,2037,Crawford,J. Crawford,0,0,0,,0,75,79,154,v,Crawford Free Throw 1 of 2 (21 PTS),Free Throw,Free Throw 1 of 2,0,0
313,316,PT01M46.00S,3,1610612752,NYK,2037,Crawford,J. Crawford,0,0,0,,0,75,80,155,v,Crawford Free Throw 2 of 2 (22 PTS),Free Throw,Free Throw 2 of 2,0,0
314,317,PT01M34.00S,3,1610612751,NJN,1713,Carter,V. Carter,-8,176,18,Made,1,77,80,157,h,Carter 18' Jump Shot (19 PTS) (Kidd 16 AST),Made Shot,Jump Shot,0,0
315,318,PT01M23.00S,3,1610612752,NYK,2216,Randolph,Z. Randolph,0,0,0,Made,1,77,82,159,v,Randolph Driving Layup (19 PTS) (Richardson 3 AST),Made Shot,Driving Layup Shot,0,0
316,319,PT01M23.00S,3,1610612751,NJN,2048,Magloire,J. Magloire,0,0,0,,0,,,0,h,Magloire S.FOUL (P1.PN),Foul,Shooting,0,0
317,320,PT01M23.00S,3,1610612752,NYK,2216,Randolph,Z. Randolph,0,0,0,,0,77,83,160,v,Randolph Free Throw 1 of 1 (20 PTS),Free Throw,Free Throw 1 of 1,0,0
318,321,PT01M13.00S,3,1610612752,NYK,2047,Richardson,Q. Richardson,0,0,0,,0,,,0,v,Richardson P.FOUL (P4.PN),Foul,Personal,0,0
319,322,PT01M13.00S,3,1610612751,NJN,2048,Magloire,J. Magloire,0,0,0,,0,,,0,,"Double Technical - Magloire, Richardson",Foul,Double Technical,0,0
320,323,PT01M13.00S,3,1610612751,NJN,2210,Jefferson,R. Jefferson,0,0,0,,0,,,0,h,MISS Jefferson Free Throw 1 of 2,Free Throw,Free Throw 1 of 2,0,0
321,324,PT01M13.00S,3,0,,1610612751,,,0,0,0,,0,,,0,h,NETS Rebound,Rebound,Normal Rebound,0,0
322,325,PT01M13.00S,3,1610612752,NYK,2047,Richardson,Q. Richardson,0,0,0,,0,,,0,v,SUB: Balkman FOR Richardson,Substitution,,0,0
323,326,PT01M13.00S,3,1610612751,NJN,2210,Jefferson,R. Jefferson,0,0,0,,0,78,83,161,h,Jefferson Free Throw 2 of 2 (14 PTS),Free Throw,Free Throw 2 of 2,0,0
324,328,PT01M04.00S,3,1610612752,NYK,200764,Balkman,R. Balkman,0,0,0,,0,,,0,v,Balkman OFF.Foul (P2),Foul,Offensive,0,0
325,329,PT01M04.00S,3,1610612752,NYK,200764,Balkman,R. Balkman,0,0,0,,0,,,0,v,Balkman Foul Turnover (P1.T11),Turnover,Foul,0,0
326,330,PT00M51.90S,3,1610612751,NJN,2411,Nachbar,B. Nachbar,36,242,24,Missed,1,,,0,h,MISS Nachbar 24' 3PT Jump Shot,Missed Shot,Jump Shot,0,0
327,331,PT00M50.50S,3,1610612752,NYK,2216,Randolph,Z. Randolph,0,0,0,,0,,,0,v,Randolph REBOUND (Off:1 Def:6),Rebound,Unknown,0,0
328,332,PT00M34.60S,3,1610612752,NYK,2037,Crawford,J. Crawford,-171,199,26,Made,1,78,86,164,v,Crawford 26' 3PT Jump Shot (25 PTS) (Randolph 4 AST),Made Shot,Jump Shot,0,0
329,333,PT00M27.10S,3,1610612751,NJN,2048,Magloire,J. Magloire,0,0,0,,0,,,0,h,SUB: Boone FOR Magloire,Substitution,,0,0
330,334,PT00M18.90S,3,1610612751,NJN,200767,Boone,J. Boone,0,0,0,Missed,1,,,0,h,MISS Boone Reverse Layup,Missed Shot,Reverse Layup Shot,0,0
331,335,PT00M16.90S,3,1610612752,NYK,2216,Randolph,Z. Randolph,0,0,0,,0,,,0,v,Randolph REBOUND (Off:1 Def:7),Rebound,Unknown,0,0
332,336,PT00M03.90S,3,1610612752,NYK,2037,Crawford,J. Crawford,-23,257,26,Missed,1,,,0,v,MISS Crawford 26' 3PT Jump Shot,Missed Shot,Jump Shot,0,0
333,337,PT00M02.00S,3,1610612752,NYK,101126,Robinson,N. Robinson,0,0,0,,0,,,0,v,Robinson REBOUND (Off:1 Def:1),Rebound,Unknown,0,0
334,338,PT00M00.80S,3,1610612752,NYK,101126,Robinson,N. Robinson,0,0,0,Missed,1,,,0,v,MISS Robinson Layup,Missed Shot,Layup Shot,0,0
335,339,PT00M00.00S,3,0,,1610612752,,,0,0,0,,0,,,0,v,Knicks Rebound,Rebound,Unknown,0,0
336,341,PT00M00.00S,3,0,,0,,,0,0,0,,0,78,86,164,,End of 3rd Period (9:13 PM EST),period,end,0,0
337,342,PT12M00.00S,4,0,,0,,,0,0,0,,0,78,86,164,,Start of 4th Period (9:16 PM EST),period,start,0,0
338,343,PT11M48.00S,4,1610612752,NYK,2216,Randolph,Z. Randolph,0,0,0,,0,,,0,v,Randolph S.FOUL (P3.T1),Foul,Shooting,0,0
339,344,PT11M48.00S,4,1610612751,NJN,200767,Boone,J. Boone,0,0,0,,0,,,0,h,MISS Boone Free Throw 1 of 2,Free Throw,Free Throw 1 of 2,0,0
340,345,PT11M48.00S,4,0,,1610612751,,,0,0,0,,0,,,0,h,NETS Rebound,Rebound,Normal Rebound,0,0
341,346,PT11M48.00S,4,1610612751,NJN,200767,Boone,J. Boone,0,0,0,,0,79,86,165,h,Boone Free Throw 2 of 2 (11 PTS),Free Throw,Free Throw 2 of 2,0,0
342,347,PT11M32.00S,4,1610612751,NJN,2210,Jefferson,R. Jefferson,0,0,0,,0,,,0,h,Jefferson P.FOUL (P4.T1),Foul,Personal,0,0
343,348,PT11M20.00S,4,1610612752,NYK,2216,Randolph,Z. Randolph,0,0,0,,0,,,0,v,Randolph OFF.Foul (P4),Foul,Offensive,0,0
344,349,PT11M20.00S,4,1610612752,NYK,2216,Randolph,Z. Randolph,0,0,0,,0,,,0,v,Randolph Foul Turnover (P1.T12),Turnover,Foul,0,0
345,350,PT11M03.00S,4,1610612751,NJN,467,Kidd,J. Kidd,-77,235,25,Missed,1,,,0,h,MISS Kidd 25' 3PT Jump Shot,Missed Shot,Jump Shot,0,0
346,351,PT11M02.00S,4,1610612752,NYK,2216,Randolph,Z. Randolph,0,0,0,,0,,,0,v,Randolph REBOUND (Off:1 Def:8),Rebound,Unknown,0,0
347,352,PT10M46.00S,4,1610612752,NYK,101126,Robinson,N. Robinson,-6,51,5,Missed,1,,,0,v,MISS Robinson 5' Running Jump Shot,Missed Shot,Running Jump Shot,0,0
348,353,PT10M45.00S,4,1610612752,NYK,2216,Randolph,Z. Randolph,0,0,0,,0,,,0,v,Randolph REBOUND (Off:2 Def:8),Rebound,Unknown,0,0
349,354,PT10M42.00S,4,1610612752,NYK,2216,Randolph,Z. Randolph,0,0,0,Missed,1,,,0,v,MISS Randolph Layup,Missed Shot,Layup Shot,0,0
350,355,PT10M41.00S,4,0,,1610612752,,,0,0,0,,0,,,0,v,Knicks Rebound,Rebound,Unknown,0,0
351,356,PT10M41.00S,4,1610612752,NYK,2216,Randolph,Z. Randolph,0,0,0,,0,,,0,v,SUB: Curry FOR Randolph,Substitution,,0,0
352,357,PT10M24.00S,4,1610612752,NYK,101135,Lee,D. Lee,0,0,0,Made,1,79,88,167,v,Lee Dunk (5 PTS) (Robinson 3 AST),Made Shot,Dunk Shot,0,0
353,358,PT10M24.00S,4,1610612751,NJN,1713,Carter,V. Carter,0,0,0,,0,,,0,h,Carter S.FOUL (P2.T2),Foul,Shooting,0,0
354,359,PT10M24.00S,4,1610612751,NJN,1713,Carter,V. Carter,0,0,0,,0,,,0,h,SUB: Allen FOR Carter,Substitution,,0,0
355,360,PT10M24.00S,4,1610612752,NYK,101135,Lee,D. Lee,0,0,0,,0,79,89,168,v,Lee Free Throw 1 of 1 (6 PTS),Free Throw,Free Throw 1 of 1,0,0
356,361,PT10M10.00S,4,1610612751,NJN,467,Kidd,J. Kidd,0,0,0,,0,,,0,h,Kidd Bad Pass Turnover (P4.T13),Turnover,Bad Pass,0,0
357,361,PT10M10.00S,4,1610612752,NYK,2037,Crawford,J. Crawford,0,0,0,,0,,,0,v,Crawford STEAL (2 STL),,,0,0
358,362,PT10M06.00S,4,1610612751,NJN,467,Kidd,J. Kidd,0,0,0,,0,,,0,h,Kidd S.FOUL (P4.T3),Foul,Shooting,0,0
359,363,PT10M06.00S,4,1610612752,NYK,2037,Crawford,J. Crawford,0,0,0,,0,79,90,169,v,Crawford Free Throw 1 of 2 (26 PTS),Free Throw,Free Throw 1 of 2,0,0
360,364,PT10M06.00S,4,1610612752,NYK,2037,Crawford,J. Crawford,0,0,0,,0,79,91,170,v,Crawford Free Throw 2 of 2 (27 PTS),Free Throw,Free Throw 2 of 2,0,0
361,365,PT09M56.00S,4,1610612752,NYK,200764,Balkman,R. Balkman,0,0,0,,0,,,0,v,Balkman P.FOUL (P3.T2),Foul,Personal,0,0
362,366,PT09M47.00S,4,1610612751,NJN,2210,Jefferson,R. Jefferson,0,0,0,,0,,,0,h,Jefferson Out of Bounds Lost Ball Turnover (P3.T14),Turnover,Out of Bounds Lost Ball Turnover,0,0
363,367,PT09M31.00S,4,1610612752,NYK,2201,Curry,E. Curry,0,0,0,,0,,,0,v,Curry 3 Second Violation Turnover (P4.T13),Turnover,3 Second Violation,0,0
364,368,PT09M13.00S,4,1610612751,NJN,467,Kidd,J. Kidd,0,0,0,Missed,1,,,0,h,MISS Kidd Driving Finger Roll Layup,Missed Shot,Driving Finger Roll Layup Shot,0,0
365,369,PT09M12.00S,4,1610612752,NYK,101135,Lee,D. Lee,0,0,0,,0,,,0,v,Lee REBOUND (Off:3 Def:3),Rebound,Unknown,0,0
366,370,PT09M04.00S,4,1610612752,NYK,101126,Robinson,N. Robinson,-187,169,25,Made,1,79,94,173,v,Robinson 25' 3PT Jump Shot (12 PTS) (Crawford 8 AST),Made Shot,Jump Shot,0,0
367,371,PT09M04.00S,4,0,,1610612751,,,0,0,0,,0,,,0,h,NETS Timeout: Regular (Full 4 Short 1),Timeout,Regular,0,0
368,373,PT09M04.00S,4,1610612751,NJN,2210,Jefferson,R. Jefferson,0,0,0,,0,,,0,h,SUB: Carter FOR Jefferson,Substitution,,0,0
369,374,PT08M51.00S,4,1610612751,NJN,200767,Boone,J. Boone,0,0,0,Made,1,81,94,175,h,Boone Dunk (13 PTS) (Carter 5 AST),Made Shot,Dunk Shot,0,0
370,375,PT08M51.00S,4,1610612752,NYK,101135,Lee,D. Lee,0,0,0,,0,,,0,v,Lee S.FOUL (P2.T3),Foul,Shooting,0,0
371,376,PT08M51.00S,4,1610612751,NJN,467,Kidd,J. Kidd,0,0,0,,0,,,0,h,SUB: Armstrong FOR Kidd,Substitution,,0,0
372,377,PT08M51.00S,4,1610612751,NJN,200767,Boone,J. Boone,0,0,0,,0,82,94,176,h,Boone Free Throw 1 of 1 (14 PTS),Free Throw,Free Throw 1 of 1,0,0
373,378,PT08M34.00S,4,1610612752,NYK,101135,Lee,D. Lee,-64,20,7,Missed,1,,,0,v,MISS Lee 7' Hook Shot,Missed Shot,Hook Shot,0,0
374,379,PT08M33.00S,4,0,,1610612751,,,0,0,0,,0,,,0,h,NETS Rebound,Rebound,Unknown,0,0
375,380,PT08M31.00S,4,1610612751,NJN,2124,Allen,M. Allen,0,0,0,,0,,,0,h,SUB: S. Williams FOR Allen,Substitution,,0,0
376,381,PT08M19.00S,4,1610612751,NJN,1713,Carter,V. Carter,92,176,20,Made,1,84,94,178,h,Carter 20' Jump Shot (21 PTS),Made Shot,Jump Shot,0,0
377,382,PT07M58.00S,4,1610612752,NYK,101126,Robinson,N. Robinson,-20,242,24,Missed,1,,,0,v,MISS Robinson 24' 3PT Jump Shot,Missed Shot,Jump Shot,0,0
378,383,PT07M57.00S,4,1610612751,NJN,2411,Nachbar,B. Nachbar,0,0,0,,0,,,0,h,Nachbar REBOUND (Off:2 Def:4),Rebound,Unknown,0,0
379,384,PT07M54.00S,4,1610612752,NYK,101126,Robinson,N. Robinson,0,0,0,,0,,,0,v,Robinson P.FOUL (P2.T4),Foul,Personal,0,0
380,385,PT07M54.00S,4,1610612752,NYK,101135,Lee,D. Lee,0,0,0,,0,,,0,v,SUB: Randolph FOR Lee,Substitution,,0,0
381,386,PT07M54.00S,4,1610612752,NYK,200764,Balkman,R. Balkman,0,0,0,,0,,,0,v,SUB: Richardson FOR Balkman,Substitution,,0,0
382,387,PT07M54.00S,4,1610612752,NYK,101126,Robinson,N. Robinson,0,0,0,,0,,,0,v,SUB: Jones FOR Robinson,Substitution,,0,0
383,388,PT07M38.00S,4,1610612751,NJN,201157,Williams,S. Williams,8,105,11,Missed,1,,,0,h,MISS S. Williams 11' Turnaround Jump Shot,Missed Shot,Turnaround Jump Shot,0,0
384,389,PT07M37.00S,4,1610612752,NYK,2201,Curry,E. Curry,0,0,0,,0,,,0,v,Curry REBOUND (Off:3 Def:2),Rebound,Unknown,0,0
385,390,PT07M22.00S,4,1610612752,NYK,2037,Crawford,J. Crawford,-23,138,14,Made,1,84,96,180,v,Crawford 14' Jump Shot (29 PTS) (Richardson 4 AST),Made Shot,Jump Shot,0,0
386,391,PT07M12.00S,4,1610612752,NYK,2410,Jones,F. Jones,0,0,0,,0,,,0,v,Jones P.FOUL (P4.PN),Foul,Personal,0,0
387,392,PT07M12.00S,4,1610612751,NJN,2411,Nachbar,B. Nachbar,0,0,0,,0,,,0,h,SUB: Jefferson FOR Nachbar,Substitution,,0,0
388,393,PT07M12.00S,4,1610612751,NJN,201157,Williams,S. Williams,0,0,0,,0,,,0,h,MISS S. Williams Free Throw 1 of 2,Free Throw,Free Throw 1 of 2,0,0
389,394,PT07M12.00S,4,0,,1610612751,,,0,0,0,,0,,,0,h,NETS Rebound,Rebound,Normal Rebound,0,0
390,395,PT07M12.00S,4,1610612751,NJN,201157,Williams,S. Williams,0,0,0,,0,,,0,h,MISS S. Williams Free Throw 2 of 2,Free Throw,Free Throw 2 of 2,0,0
391,396,PT07M12.00S,4,1610612751,NJN,2210,Jefferson,R. Jefferson,0,0,0,,0,,,0,h,Jefferson REBOUND (Off:1 Def:3),Rebound,Unknown,0,0
392,397,PT07M02.00S,4,1610612751,NJN,353,Armstrong,D. Armstrong,26,248,25,Missed,1,,,0,h,MISS Armstrong 25' 3PT Jump Shot,Missed Shot,Jump Shot,0,0
393,398,PT07M01.00S,4,1610612751,NJN,200767,Boone,J. Boone,0,0,0,,0,,,0,h,Boone REBOUND (Off:3 Def:6),Rebound,Unknown,0,0
394,400,PT06M51.00S,4,1610612751,NJN,353,Armstrong,D. Armstrong,200,146,25,Missed,1,,,0,h,MISS Armstrong 25' 3PT Jump Shot,Missed Shot,Jump Shot,0,0
395,401,PT06M50.00S,4,1610612751,NJN,201157,Williams,S. Williams,0,0,0,,0,,,0,h,S. Williams REBOUND (Off:2 Def:0),Rebound,Unknown,0,0
396,402,PT06M44.00S,4,1610612751,NJN,200767,Boone,J. Boone,0,0,0,Made,1,86,96,182,h,Boone Layup (16 PTS) (Armstrong 2 AST),Made Shot,Layup Shot,0,0
397,403,PT06M44.00S,4,1610612752,NYK,2216,Randolph,Z. Randolph,0,0,0,,0,,,0,v,Randolph S.FOUL (P5.PN),Foul,Shooting,0,0
398,404,PT06M44.00S,4,1610612751,NJN,353,Armstrong,D. Armstrong,0,0,0,,0,,,0,h,SUB: Kidd FOR Armstrong,Substitution,,0,0
399,406,PT06M44.00S,4,1610612752,NYK,2216,Randolph,Z. Randolph,0,0,0,,0,,,0,v,SUB: Lee FOR Randolph,Substitution,,0,0
400,407,PT06M44.00S,4,1610612751,NJN,200767,Boone,J. Boone,0,0,0,,0,87,96,183,h,Boone Free Throw 1 of 1 (17 PTS),Free Throw,Free Throw 1 of 1,0,0
401,410,PT06M35.00S,4,1610612751,NJN,1713,Carter,V. Carter,0,0,0,,0,,,0,h,Carter P.FOUL (P3.T4),Foul,Personal,0,0
402,411,PT06M35.00S,4,1610612752,NYK,2201,Curry,E. Curry,0,0,0,,0,,,0,v,MISS Curry Free Throw 1 of 2,Free Throw,Free Throw 1 of 2,0,0
403,412,PT06M35.00S,4,0,,1610612752,,,0,0,0,,0,,,0,v,Knicks Rebound,Rebound,Normal Rebound,0,0
404,413,PT06M35.00S,4,1610612752,NYK,2201,Curry,E. Curry,0,0,0,,0,87,97,184,v,Curry Free Throw 2 of 2 (17 PTS),Free Throw,Free Throw 2 of 2,0,0
405,414,PT06M20.00S,4,1610612752,NYK,101135,Lee,D. Lee,0,0,0,,0,,,0,v,Lee P.FOUL (P3.PN),Foul,Personal,0,0
406,416,PT06M20.00S,4,1610612751,NJN,1713,Carter,V. Carter,0,0,0,,0,88,97,185,h,Carter Free Throw 1 of 2 (22 PTS),Free Throw,Free Throw 1 of 2,0,0
407,417,PT06M20.00S,4,1610612751,NJN,1713,Carter,V. Carter,0,0,0,,0,89,97,186,h,Carter Free Throw 2 of 2 (23 PTS),Free Throw,Free Throw 2 of 2,0,0
408,418,PT06M04.00S,4,1610612752,NYK,2037,Crawford,J. Crawford,-10,186,19,Missed,1,,,0,v,MISS Crawford 19' Jump Shot,Missed Shot,Jump Shot,0,0
409,419,PT06M03.00S,4,1610612751,NJN,1713,Carter,V. Carter,0,0,0,,0,,,0,h,Carter REBOUND (Off:1 Def:4),Rebound,Unknown,0,0
410,420,PT05M59.00S,4,1610612752,NYK,2410,Jones,F. Jones,0,0,0,,0,,,0,v,Jones S.FOUL (P5.PN),Foul,Shooting,0,0
411,421,PT05M59.00S,4,1610612751,NJN,200767,Boone,J. Boone,0,0,0,,0,90,97,187,h,Boone Free Throw 1 of 2 (18 PTS),Free Throw,Free Throw 1 of 2,0,0
412,422,PT05M59.00S,4,1610612751,NJN,200767,Boone,J. Boone,0,0,0,,0,,,0,h,MISS Boone Free Throw 2 of 2,Free Throw,Free Throw 2 of 2,0,0
413,423,PT05M58.00S,4,1610612752,NYK,101135,Lee,D. Lee,0,0,0,,0,,,0,v,Lee REBOUND (Off:3 Def:4),Rebound,Unknown,0,0
414,424,PT05M46.00S,4,1610612752,NYK,101135,Lee,D. Lee,0,0,0,,0,,,0,v,Lee Offensive Goaltending Turnover (P3.T14),Turnover,Offensive Goaltending,0,0
415,425,PT05M30.00S,4,1610612751,NJN,1713,Carter,V. Carter,125,141,19,Missed,1,,,0,h,MISS Carter 19' Jump Shot,Missed Shot,Jump Shot,0,0
416,426,PT05M29.00S,4,1610612751,NJN,201157,Williams,S. Williams,0,0,0,,0,,,0,h,S. Williams REBOUND (Off:3 Def:0),Rebound,Unknown,0,0
417,427,PT05M27.00S,4,1610612751,NJN,201157,Williams,S. Williams,0,0,0,Made,1,92,97,189,h,S. Williams Putback Layup (14 PTS),Made Shot,Putback Layup Shot,0,0
418,428,PT05M10.00S,4,1610612752,NYK,2201,Curry,E. Curry,0,0,0,,0,,,0,v,Curry Offensive Goaltending Turnover (P5.T15),Turnover,Offensive Goaltending,0,0
419,429,PT04M54.00S,4,1610612751,NJN,2210,Jefferson,R. Jefferson,-181,171,25,Made,1,95,97,192,h,Jefferson 25' 3PT Jump Shot (17 PTS) (Carter 6 AST),Made Shot,Jump Shot,0,0
420,430,PT04M54.00S,4,0,,1610612752,,,0,0,0,,0,,,0,v,Knicks Timeout: Regular (Reg.4 Short 1),Timeout,Regular,0,0
421,431,PT04M54.00S,4,1610612752,NYK,101135,Lee,D. Lee,0,0,0,,0,,,0,v,SUB: Randolph FOR Lee,Substitution,,0,0
422,433,PT04M38.00S,4,1610612752,NYK,2201,Curry,E. Curry,-51,58,8,Missed,1,,,0,v,MISS Curry 8' Hook Shot,Missed Shot,Hook Shot,0,0
423,434,PT04M36.00S,4,1610612751,NJN,1713,Carter,V. Carter,0,0,0,,0,,,0,h,Carter REBOUND (Off:1 Def:5),Rebound,Unknown,0,0
424,435,PT04M23.00S,4,1610612751,NJN,201157,Williams,S. Williams,0,58,6,Missed,1,,,0,h,MISS S. Williams 6' Running Hook Shot,Missed Shot,Running Hook Shot,0,0
425,436,PT04M22.00S,4,1610612751,NJN,200767,Boone,J. Boone,0,0,0,,0,,,0,h,Boone REBOUND (Off:4 Def:6),Rebound,Unknown,0,0
426,437,PT04M21.00S,4,1610612751,NJN,200767,Boone,J. Boone,0,0,0,Missed,1,,,0,h,MISS Boone Tip Shot,Missed Shot,Tip Shot,0,0
427,438,PT04M20.00S,4,1610612751,NJN,201157,Williams,S. Williams,0,0,0,,0,,,0,h,S. Williams REBOUND (Off:4 Def:0),Rebound,Unknown,0,0
428,439,PT04M02.00S,4,1610612751,NJN,2210,Jefferson,R. Jefferson,0,0,0,Made,1,97,97,194,h,Jefferson Driving Layup (19 PTS) (Carter 7 AST),Made Shot,Driving Layup Shot,0,0
429,440,PT03M48.00S,4,1610612752,NYK,2037,Crawford,J. Crawford,0,0,0,Missed,1,,,0,v,MISS Crawford Driving Finger Roll Layup,Missed Shot,Driving Finger Roll Layup Shot,0,0
430,440,PT03M48.00S,4,1610612751,NJN,201157,Williams,S. Williams,0,0,0,,0,,,0,h,S. Williams BLOCK (1 BLK),,,0,0
431,441,PT03M46.00S,4,1610612751,NJN,1713,Carter,V. Carter,0,0,0,,0,,,0,h,Carter REBOUND (Off:1 Def:6),Rebound,Unknown,0,0
432,442,PT03M43.00S,4,1610612751,NJN,2210,Jefferson,R. Jefferson,0,0,0,,0,,,0,h,Jefferson Traveling Turnover (P4.T15),Turnover,Traveling,0,0
433,443,PT03M19.00S,4,1610612751,NJN,2210,Jefferson,R. Jefferson,0,0,0,,0,,,0,h,Jefferson S.FOUL (P5.PN),Foul,Shooting,0,0
434,444,PT03M19.00S,4,1610612752,NYK,2047,Richardson,Q. Richardson,0,0,0,,0,,,0,v,MISS Richardson Free Throw 1 of 2,Free Throw,Free Throw 1 of 2,0,0
435,446,PT03M19.00S,4,0,,1610612752,,,0,0,0,,0,,,0,v,Knicks Rebound,Rebound,Normal Rebound,0,0
436,447,PT03M19.00S,4,1610612752,NYK,2047,Richardson,Q. Richardson,0,0,0,,0,97,98,195,v,Richardson Free Throw 2 of 2 (7 PTS),Free Throw,Free Throw 2 of 2,0,0
437,448,PT03M01.00S,4,1610612751,NJN,2210,Jefferson,R. Jefferson,-20,118,12,Missed,1,,,0,h,MISS Jefferson 12' Fadeaway Jumper,Missed Shot,Fadeaway Jump Shot,0,0
438,449,PT03M00.00S,4,1610612752,NYK,2037,Crawford,J. Crawford,0,0,0,,0,,,0,v,Crawford REBOUND (Off:0 Def:1),Rebound,Unknown,0,0
439,450,PT02M48.00S,4,1610612752,NYK,2037,Crawford,J. Crawford,-64,99,12,Missed,1,,,0,v,MISS Crawford 12' Running Jump Shot,Missed Shot,Running Jump Shot,0,0
440,451,PT02M47.00S,4,1610612751,NJN,2210,Jefferson,R. Jefferson,0,0,0,,0,,,0,h,Jefferson REBOUND (Off:1 Def:4),Rebound,Unknown,0,0
441,452,PT02M42.00S,4,1610612751,NJN,467,Kidd,J. Kidd,0,0,0,Missed,1,,,0,h,MISS Kidd Driving Finger Roll Layup,Missed Shot,Driving Finger Roll Layup Shot,0,0
442,453,PT02M41.00S,4,1610612751,NJN,2210,Jefferson,R. Jefferson,0,0,0,,0,,,0,h,Jefferson REBOUND (Off:2 Def:4),Rebound,Unknown,0,0
443,454,PT02M40.00S,4,1610612751,NJN,2210,Jefferson,R. Jefferson,0,0,0,Made,1,99,98,197,h,Jefferson Tip Shot (21 PTS),Made Shot,Tip Shot,0,0
444,455,PT02M27.00S,4,1610612751,NJN,201157,Williams,S. Williams,0,0,0,,0,,,0,h,S. Williams P.FOUL (P5.PN),Foul,Personal,0,0
445,457,PT02M27.00S,4,0,,0,,,0,0,0,,0,,,0,,Timeout: Official,Timeout,Official,0,0
446,459,PT02M27.00S,4,1610612752,NYK,2216,Randolph,Z. Randolph,0,0,0,,0,99,99,198,v,Randolph Free Throw 1 of 2 (21 PTS),Free Throw,Free Throw 1 of 2,0,0
447,460,PT02M27.00S,4,1610612752,NYK,2410,Jones,F. Jones,0,0,0,,0,,,0,v,SUB: Robinson FOR Jones,Substitution,,0,0
448,461,PT02M27.00S,4,1610612752,NYK,2216,Randolph,Z. Randolph,0,0,0,,0,99,100,199,v,Randolph Free Throw 2 of 2 (22 PTS),Free Throw,Free Throw 2 of 2,0,0
449,462,PT02M11.00S,4,1610612751,NJN,200767,Boone,J. Boone,0,0,0,Missed,1,,,0,h,MISS Boone Alley Oop Dunk,Missed Shot,Alley Oop Dunk Shot,0,0
450,463,PT02M10.00S,4,1610612751,NJN,200767,Boone,J. Boone,0,0,0,,0,,,0,h,Boone REBOUND (Off:5 Def:6),Rebound,Unknown,0,0
451,478,PT02M09.00S,4,1610612751,NJN,200767,Boone,J. Boone,0,0,0,Missed,1,,,0,h,MISS Boone Tip Shot,Missed Shot,Tip Shot,0,0
452,479,PT02M08.00S,4,1610612751,NJN,200767,Boone,J. Boone,0,0,0,,0,,,0,h,Boone REBOUND (Off:6 Def:6),Rebound,Unknown,0,0
453,466,PT02M07.00S,4,1610612751,NJN,200767,Boone,J. Boone,0,0,0,,0,,,0,h,Boone Offensive Goaltending Turnover (P2.T16),Turnover,Offensive Goaltending,0,0
454,467,PT01M45.00S,4,1610612752,NYK,2216,Randolph,Z. Randolph,0,0,0,,0,,,0,v,Randolph Lost Ball Turnover (P2.T16),Turnover,Lost Ball,0,0
455,467,PT01M45.00S,4,1610612751,NJN,467,Kidd,J. Kidd,0,0,0,,0,,,0,h,Kidd STEAL (1 STL),,,0,0
456,468,PT01M43.00S,4,1610612752,NYK,2037,Crawford,J. Crawford,0,0,0,,0,,,0,v,Crawford P.FOUL (P3.PN),Foul,Personal,0,0
457,469,PT01M43.00S,4,1610612751,NJN,2210,Jefferson,R. Jefferson,0,0,0,,0,,,0,h,MISS Jefferson Free Throw 1 of 2,Free Throw,Free Throw 1 of 2,0,0
458,470,PT01M43.00S,4,0,,1610612751,,,0,0,0,,0,,,0,h,NETS Rebound,Rebound,Normal Rebound,0,0
459,471,PT01M43.00S,4,1610612751,NJN,2210,Jefferson,R. Jefferson,0,0,0,,0,100,100,200,h,Jefferson Free Throw 2 of 2 (22 PTS),Free Throw,Free Throw 2 of 2,0,0
460,472,PT01M19.00S,4,1610612752,NYK,2037,Crawford,J. Crawford,-75,176,19,Made,1,100,102,202,v,Crawford 19' Jump Bank Shot (31 PTS),Made Shot,Jump Bank Shot,0,0
461,473,PT01M10.00S,4,1610612752,NYK,2037,Crawford,J. Crawford,0,0,0,,0,,,0,v,Crawford P.FOUL (P4.PN),Foul,Personal,0,0
462,474,PT01M10.00S,4,1610612751,NJN,201157,Williams,S. Williams,0,0,0,,0,101,102,203,h,S. Williams Free Throw 1 of 2 (15 PTS),Free Throw,Free Throw 1 of 2,0,0
463,475,PT01M10.00S,4,1610612751,NJN,201157,Williams,S. Williams,0,0,0,,0,102,102,204,h,S. Williams Free Throw 2 of 2 (16 PTS),Free Throw,Free Throw 2 of 2,0,0
464,476,PT00M59.90S,4,1610612752,NYK,2037,Crawford,J. Crawford,113,212,24,Made,1,102,105,207,v,Crawford 24' 3PT Jump Shot (34 PTS) (Robinson 4 AST),Made Shot,Jump Shot,0,0
465,477,PT00M57.50S,4,0,,1610612751,,,0,0,0,,0,,,0,h,NETS Timeout: Regular (Full 5 Short 1),Timeout,Regular,0,0
466,481,PT00M57.50S,4,1610612752,NYK,2201,Curry,E. Curry,0,0,0,,0,,,0,v,SUB: Jeffries FOR Curry,Substitution,,0,0
467,482,PT00M57.50S,4,1610612752,NYK,101126,Robinson,N. Robinson,0,0,0,,0,,,0,v,SUB: Jones FOR Robinson,Substitution,,0,0
468,483,PT00M46.90S,4,1610612751,NJN,1713,Carter,V. Carter,-26,63,7,Missed,1,,,0,h,MISS Carter 7' Running Jump Shot,Missed Shot,Running Jump Shot,0,0
469,484,PT00M45.70S,4,1610612751,NJN,1713,Carter,V. Carter,0,0,0,,0,,,0,h,Carter REBOUND (Off:2 Def:6),Rebound,Unknown,0,0
470,485,PT00M38.90S,4,1610612751,NJN,467,Kidd,J. Kidd,1,255,26,Missed,1,,,0,h,MISS Kidd 26' 3PT Jump Shot,Missed Shot,Jump Shot,0,0
471,486,PT00M38.00S,4,1610612752,NYK,2216,Randolph,Z. Randolph,0,0,0,,0,,,0,v,Randolph REBOUND (Off:2 Def:9),Rebound,Unknown,0,0
472,488,PT00M38.00S,4,1610612751,NJN,2210,Jefferson,R. Jefferson,0,0,0,,0,,,0,h,Jefferson P.FOUL (P6.PN),Foul,Personal,0,0
473,489,PT00M38.00S,4,1610612751,NJN,2210,Jefferson,R. Jefferson,0,0,0,,0,,,0,h,SUB: Nachbar FOR Jefferson,Substitution,,0,0
474,490,PT00M38.00S,4,1610612752,NYK,2216,Randolph,Z. Randolph,0,0,0,,0,102,106,208,v,Randolph Free Throw 1 of 2 (23 PTS),Free Throw,Free Throw 1 of 2,0,0
475,491,PT00M38.00S,4,1610612752,NYK,2216,Randolph,Z. Randolph,0,0,0,,0,102,107,209,v,Randolph Free Throw 2 of 2 (24 PTS),Free Throw,Free Throw 2 of 2,0,0
476,492,PT00M38.00S,4,0,,1610612751,,,0,0,0,,0,,,0,h,NETS Timeout: Short (Full 5 Short 2),Timeout,Short,0,0
477,494,PT00M38.00S,4,1610612751,NJN,200767,Boone,J. Boone,0,0,0,,0,,,0,h,SUB: Allen FOR Boone,Substitution,,0,0
478,495,PT00M34.90S,4,1610612751,NJN,1713,Carter,V. Carter,140,84,16,Missed,1,,,0,h,MISS Carter 16' Jump Shot,Missed Shot,Jump Shot,0,0
479,496,PT00M33.90S,4,1610612752,NYK,2410,Jones,F. Jones,0,0,0,,0,,,0,v,Jones REBOUND (Off:0 Def:3),Rebound,Unknown,0,0
480,497,PT00M33.90S,4,1610612751,NJN,2124,Allen,M. Allen,0,0,0,,0,,,0,h,Allen P.FOUL (P3.PN),Foul,Personal,0,0
481,498,PT00M33.90S,4,1610612752,NYK,2410,Jones,F. Jones,0,0,0,,0,102,108,210,v,Jones Free Throw 1 of 2 (4 PTS),Free Throw,Free Throw 1 of 2,0,0
482,499,PT00M33.90S,4,1610612752,NYK,2410,Jones,F. Jones,0,0,0,,0,102,109,211,v,Jones Free Throw 2 of 2 (5 PTS),Free Throw,Free Throw 2 of 2,0,0
483,500,PT00M24.90S,4,1610612751,NJN,1713,Carter,V. Carter,-187,160,25,Missed,1,,,0,h,MISS Carter 25' 3PT Jump Shot,Missed Shot,Jump Shot,0,0
484,501,PT00M23.70S,4,1610612751,NJN,2411,Nachbar,B. Nachbar,0,0,0,,0,,,0,h,Nachbar REBOUND (Off:3 Def:4),Rebound,Unknown,0,0
485,502,PT00M23.70S,4,1610612752,NYK,2407,Jeffries,J. Jeffries,0,0,0,,0,,,0,v,Jeffries P.FOUL (P2.PN),Foul,Personal,0,0
486,503,PT00M23.70S,4,1610612751,NJN,2411,Nachbar,B. Nachbar,0,0,0,,0,,,0,h,MISS Nachbar Free Throw 1 of 2,Free Throw,Free Throw 1 of 2,0,0
487,504,PT00M23.70S,4,0,,1610612751,,,0,0,0,,0,,,0,h,NETS Rebound,Rebound,Normal Rebound,0,0
488,505,PT00M23.70S,4,1610612752,NYK,2407,Jeffries,J. Jeffries,0,0,0,,0,,,0,v,SUB: Robinson FOR Jeffries,Substitution,,0,0
489,506,PT00M23.70S,4,1610612751,NJN,2411,Nachbar,B. Nachbar,0,0,0,,0,,,0,h,MISS Nachbar Free Throw 2 of 2,Free Throw,Free Throw 2 of 2,0,0
490,507,PT00M23.60S,4,1610612752,NYK,101126,Robinson,N. Robinson,0,0,0,,0,,,0,v,Robinson REBOUND (Off:1 Def:2),Rebound,Unknown,0,0
491,508,PT00M22.40S,4,1610612751,NJN,2124,Allen,M. Allen,0,0,0,,0,,,0,h,Allen P.FOUL (P4.PN),Foul,Personal,0,0
492,509,PT00M22.40S,4,1610612752,NYK,101126,Robinson,N. Robinson,0,0,0,,0,,,0,v,MISS Robinson Free Throw 1 of 2,Free Throw,Free Throw 1 of 2,0,0
493,510,PT00M22.40S,4,0,,1610612752,,,0,0,0,,0,,,0,v,Knicks Rebound,Rebound,Normal Rebound,0,0
494,511,PT00M22.40S,4,1610612752,NYK,101126,Robinson,N. Robinson,0,0,0,,0,102,110,212,v,Robinson Free Throw 2 of 2 (13 PTS),Free Throw,Free Throw 2 of 2,0,0
495,513,PT00M22.40S,4,0,,1610612751,,,0,0,0,,0,,,0,h,NETS Timeout: Short (Full 5 Short 3),Timeout,Short,0,0
496,514,PT00M18.90S,4,1610612751,NJN,1713,Carter,V. Carter,-41,250,25,Made,1,105,110,215,h,Carter 25' 3PT Jump Shot (26 PTS) (Kidd 17 AST),Made Shot,Jump Shot,0,0
497,515,PT00M17.70S,4,1610612751,NJN,2411,Nachbar,B. Nachbar,0,0,0,,0,,,0,h,Nachbar P.FOUL (P2.PN),Foul,Personal,0,0
498,516,PT00M17.70S,4,1610612752,NYK,2037,Crawford,J. Crawford,0,0,0,,0,105,111,216,v,Crawford Free Throw 1 of 2 (35 PTS),Free Throw,Free Throw 1 of 2,0,0
499,517,PT00M17.70S,4,1610612752,NYK,2037,Crawford,J. Crawford,0,0,0,,0,,,0,v,MISS Crawford Free Throw 2 of 2,Free Throw,Free Throw 2 of 2,0,0
500,518,PT00M16.70S,4,1610612751,NJN,201157,Williams,S. Williams,0,0,0,,0,,,0,h,S. Williams REBOUND (Off:4 Def:1),Rebound,Unknown,0,0
501,519,PT00M08.80S,4,1610612751,NJN,2124,Allen,M. Allen,29,225,23,Missed,1,,,0,h,MISS Allen 23' Jump Shot,Missed Shot,Jump Shot,0,0
502,520,PT00M07.80S,4,1610612752,NYK,101126,Robinson,N. Robinson,0,0,0,,0,,,0,v,Robinson REBOUND (Off:1 Def:3),Rebound,Unknown,0,0
503,521,PT00M00.00S,4,0,,0,,,0,0,0,,0,105,111,216,,End of 4th Period (9:58 PM EST),period,end,0,0
