actionId,actionNumber,clock,period,teamId,teamTricode,personId,playerName,playerNameI,xLegacy,yLegacy,shotDistance,shotResult,isFieldGoal,scoreHome,scoreAway,pointsTotal,location,description,actionType,subType,videoAvailable,shotValue
1,0,PT12M00.00S,1,0,,0,,,0,0,0,,0,0,0,0,,Start of 1st Period (8:11 PM EST),period,start,0,0
2,1,PT12M00.00S,1,1610612750,MIN,101142,Turiaf,R. Turiaf,0,0,0,,0,0,0,0,h,Jump Ball Turiaf vs. Howard: Tip to Beverley,Jump Ball,,0,0
3,2,PT11M45.00S,1,1610612745,HOU,203093,Jones,T. Jones,9,249,25,Missed,1,0,0,0,v,MISS Jones 25' 3PT Jump Shot,Missed Shot,Jump Shot,0,0
4,3,PT11M44.00S,1,1610612750,MIN,101142,Turiaf,R. Turiaf,0,0,0,,0,0,0,0,h,Turiaf REBOUND (Off:0 Def:1),Rebound,Unknown,0,0
5,4,PT11M32.00S,1,1610612750,MIN,201937,Rubio,R. Rubio,-149,44,16,Missed,1,0,0,0,h,MISS Rubio 16' Jump Shot,Missed Shot,Jump Shot,0,0
6,5,PT11M31.00S,1,1610612745,HOU,201935,Harden,J. Harden,0,0,0,,0,0,0,0,v,Harden REBOUND (Off:0 Def:1),Rebound,Unknown,0,0
7,6,PT11M21.00S,1,1610612745,HOU,202718,Parsons,C. Parsons,88,197,22,Made,1,0,2,2,v,Parsons 22' Jump Shot (2 PTS),Made Shot,Jump Shot,0,0
8,7,PT11M01.00S,1,1610612750,MIN,201937,Rubio,R. Rubio,-8,244,24,Made,1,3,2,5,h,Rubio 24' 3PT Jump Shot (3 PTS) (Brewer 1 AST),Made Shot,Jump Shot,0,0
9,9,PT10M44.00S,1,1610612745,HOU,203093,Jones,T. Jones,0,0,0,,0,0,0,0,v,Jones Out of Bounds Lost Ball Turnover (P1.T1),Turnover,Out of Bounds Lost Ball Turnover,0,0
10,10,PT10M31.00S,1,1610612750,MIN,201567,Love,K. Love,113,181,21,Missed,1,0,0,0,h,MISS Love 21' Jump Shot,Missed Shot,Jump Shot,0,0
11,11,PT10M30.00S,1,1610612745,HOU,202718,Parsons,C. Parsons,0,0,0,,0,0,0,0,v,Parsons REBOUND (Off:0 Def:1),Rebound,Unknown,0,0
12,12,PT10M24.00S,1,1610612745,HOU,2730,Howard,D. Howard,1,-16,2,Made,1,3,4,7,v,Howard 2' Dunk (2 PTS) (Parsons 1 AST),Made Shot,Dunk Shot,0,0
13,13,PT10M07.00S,1,1610612745,HOU,203093,Jones,T. Jones,0,0,0,,0,0,0,0,v,Jones S.FOUL (P1.T1),Foul,Shooting,0,0
14,14,PT10M07.00S,1,1610612750,MIN,201567,Love,K. Love,0,0,0,,0,4,4,8,h,Love Free Throw 1 of 2 (1 PTS),Free Throw,Free Throw 1 of 2,0,0
15,18,PT10M07.00S,1,1610612750,MIN,201567,Love,K. Love,0,0,0,,0,5,4,9,h,Love Free Throw 2 of 2 (2 PTS),Free Throw,Free Throw 2 of 2,0,0
16,21,PT09M49.00S,1,1610612750,MIN,101142,Turiaf,R. Turiaf,0,0,0,,0,0,0,0,h,Turiaf S.FOUL (P1.T1),Foul,Shooting,0,0
17,22,PT09M49.00S,1,1610612745,HOU,2730,Howard,D. Howard,0,0,0,,0,5,5,10,v,Howard Free Throw 1 of 2 (3 PTS),Free Throw,Free Throw 1 of 2,0,0
18,24,PT09M49.00S,1,1610612745,HOU,2730,Howard,D. Howard,0,0,0,,0,0,0,0,v,MISS Howard Free Throw 2 of 2,Free Throw,Free Throw 2 of 2,0,0
19,26,PT09M49.00S,1,1610612750,MIN,101142,Turiaf,R. Turiaf,0,0,0,,0,0,0,0,h,Turiaf REBOUND (Off:0 Def:2),Rebound,Unknown,0,0
20,27,PT09M35.00S,1,1610612750,MIN,201978,Budinger,C. Budinger,-18,219,22,Missed,1,0,0,0,h,MISS Budinger 22' Jump Shot,Missed Shot,Jump Shot,0,0
21,28,PT09M33.00S,1,1610612750,MIN,101142,Turiaf,R. Turiaf,0,0,0,,0,0,0,0,h,Turiaf REBOUND (Off:1 Def:2),Rebound,Unknown,0,0
22,29,PT09M28.00S,1,1610612750,MIN,201978,Budinger,C. Budinger,7,1,1,Made,1,7,5,12,h,Budinger 1' Driving Reverse Layup (2 PTS) (Turiaf 1 AST),Made Shot,Driving Reverse Layup Shot,0,0
23,30,PT09M14.00S,1,1610612745,HOU,203093,Jones,T. Jones,-4,6,1,Made,1,7,7,14,v,Jones 1' Layup (2 PTS) (Parsons 2 AST),Made Shot,Layup Shot,0,0
24,32,PT09M00.00S,1,1610612750,MIN,201147,Brewer,C. Brewer,108,165,20,Missed,1,0,0,0,h,MISS Brewer 20' Jump Shot,Missed Shot,Jump Shot,0,0
25,33,PT08M59.00S,1,1610612745,HOU,2730,Howard,D. Howard,0,0,0,,0,0,0,0,v,Howard REBOUND (Off:0 Def:1),Rebound,Unknown,0,0
26,34,PT08M49.00S,1,1610612745,HOU,203093,Jones,T. Jones,7,9,1,Made,1,7,9,16,v,Jones 1' Driving Layup (4 PTS) (Harden 1 AST),Made Shot,Driving Layup Shot,0,0
27,35,PT08M34.00S,1,1610612750,MIN,201147,Brewer,C. Brewer,0,0,0,,0,0,0,0,h,Brewer Out of Bounds Lost Ball Turnover (P1.T1),Turnover,Out of Bounds Lost Ball Turnover,0,0
28,36,PT08M29.00S,1,1610612745,HOU,201935,Harden,J. Harden,20,4,2,Missed,1,0,0,0,v,MISS Harden 2' Layup,Missed Shot,Layup Shot,0,0
29,36,PT08M29.00S,1,1610612750,MIN,101142,Turiaf,R. Turiaf,0,0,0,,0,0,0,0,h,Turiaf BLOCK (1 BLK),,,0,0
30,37,PT08M28.00S,1,1610612745,HOU,2730,Howard,D. Howard,0,0,0,,0,0,0,0,v,Howard REBOUND (Off:1 Def:1),Rebound,Unknown,0,0
31,38,PT08M27.00S,1,1610612745,HOU,2730,Howard,D. Howard,0,-5,1,Missed,1,0,0,0,v,MISS Howard 1' Layup,Missed Shot,Layup Shot,0,0
32,39,PT08M25.00S,1,1610612750,MIN,201937,Rubio,R. Rubio,0,0,0,,0,0,0,0,h,Rubio REBOUND (Off:0 Def:1),Rebound,Unknown,0,0
33,40,PT08M21.00S,1,1610612750,MIN,201978,Budinger,C. Budinger,-81,224,24,Made,1,10,9,19,h,Budinger 24' 3PT Jump Shot (5 PTS) (Rubio 1 AST),Made Shot,Jump Shot,0,0
34,41,PT08M08.00S,1,1610612745,HOU,203093,Jones,T. Jones,2,7,1,Made,1,10,11,21,v,Jones 1' Slam Dunk (6 PTS) (Parsons 3 AST),Made Shot,Slam Dunk Shot,0,0
35,42,PT07M50.00S,1,1610612750,MIN,201567,Love,K. Love,-13,0,1,Missed,1,0,0,0,h,MISS Love 1' Layup,Missed Shot,Layup Shot,0,0
36,42,PT07M50.00S,1,1610612745,HOU,2730,Howard,D. Howard,0,0,0,,0,0,0,0,v,Howard BLOCK (1 BLK),,,0,0
37,43,PT07M48.00S,1,1610612745,HOU,201976,Beverley,P. Beverley,0,0,0,,0,0,0,0,v,Beverley REBOUND (Off:0 Def:1),Rebound,Unknown,0,0
38,44,PT07M45.00S,1,1610612750,MIN,201147,Brewer,C. Brewer,0,0,0,,0,0,0,0,h,Brewer Shooting Block Foul (P1.T2),Foul,Shooting Block,0,0
39,45,PT07M45.00S,1,1610612745,HOU,201935,Harden,J. Harden,0,0,0,,0,10,12,22,v,Harden Free Throw 1 of 2 (1 PTS),Free Throw,Free Throw 1 of 2,0,0
40,47,PT07M45.00S,1,1610612745,HOU,201935,Harden,J. Harden,0,0,0,,0,10,13,23,v,Harden Free Throw 2 of 2 (2 PTS),Free Throw,Free Throw 2 of 2,0,0
41,49,PT07M40.00S,1,1610612745,HOU,201976,Beverley,P. Beverley,0,0,0,,0,0,0,0,v,Beverley P.FOUL (P1.T2),Foul,Personal,0,0
42,50,PT07M30.00S,1,1610612750,MIN,201147,Brewer,C. Brewer,-194,142,24,Missed,1,0,0,0,h,MISS Brewer 24' 3PT Jump Shot,Missed Shot,Jump Shot,0,0
43,51,PT07M29.00S,1,1610612750,MIN,201567,Love,K. Love,0,0,0,,0,0,0,0,h,Love REBOUND (Off:1 Def:0),Rebound,Unknown,0,0
44,52,PT07M25.00S,1,1610612750,MIN,201937,Rubio,R. Rubio,209,156,26,Missed,1,0,0,0,h,MISS Rubio 26' 3PT Jump Shot,Missed Shot,Jump Shot,0,0
45,53,PT07M24.00S,1,1610612745,HOU,201935,Harden,J. Harden,0,0,0,,0,0,0,0,v,Harden REBOUND (Off:0 Def:2),Rebound,Unknown,0,0
46,54,PT07M24.00S,1,1610612750,MIN,201978,Budinger,C. Budinger,0,0,0,,0,0,0,0,h,Budinger P.FOUL (P1.T3),Foul,Personal,0,0
47,55,PT07M09.00S,1,1610612745,HOU,201976,Beverley,P. Beverley,-226,23,0,Made,1,10,16,26,v,Beverley  3PT Jump Shot (3 PTS) (Parsons 4 AST),Made Shot,Jump Shot,0,0
48,56,PT06M51.00S,1,1610612750,MIN,201567,Love,K. Love,47,53,7,Made,1,12,16,28,h,Love 7' Turnaround Fadeaway (4 PTS) (Rubio 2 AST),Made Shot,Turnaround Fadeaway shot,0,0
49,57,PT06M48.00S,1,1610612745,HOU,2730,Howard,D. Howard,0,0,0,,0,0,0,0,v,Howard Inbound Turnover (P1.T2),Turnover,Inbound Turnover,0,0
50,58,PT06M45.00S,1,1610612750,MIN,201567,Love,K. Love,189,107,22,Made,1,14,16,30,h,Love 22' Jump Shot (6 PTS) (Rubio 3 AST),Made Shot,Jump Shot,0,0
51,59,PT06M30.00S,1,1610612745,HOU,201976,Beverley,P. Beverley,230,20,0,Made,1,14,19,33,v,Beverley  3PT Jump Shot (6 PTS) (Parsons 5 AST),Made Shot,Jump Shot,0,0
52,60,PT06M13.00S,1,1610612750,MIN,201937,Rubio,R. Rubio,7,219,22,Missed,1,0,0,0,h,MISS Rubio 22' Jump Shot,Missed Shot,Jump Shot,0,0
53,61,PT06M12.00S,1,1610612750,MIN,201567,Love,K. Love,0,0,0,,0,0,0,0,h,Love REBOUND (Off:2 Def:0),Rebound,Unknown,0,0
54,62,PT06M12.00S,1,1610612745,HOU,203093,Jones,T. Jones,0,0,0,,0,0,0,0,v,Jones S.FOUL (P2.T3),Foul,Shooting,0,0
55,68,PT06M12.00S,1,1610612745,HOU,203093,Jones,T. Jones,0,0,0,,0,0,0,0,v,SUB: Motiejunas FOR Jones,Substitution,,0,0
56,63,PT06M12.00S,1,1610612750,MIN,201567,Love,K. Love,0,0,0,,0,15,19,34,h,Love Free Throw 1 of 2 (7 PTS),Free Throw,Free Throw 1 of 2,0,0
57,66,PT06M12.00S,1,1610612750,MIN,201567,Love,K. Love,0,0,0,,0,16,19,35,h,Love Free Throw 2 of 2 (8 PTS),Free Throw,Free Throw 2 of 2,0,0
58,71,PT05M54.00S,1,1610612745,HOU,202718,Parsons,C. Parsons,84,241,26,Missed,1,0,0,0,v,MISS Parsons 26' 3PT Jump Shot,Missed Shot,Jump Shot,0,0
59,69,PT05M53.00S,1,1610612745,HOU,2730,Howard,D. Howard,0,0,0,,0,0,0,0,v,Howard REBOUND (Off:2 Def:1),Rebound,Unknown,0,0
60,70,PT05M44.00S,1,1610612745,HOU,201935,Harden,J. Harden,-123,246,28,Made,1,16,22,38,v,Harden 28' 3PT Jump Shot (5 PTS),Made Shot,Jump Shot,0,0
61,72,PT05M29.00S,1,1610612750,MIN,201567,Love,K. Love,0,0,0,,0,0,0,0,h,Love Offensive Charge Foul (P1.T4),Foul,Offensive Charge,0,0
62,73,PT05M29.00S,1,1610612750,MIN,201567,Love,K. Love,0,0,0,,0,0,0,0,h,Love Foul Turnover (P1.T2),Turnover,Foul,0,0
63,74,PT05M29.00S,1,0,,1610612750,,,0,0,0,,0,0,0,0,h,TIMBERWOLVES Timeout: Regular (Full 1 Short 0),Timeout,Regular,0,0
64,76,PT05M19.00S,1,1610612745,HOU,201935,Harden,J. Harden,-105,235,26,Made,1,16,25,41,v,Harden 26' 3PT Jump Shot (8 PTS) (Motiejunas 1 AST),Made Shot,Jump Shot,0,0
65,77,PT04M57.00S,1,1610612745,HOU,202700,Motiejunas,D. Motiejunas,0,0,0,,0,0,0,0,v,Motiejunas P.FOUL (P1.T4),Foul,Personal,0,0
66,78,PT04M48.00S,1,1610612750,MIN,201567,Love,K. Love,-7,66,7,Missed,1,0,0,0,h,MISS Love 7' Jump Hook Shot,Missed Shot,Jump Hook Shot,0,0
67,79,PT04M47.00S,1,1610612745,HOU,201935,Harden,J. Harden,0,0,0,,0,0,0,0,v,Harden REBOUND (Off:0 Def:3),Rebound,Unknown,0,0
68,80,PT04M36.00S,1,1610612745,HOU,202700,Motiejunas,D. Motiejunas,-45,74,9,Missed,1,0,0,0,v,MISS Motiejunas 9' Turnaround Jump Shot,Missed Shot,Turnaround Jump Shot,0,0
69,81,PT04M35.00S,1,1610612750,MIN,201937,Rubio,R. Rubio,0,0,0,,0,0,0,0,h,Rubio REBOUND (Off:0 Def:2),Rebound,Unknown,0,0
70,82,PT04M21.00S,1,1610612750,MIN,201978,Budinger,C. Budinger,72,119,14,Missed,1,0,0,0,h,MISS Budinger 14' Jump Shot,Missed Shot,Jump Shot,0,0
71,83,PT04M20.00S,1,1610612745,HOU,202718,Parsons,C. Parsons,0,0,0,,0,0,0,0,v,Parsons REBOUND (Off:0 Def:2),Rebound,Unknown,0,0
72,84,PT04M14.00S,1,1610612745,HOU,201935,Harden,J. Harden,2,4,0,Missed,1,0,0,0,v,MISS Harden  Layup,Missed Shot,Layup Shot,0,0
73,85,PT04M14.00S,1,0,,1610612745,,,0,0,0,,0,0,0,0,v,Rockets Rebound,Rebound,Unknown,0,0
74,86,PT04M14.00S,1,1610612745,HOU,201976,Beverley,P. Beverley,0,0,0,,0,0,0,0,v,SUB: Lin FOR Beverley,Substitution,,0,0
75,87,PT04M05.00S,1,1610612745,HOU,202718,Parsons,C. Parsons,-2,17,2,Made,1,16,27,43,v,Parsons 2' Driving Layup (4 PTS),Made Shot,Driving Layup Shot,0,0
76,88,PT04M05.00S,1,1610612750,MIN,201978,Budinger,C. Budinger,0,0,0,,0,0,0,0,h,Budinger S.FOUL (P2.PN),Foul,Shooting,0,0
77,90,PT04M05.00S,1,1610612750,MIN,201978,Budinger,C. Budinger,0,0,0,,0,0,0,0,h,SUB: Mbah a Moute FOR Budinger,Substitution,,0,0
78,91,PT04M05.00S,1,1610612745,HOU,202718,Parsons,C. Parsons,0,0,0,,0,16,28,44,v,Parsons Free Throw 1 of 1 (5 PTS),Free Throw,Free Throw 1 of 1,0,0
79,93,PT03M55.00S,1,1610612750,MIN,201937,Rubio,R. Rubio,0,0,0,,0,0,0,0,h,Rubio Bad Pass Turnover (P1.T3),Turnover,Bad Pass,0,0
80,94,PT03M46.00S,1,1610612745,HOU,2730,Howard,D. Howard,102,28,11,Missed,1,0,0,0,v,MISS Howard 11' Turnaround Hook Shot,Missed Shot,Turnaround Hook Shot,0,0
81,95,PT03M44.00S,1,1610612750,MIN,201567,Love,K. Love,0,0,0,,0,0,0,0,h,Love REBOUND (Off:2 Def:1),Rebound,Unknown,0,0
82,96,PT03M44.00S,1,1610612745,HOU,202700,Motiejunas,D. Motiejunas,0,0,0,,0,0,0,0,v,Motiejunas P.FOUL (P2.PN),Foul,Personal,0,0
83,97,PT03M44.00S,1,1610612750,MIN,201567,Love,K. Love,0,0,0,,0,17,28,45,h,Love Free Throw 1 of 2 (9 PTS),Free Throw,Free Throw 1 of 2,0,0
84,99,PT03M44.00S,1,1610612750,MIN,201937,Rubio,R. Rubio,0,0,0,,0,0,0,0,h,SUB: Barea FOR Rubio,Substitution,,0,0
85,100,PT03M44.00S,1,1610612750,MIN,201567,Love,K. Love,0,0,0,,0,18,28,46,h,Love Free Throw 2 of 2 (10 PTS),Free Throw,Free Throw 2 of 2,0,0
86,102,PT03M23.00S,1,1610612745,HOU,202391,Lin,J. Lin,230,28,0,Missed,1,0,0,0,v,MISS Lin  3PT Jump Shot,Missed Shot,Jump Shot,0,0
87,103,PT03M22.00S,1,1610612750,MIN,101142,Turiaf,R. Turiaf,0,0,0,,0,0,0,0,h,Turiaf REBOUND (Off:1 Def:3),Rebound,Unknown,0,0
88,104,PT03M12.00S,1,1610612750,MIN,200826,Barea,J. Barea,0,0,0,,0,0,0,0,h,Barea Bad Pass Turnover (P1.T4),Turnover,Bad Pass,0,0
89,105,PT03M12.00S,1,1610612745,HOU,202700,Motiejunas,D. Motiejunas,0,0,0,,0,0,0,0,v,SUB: Asik FOR Motiejunas,Substitution,,0,0
90,106,PT02M57.00S,1,1610612745,HOU,202718,Parsons,C. Parsons,223,85,24,Missed,1,0,0,0,v,MISS Parsons 24' 3PT Jump Shot,Missed Shot,Jump Shot,0,0
91,107,PT02M56.00S,1,1610612750,MIN,101142,Turiaf,R. Turiaf,0,0,0,,0,0,0,0,h,Turiaf REBOUND (Off:1 Def:4),Rebound,Unknown,0,0
92,108,PT02M50.00S,1,1610612750,MIN,200826,Barea,J. Barea,1,15,2,Missed,1,0,0,0,h,MISS Barea 2' Driving Layup,Missed Shot,Driving Layup Shot,0,0
93,109,PT02M49.00S,1,1610612745,HOU,2730,Howard,D. Howard,0,0,0,,0,0,0,0,v,Howard REBOUND (Off:2 Def:2),Rebound,Unknown,0,0
94,110,PT02M45.00S,1,1610612745,HOU,202718,Parsons,C. Parsons,6,1,1,Made,1,18,30,48,v,Parsons 1' Slam Dunk (7 PTS) (Harden 2 AST),Made Shot,Slam Dunk Shot,0,0
95,111,PT02M25.00S,1,1610612750,MIN,201567,Love,K. Love,-193,93,21,Made,1,20,30,50,h,Love 21' Jump Shot (12 PTS) (Barea 1 AST),Made Shot,Jump Shot,0,0
96,112,PT02M03.00S,1,1610612745,HOU,2730,Howard,D. Howard,0,0,0,,0,0,0,0,v,Howard OFF.Foul (P1),Foul,Offensive,0,0
97,113,PT02M03.00S,1,1610612745,HOU,2730,Howard,D. Howard,0,0,0,,0,0,0,0,v,Howard Foul Turnover (P2.T3),Turnover,Foul,0,0
98,114,PT02M03.00S,1,0,,1610612745,,,0,0,0,,0,0,0,0,v,Rockets Timeout: Regular (Reg.1 Short 0),Timeout,Regular,0,0
99,116,PT01M52.00S,1,1610612750,MIN,201567,Love,K. Love,-136,208,25,Made,1,23,30,53,h,Love 25' 3PT Jump Shot (15 PTS) (Barea 2 AST),Made Shot,Jump Shot,0,0
100,117,PT01M33.00S,1,1610612750,MIN,201147,Brewer,C. Brewer,0,0,0,,0,0,0,0,h,Brewer S.FOUL (P2.PN),Foul,Shooting,0,0
101,118,PT01M33.00S,1,1610612745,HOU,201935,Harden,J. Harden,0,0,0,,0,23,31,54,v,Harden Free Throw 1 of 2 (9 PTS),Free Throw,Free Throw 1 of 2,0,0
102,120,PT01M33.00S,1,1610612750,MIN,101142,Turiaf,R. Turiaf,0,0,0,,0,0,0,0,h,SUB: Cunningham FOR Turiaf,Substitution,,0,0
103,121,PT01M33.00S,1,1610612745,HOU,2730,Howard,D. Howard,0,0,0,,0,0,0,0,v,SUB: Jones FOR Howard,Substitution,,0,0
104,122,PT01M33.00S,1,1610612745,HOU,202718,Parsons,C. Parsons,0,0,0,,0,0,0,0,v,SUB: Casspi FOR Parsons,Substitution,,0,0
105,123,PT01M33.00S,1,1610612745,HOU,201935,Harden,J. Harden,0,0,0,,0,23,32,55,v,Harden Free Throw 2 of 2 (10 PTS),Free Throw,Free Throw 2 of 2,0,0
106,125,PT01M20.00S,1,1610612750,MIN,200826,Barea,J. Barea,12,1,1,Missed,1,0,0,0,h,MISS Barea 1' Driving Layup,Missed Shot,Driving Layup Shot,0,0
107,126,PT01M19.00S,1,1610612745,HOU,201956,Casspi,O. Casspi,0,0,0,,0,0,0,0,v,Casspi REBOUND (Off:0 Def:1),Rebound,Unknown,0,0
108,127,PT01M16.00S,1,1610612745,HOU,201956,Casspi,O. Casspi,0,0,0,,0,0,0,0,v,Casspi Bad Pass Turnover (P1.T4),Turnover,Bad Pass,0,0
109,127,PT01M16.00S,1,1610612750,MIN,201567,Love,K. Love,0,0,0,,0,0,0,0,h,Love STEAL (1 STL),,,0,0
110,128,PT01M14.00S,1,1610612745,HOU,201956,Casspi,O. Casspi,0,0,0,,0,0,0,0,v,Casspi Shooting Block Foul (P1.PN),Foul,Shooting Block,0,0
111,129,PT01M14.00S,1,1610612750,MIN,201567,Love,K. Love,0,0,0,,0,24,32,56,h,Love Free Throw 1 of 2 (16 PTS),Free Throw,Free Throw 1 of 2,0,0
112,131,PT01M14.00S,1,1610612750,MIN,201147,Brewer,C. Brewer,0,0,0,,0,0,0,0,h,SUB: Shved FOR Brewer,Substitution,,0,0
113,132,PT01M14.00S,1,1610612750,MIN,201567,Love,K. Love,0,0,0,,0,25,32,57,h,Love Free Throw 2 of 2 (17 PTS),Free Throw,Free Throw 2 of 2,0,0
114,134,PT00M53.90S,1,1610612745,HOU,201935,Harden,J. Harden,97,181,21,Missed,1,0,0,0,v,MISS Harden 21' Jump Shot,Missed Shot,Jump Shot,0,0
115,135,PT00M52.60S,1,1610612750,MIN,201967,Cunningham,D. Cunningham,0,0,0,,0,0,0,0,h,Cunningham REBOUND (Off:0 Def:1),Rebound,Unknown,0,0
116,136,PT00M43.90S,1,1610612750,MIN,201967,Cunningham,D. Cunningham,81,162,18,Missed,1,0,0,0,h,MISS Cunningham 18' Jump Shot,Missed Shot,Jump Shot,0,0
117,137,PT00M42.90S,1,1610612745,HOU,201600,Asik,O. Asik,0,0,0,,0,0,0,0,v,Asik REBOUND (Off:0 Def:1),Rebound,Unknown,0,0
118,138,PT00M35.80S,1,1610612745,HOU,201935,Harden,J. Harden,0,0,0,,0,0,0,0,v,Harden Lost Ball Turnover (P1.T5),Turnover,Lost Ball,0,0
119,138,PT00M35.80S,1,1610612750,MIN,201601,Mbah a Moute,L. Mbah a Moute,0,0,0,,0,0,0,0,h,Mbah a Moute STEAL (1 STL),,,0,0
120,139,PT00M30.00S,1,1610612750,MIN,203144,Shved,A. Shved,233,14,0,Made,1,28,32,60,h,Shved  3PT Jump Shot (3 PTS) (Mbah a Moute 1 AST),Made Shot,Jump Shot,0,0
121,140,PT00M13.00S,1,1610612745,HOU,202391,Lin,J. Lin,-75,200,21,Made,1,28,34,62,v,Lin 21' Pullup Jump Shot (2 PTS),Made Shot,Pullup Jump shot,0,0
122,141,PT00M02.70S,1,1610612750,MIN,200826,Barea,J. Barea,-171,173,24,Missed,1,0,0,0,h,MISS Barea 24' 3PT Jump Shot,Missed Shot,Jump Shot,0,0
123,142,PT00M01.80S,1,1610612750,MIN,201967,Cunningham,D. Cunningham,0,0,0,,0,0,0,0,h,Cunningham REBOUND (Off:1 Def:1),Rebound,Unknown,0,0
124,143,PT00M00.20S,1,1610612750,MIN,201967,Cunningham,D. Cunningham,-70,157,17,Missed,1,0,0,0,h,MISS Cunningham 17' Jump Shot,Missed Shot,Jump Shot,0,0
125,144,PT00M00.00S,1,0,,1610612750,,,0,0,0,,0,0,0,0,h,TIMBERWOLVES Rebound,Rebound,Unknown,0,0
126,146,PT00M00.00S,1,0,,0,,,0,0,0,,0,28,34,62,,End of 1st Period (8:39 PM EST),period,end,0,0
127,148,PT12M00.00S,2,0,,0,,,0,0,0,,0,28,34,62,,Start of 2nd Period (8:42 PM EST),period,start,0,0
128,149,PT11M44.00S,2,1610612750,MIN,201601,Mbah a Moute,L. Mbah a Moute,0,9,1,Missed,1,0,0,0,h,MISS Mbah a Moute 1' Driving Reverse Layup,Missed Shot,Driving Reverse Layup Shot,0,0
129,150,PT11M43.00S,2,1610612745,HOU,201600,Asik,O. Asik,0,0,0,,0,0,0,0,v,Asik REBOUND (Off:0 Def:2),Rebound,Unknown,0,0
130,151,PT11M35.00S,2,1610612745,HOU,203093,Jones,T. Jones,0,0,0,,0,0,0,0,v,Jones 3 Second Violation Turnover (P2.T6),Turnover,3 Second Violation,0,0
131,152,PT11M20.00S,2,1610612750,MIN,203144,Shved,A. Shved,9,7,1,Missed,1,0,0,0,h,MISS Shved 1' Layup,Missed Shot,Layup Shot,0,0
132,153,PT11M19.00S,2,1610612745,HOU,201600,Asik,O. Asik,0,0,0,,0,0,0,0,v,Asik REBOUND (Off:0 Def:3),Rebound,Unknown,0,0
133,154,PT11M10.00S,2,1610612745,HOU,201956,Casspi,O. Casspi,-232,17,0,Missed,1,0,0,0,v,MISS Casspi  3PT Jump Shot,Missed Shot,Jump Shot,0,0
134,155,PT11M08.00S,2,1610612745,HOU,201600,Asik,O. Asik,0,0,0,,0,0,0,0,v,Asik REBOUND (Off:1 Def:3),Rebound,Unknown,0,0
135,156,PT11M07.00S,2,1610612745,HOU,201600,Asik,O. Asik,1,6,1,Made,1,28,36,64,v,Asik 1' Slam Dunk (2 PTS),Made Shot,Slam Dunk Shot,0,0
136,157,PT10M51.00S,2,1610612750,MIN,203144,Shved,A. Shved,-13,12,2,Missed,1,0,0,0,h,MISS Shved 2' Running Layup,Missed Shot,Running Layup Shot,0,0
137,158,PT10M50.00S,2,1610612745,HOU,201600,Asik,O. Asik,0,0,0,,0,0,0,0,v,Asik REBOUND (Off:1 Def:4),Rebound,Unknown,0,0
138,159,PT10M35.00S,2,1610612745,HOU,203093,Jones,T. Jones,40,25,5,Missed,1,0,0,0,v,MISS Jones 5' Running Bank Shot,Missed Shot,Running Bank shot,0,0
139,160,PT10M34.00S,2,0,,1610612745,,,0,0,0,,0,0,0,0,v,Rockets Rebound,Rebound,Unknown,0,0
140,161,PT10M25.00S,2,0,,1610612745,,,0,0,0,,0,0,0,0,v,Rockets Turnover: Shot Clock (T#7),Turnover,Shot Clock Turnover,0,0
141,162,PT10M04.00S,2,1610612750,MIN,201967,Cunningham,D. Cunningham,42,56,7,Made,1,30,36,66,h,Cunningham 7' Running Hook Shot (2 PTS) (Barea 3 AST),Made Shot,Running Hook Shot,0,0
142,163,PT09M55.00S,2,1610612745,HOU,201600,Asik,O. Asik,0,0,0,,0,0,0,0,v,Asik Traveling Turnover (P1.T8),Turnover,Traveling,0,0
143,164,PT09M47.00S,2,1610612745,HOU,201976,Beverley,P. Beverley,0,0,0,,0,0,0,0,v,Beverley S.FOUL (P2.T1),Foul,Shooting,0,0
144,165,PT09M47.00S,2,1610612750,MIN,200826,Barea,J. Barea,0,0,0,,0,31,36,67,h,Barea Free Throw 1 of 2 (1 PTS),Free Throw,Free Throw 1 of 2,0,0
145,167,PT09M47.00S,2,1610612745,HOU,201600,Asik,O. Asik,0,0,0,,0,0,0,0,v,SUB: Howard FOR Asik,Substitution,,0,0
146,168,PT09M47.00S,2,1610612750,MIN,200826,Barea,J. Barea,0,0,0,,0,32,36,68,h,Barea Free Throw 2 of 2 (2 PTS),Free Throw,Free Throw 2 of 2,0,0
147,170,PT09M25.00S,2,1610612745,HOU,201976,Beverley,P. Beverley,-19,26,3,Missed,1,0,0,0,v,MISS Beverley 3' Jump Shot,Missed Shot,Jump Shot,0,0
148,170,PT09M25.00S,2,1610612750,MIN,203144,Shved,A. Shved,0,0,0,,0,0,0,0,h,Shved BLOCK (1 BLK),,,0,0
149,171,PT09M24.00S,2,1610612750,MIN,203144,Shved,A. Shved,0,0,0,,0,0,0,0,h,Shved REBOUND (Off:0 Def:1),Rebound,Unknown,0,0
150,172,PT09M09.00S,2,1610612745,HOU,201976,Beverley,P. Beverley,0,0,0,,0,0,0,0,v,Beverley P.FOUL (P3.T2),Foul,Personal,0,0
151,173,PT09M09.00S,2,1610612745,HOU,201976,Beverley,P. Beverley,0,0,0,,0,0,0,0,v,SUB: Harden FOR Beverley,Substitution,,0,0
152,174,PT09M09.00S,2,1610612745,HOU,201956,Casspi,O. Casspi,0,0,0,,0,0,0,0,v,SUB: Parsons FOR Casspi,Substitution,,0,0
153,175,PT09M04.00S,2,1610612750,MIN,200826,Barea,J. Barea,-136,206,25,Missed,1,0,0,0,h,MISS Barea 25' 3PT Jump Shot,Missed Shot,Jump Shot,0,0
154,176,PT09M03.00S,2,1610612750,MIN,201967,Cunningham,D. Cunningham,0,0,0,,0,0,0,0,h,Cunningham REBOUND (Off:2 Def:1),Rebound,Unknown,0,0
155,177,PT08M50.00S,2,1610612750,MIN,200826,Barea,J. Barea,17,4,2,Made,1,34,36,70,h,Barea 2' Driving Layup (4 PTS),Made Shot,Driving Layup Shot,0,0
156,178,PT08M43.00S,2,1610612750,MIN,201967,Cunningham,D. Cunningham,0,0,0,,0,0,0,0,h,Cunningham P.FOUL (P1.T1),Foul,Personal,0,0
157,179,PT08M43.00S,2,0,,0,,,0,0,0,,0,0,0,0,,Timeout: Regular,Timeout,Regular,0,0
158,181,PT08M27.00S,2,1610612745,HOU,202718,Parsons,C. Parsons,10,9,1,Made,1,34,38,72,v,Parsons 1' Layup (9 PTS) (Howard 1 AST),Made Shot,Layup Shot,0,0
159,182,PT08M27.00S,2,1610612750,MIN,201967,Cunningham,D. Cunningham,0,0,0,,0,0,0,0,h,Cunningham S.FOUL (P2.T2),Foul,Shooting,0,0
160,183,PT08M27.00S,2,1610612745,HOU,202718,Parsons,C. Parsons,0,0,0,,0,34,39,73,v,Parsons Free Throw 1 of 1 (10 PTS),Free Throw,Free Throw 1 of 1,0,0
161,185,PT08M12.00S,2,1610612750,MIN,201601,Mbah a Moute,L. Mbah a Moute,-13,0,1,Made,1,36,39,75,h,Mbah a Moute 1' Driving Layup (2 PTS) (Barea 4 AST),Made Shot,Driving Layup Shot,0,0
162,186,PT08M07.00S,2,1610612745,HOU,201935,Harden,J. Harden,152,200,25,Missed,1,0,0,0,v,MISS Harden 25' 3PT Jump Shot,Missed Shot,Jump Shot,0,0
163,187,PT08M06.00S,2,1610612750,MIN,200826,Barea,J. Barea,0,0,0,,0,0,0,0,h,Barea REBOUND (Off:0 Def:1),Rebound,Unknown,0,0
164,188,PT08M03.00S,2,1610612750,MIN,200826,Barea,J. Barea,0,0,0,,0,0,0,0,h,Barea Bad Pass Turnover (P2.T5),Turnover,Bad Pass,0,0
165,188,PT08M03.00S,2,1610612745,HOU,201935,Harden,J. Harden,0,0,0,,0,0,0,0,v,Harden STEAL (1 STL),,,0,0
166,189,PT07M51.00S,2,1610612745,HOU,201935,Harden,J. Harden,-32,33,5,Missed,1,0,0,0,v,MISS Harden 5' Jump Shot,Missed Shot,Jump Shot,0,0
167,191,PT07M50.00S,2,1610612745,HOU,2730,Howard,D. Howard,0,0,0,,0,0,0,0,v,Howard REBOUND (Off:3 Def:2),Rebound,Unknown,0,0
168,190,PT07M50.00S,2,1610612745,HOU,2730,Howard,D. Howard,0,9,1,Made,1,36,41,77,v,Howard 1' Tip Shot (5 PTS),Made Shot,Tip Shot,0,0
169,192,PT07M33.00S,2,1610612745,HOU,202718,Parsons,C. Parsons,0,0,0,,0,0,0,0,v,Parsons P.FOUL (P1.T3),Foul,Personal,0,0
170,193,PT07M23.00S,2,1610612750,MIN,203144,Shved,A. Shved,143,225,27,Made,1,39,41,80,h,Shved 27' 3PT Pullup Jump Shot (6 PTS),Made Shot,Pullup Jump shot,0,0
171,194,PT07M02.00S,2,1610612750,MIN,203476,Dieng,G. Dieng,0,0,0,,0,0,0,0,h,Dieng S.FOUL (P1.T3),Foul,Shooting,0,0
172,195,PT07M02.00S,2,1610612745,HOU,2730,Howard,D. Howard,0,0,0,,0,39,42,81,v,Howard Free Throw 1 of 2 (6 PTS),Free Throw,Free Throw 1 of 2,0,0
173,197,PT07M02.00S,2,1610612745,HOU,2730,Howard,D. Howard,0,0,0,,0,39,43,82,v,Howard Free Throw 2 of 2 (7 PTS),Free Throw,Free Throw 2 of 2,0,0
174,199,PT06M46.00S,2,1610612750,MIN,201601,Mbah a Moute,L. Mbah a Moute,-171,44,18,Made,1,41,43,84,h,Mbah a Moute 18' Jump Shot (4 PTS) (Barea 5 AST),Made Shot,Jump Shot,0,0
175,200,PT06M30.00S,2,1610612745,HOU,2730,Howard,D. Howard,-23,1,2,Made,1,41,45,86,v,Howard 2' Layup (9 PTS) (Harden 3 AST),Made Shot,Layup Shot,0,0
176,201,PT06M30.00S,2,1610612750,MIN,203476,Dieng,G. Dieng,0,0,0,,0,0,0,0,h,Dieng S.FOUL (P2.T4),Foul,Shooting,0,0
177,202,PT06M30.00S,2,1610612745,HOU,2730,Howard,D. Howard,0,0,0,,0,41,46,87,v,Howard Free Throw 1 of 1 (10 PTS),Free Throw,Free Throw 1 of 1,0,0
178,204,PT06M18.00S,2,1610612750,MIN,203144,Shved,A. Shved,9,0,1,Made,1,43,46,89,h,Shved 1' Driving Dunk (8 PTS),Made Shot,Driving Dunk Shot,0,0
179,205,PT06M09.00S,2,1610612745,HOU,2730,Howard,D. Howard,-16,-2,2,Made,1,43,48,91,v,Howard 2' Alley Oop Dunk (12 PTS) (Harden 4 AST),Made Shot,Alley Oop Dunk Shot,0,0
180,206,PT05M51.00S,2,1610612750,MIN,201601,Mbah a Moute,L. Mbah a Moute,0,0,0,,0,0,0,0,h,Mbah a Moute Offensive Charge Foul (P1.PN),Foul,Offensive Charge,0,0
181,207,PT05M51.00S,2,1610612750,MIN,201601,Mbah a Moute,L. Mbah a Moute,0,0,0,,0,0,0,0,h,Mbah a Moute Foul Turnover (P1.T6),Turnover,Foul,0,0
182,208,PT05M51.00S,2,0,,1610612750,,,0,0,0,,0,0,0,0,h,TIMBERWOLVES Timeout: Regular (Full 2 Short 0),Timeout,Regular,0,0
183,210,PT05M51.00S,2,1610612750,MIN,203476,Dieng,G. Dieng,0,0,0,,0,0,0,0,h,SUB: Turiaf FOR Dieng,Substitution,,0,0
184,211,PT05M51.00S,2,1610612750,MIN,201967,Cunningham,D. Cunningham,0,0,0,,0,0,0,0,h,SUB: Love FOR Cunningham,Substitution,,0,0
185,212,PT05M51.00S,2,1610612750,MIN,200826,Barea,J. Barea,0,0,0,,0,0,0,0,h,SUB: Rubio FOR Barea,Substitution,,0,0
186,213,PT05M34.00S,2,1610612745,HOU,2730,Howard,D. Howard,-60,22,6,Missed,1,0,0,0,v,MISS Howard 6' Turnaround Jump Shot,Missed Shot,Turnaround Jump Shot,0,0
187,214,PT05M33.00S,2,1610612750,MIN,101142,Turiaf,R. Turiaf,0,0,0,,0,0,0,0,h,Turiaf REBOUND (Off:1 Def:5),Rebound,Unknown,0,0
188,215,PT05M11.00S,2,1610612750,MIN,201567,Love,K. Love,0,0,0,,0,0,0,0,h,Love Bad Pass Turnover (P2.T7),Turnover,Bad Pass,0,0
189,215,PT05M11.00S,2,1610612745,HOU,2730,Howard,D. Howard,0,0,0,,0,0,0,0,v,Howard STEAL (1 STL),,,0,0
190,216,PT05M01.00S,2,1610612745,HOU,201935,Harden,J. Harden,15,0,2,Made,1,43,50,93,v,Harden 2' Driving Layup (12 PTS) (Parsons 6 AST),Made Shot,Driving Layup Shot,0,0
191,217,PT04M46.00S,2,1610612750,MIN,201567,Love,K. Love,-155,194,25,Missed,1,0,0,0,h,MISS Love 25' 3PT Jump Shot,Missed Shot,Jump Shot,0,0
192,218,PT04M45.00S,2,1610612745,HOU,201935,Harden,J. Harden,0,0,0,,0,0,0,0,v,Harden REBOUND (Off:0 Def:4),Rebound,Unknown,0,0
193,219,PT04M40.00S,2,1610612745,HOU,203093,Jones,T. Jones,7,1,1,Made,1,43,52,95,v,Jones 1' Dunk (8 PTS) (Harden 5 AST),Made Shot,Dunk Shot,0,0
194,220,PT04M27.00S,2,1610612750,MIN,201567,Love,K. Love,-4,52,5,Made,1,45,52,97,h,Love 5' Jump Hook Shot (19 PTS) (Shved 1 AST),Made Shot,Jump Hook Shot,0,0
195,221,PT04M08.00S,2,1610612745,HOU,202718,Parsons,C. Parsons,10,11,1,Made,1,45,54,99,v,Parsons 1' Running Finger Roll Layup (12 PTS),Made Shot,Running Finger Roll Layup Shot,0,0
196,222,PT03M47.00S,2,1610612750,MIN,201937,Rubio,R. Rubio,0,0,0,,0,0,0,0,h,Rubio Bad Pass Turnover (P2.T8),Turnover,Bad Pass,0,0
197,222,PT03M47.00S,2,1610612745,HOU,203093,Jones,T. Jones,0,0,0,,0,0,0,0,v,Jones STEAL (1 STL),,,0,0
198,223,PT03M43.00S,2,1610612745,HOU,203093,Jones,T. Jones,9,6,1,Made,1,45,56,101,v,Jones 1' Layup (10 PTS) (Lin 1 AST),Made Shot,Layup Shot,0,0
199,224,PT03M24.00S,2,1610612750,MIN,201567,Love,K. Love,-106,55,12,Made,1,47,56,103,h,Love 12' Jump Bank Shot (21 PTS),Made Shot,Jump Bank Shot,0,0
200,225,PT03M10.00S,2,1610612745,HOU,201935,Harden,J. Harden,23,14,3,Missed,1,0,0,0,v,MISS Harden 3' Driving Layup,Missed Shot,Driving Layup Shot,0,0
201,226,PT03M09.00S,2,1610612750,MIN,201937,Rubio,R. Rubio,0,0,0,,0,0,0,0,h,Rubio REBOUND (Off:0 Def:3),Rebound,Unknown,0,0
202,227,PT03M06.00S,2,1610612750,MIN,203144,Shved,A. Shved,6,0,1,Made,1,49,56,105,h,Shved 1' Driving Layup (10 PTS) (Rubio 4 AST),Made Shot,Driving Layup Shot,0,0
203,228,PT03M06.00S,2,1610612745,HOU,202718,Parsons,C. Parsons,0,0,0,,0,0,0,0,v,Parsons S.FOUL (P2.T4),Foul,Shooting,0,0
204,229,PT03M06.00S,2,0,,1610612745,,,0,0,0,,0,0,0,0,v,Rockets Timeout: Regular (Reg.2 Short 0),Timeout,Regular,0,0
205,231,PT03M06.00S,2,1610612745,HOU,203093,Jones,T. Jones,0,0,0,,0,0,0,0,v,SUB: Motiejunas FOR Jones,Substitution,,0,0
206,232,PT03M06.00S,2,1610612750,MIN,203144,Shved,A. Shved,0,0,0,,0,50,56,106,h,Shved Free Throw 1 of 1 (11 PTS),Free Throw,Free Throw 1 of 1,0,0
207,234,PT02M54.00S,2,1610612745,HOU,202718,Parsons,C. Parsons,103,167,20,Missed,1,0,0,0,v,MISS Parsons 20' Jump Shot,Missed Shot,Jump Shot,0,0
208,235,PT02M53.00S,2,1610612750,MIN,201567,Love,K. Love,0,0,0,,0,0,0,0,h,Love REBOUND (Off:2 Def:2),Rebound,Unknown,0,0
209,236,PT02M37.00S,2,1610612750,MIN,201937,Rubio,R. Rubio,149,201,25,Missed,1,0,0,0,h,MISS Rubio 25' 3PT Jump Shot,Missed Shot,Jump Shot,0,0
210,237,PT02M36.00S,2,1610612745,HOU,2730,Howard,D. Howard,0,0,0,,0,0,0,0,v,Howard REBOUND (Off:3 Def:3),Rebound,Unknown,0,0
211,238,PT02M14.00S,2,1610612745,HOU,202700,Motiejunas,D. Motiejunas,-177,176,25,Made,1,50,59,109,v,Motiejunas 25' 3PT Jump Shot (3 PTS) (Lin 2 AST),Made Shot,Jump Shot,0,0
212,239,PT02M00.00S,2,1610612750,MIN,201937,Rubio,R. Rubio,12,11,2,Made,1,52,59,111,h,Rubio 2' Driving Layup (5 PTS),Made Shot,Driving Layup Shot,0,0
213,240,PT01M46.00S,2,1610612745,HOU,202391,Lin,J. Lin,0,0,0,,0,0,0,0,v,Lin Bad Pass Turnover (P1.T9),Turnover,Bad Pass,0,0
214,240,PT01M46.00S,2,1610612750,MIN,203144,Shved,A. Shved,0,0,0,,0,0,0,0,h,Shved STEAL (1 STL),,,0,0
215,241,PT01M37.00S,2,1610612750,MIN,203144,Shved,A. Shved,92,249,27,Missed,1,0,0,0,h,MISS Shved 27' 3PT Jump Shot,Missed Shot,Jump Shot,0,0
216,242,PT01M36.00S,2,1610612745,HOU,2730,Howard,D. Howard,0,0,0,,0,0,0,0,v,Howard REBOUND (Off:3 Def:4),Rebound,Unknown,0,0
217,243,PT01M26.00S,2,1610612745,HOU,201935,Harden,J. Harden,0,-3,0,Missed,1,0,0,0,v,MISS Harden  Layup,Missed Shot,Layup Shot,0,0
218,244,PT01M25.00S,2,1610612750,MIN,201601,Mbah a Moute,L. Mbah a Moute,0,0,0,,0,0,0,0,h,Mbah a Moute REBOUND (Off:0 Def:1),Rebound,Unknown,0,0
219,245,PT01M18.00S,2,1610612745,HOU,202718,Parsons,C. Parsons,0,0,0,,0,0,0,0,v,Parsons P.FOUL (P3.PN),Foul,Personal,0,0
220,246,PT01M18.00S,2,1610612750,MIN,201567,Love,K. Love,0,0,0,,0,53,59,112,h,Love Free Throw 1 of 2 (22 PTS),Free Throw,Free Throw 1 of 2,0,0
221,248,PT01M18.00S,2,1610612750,MIN,203144,Shved,A. Shved,0,0,0,,0,0,0,0,h,SUB: Budinger FOR Shved,Substitution,,0,0
222,249,PT01M18.00S,2,1610612745,HOU,202718,Parsons,C. Parsons,0,0,0,,0,0,0,0,v,SUB: Casspi FOR Parsons,Substitution,,0,0
223,250,PT01M18.00S,2,1610612750,MIN,201567,Love,K. Love,0,0,0,,0,54,59,113,h,Love Free Throw 2 of 2 (23 PTS),Free Throw,Free Throw 2 of 2,0,0
224,252,PT01M08.00S,2,1610612745,HOU,2730,Howard,D. Howard,0,0,0,,0,0,0,0,v,Howard Lost Ball Turnover (P3.T10),Turnover,Lost Ball,0,0
225,252,PT01M08.00S,2,1610612750,MIN,101142,Turiaf,R. Turiaf,0,0,0,,0,0,0,0,h,Turiaf STEAL (1 STL),,,0,0
226,253,PT01M00.00S,2,1610612750,MIN,201567,Love,K. Love,-125,225,26,Missed,1,0,0,0,h,MISS Love 26' 3PT Jump Shot,Missed Shot,Jump Shot,0,0
227,254,PT00M59.90S,2,1610612745,HOU,202391,Lin,J. Lin,0,0,0,,0,0,0,0,v,Lin REBOUND (Off:0 Def:1),Rebound,Unknown,0,0
228,255,PT00M56.40S,2,1610612745,HOU,202700,Motiejunas,D. Motiejunas,0,-2,0,Made,1,54,61,115,v,Motiejunas  Layup (5 PTS) (Lin 3 AST),Made Shot,Layup Shot,0,0
229,256,PT00M56.40S,2,1610612750,MIN,201937,Rubio,R. Rubio,0,0,0,,0,0,0,0,h,Rubio S.FOUL (P1.PN),Foul,Shooting,0,0
230,257,PT00M56.40S,2,1610612745,HOU,202700,Motiejunas,D. Motiejunas,0,0,0,,0,54,62,116,v,Motiejunas Free Throw 1 of 1 (6 PTS),Free Throw,Free Throw 1 of 1,0,0
231,259,PT00M47.20S,2,1610612745,HOU,202391,Lin,J. Lin,0,0,0,,0,0,0,0,v,Lin P.FOUL (P1.PN),Foul,Personal,0,0
232,260,PT00M47.20S,2,1610612750,MIN,201937,Rubio,R. Rubio,0,0,0,,0,55,62,117,h,Rubio Free Throw 1 of 2 (6 PTS),Free Throw,Free Throw 1 of 2,0,0
233,262,PT00M47.20S,2,1610612750,MIN,201937,Rubio,R. Rubio,0,0,0,,0,56,62,118,h,Rubio Free Throw 2 of 2 (7 PTS),Free Throw,Free Throw 2 of 2,0,0
234,264,PT00M34.90S,2,1610612745,HOU,202391,Lin,J. Lin,-51,6,5,Missed,1,0,0,0,v,MISS Lin 5' Jump Shot,Missed Shot,Jump Shot,0,0
235,264,PT00M34.90S,2,1610612750,MIN,201937,Rubio,R. Rubio,0,0,0,,0,0,0,0,h,Rubio BLOCK (1 BLK),,,0,0
236,265,PT00M33.50S,2,1610612750,MIN,201937,Rubio,R. Rubio,0,0,0,,0,0,0,0,h,Rubio REBOUND (Off:0 Def:4),Rebound,Unknown,0,0
237,266,PT00M28.90S,2,1610612750,MIN,201978,Budinger,C. Budinger,237,33,24,Missed,1,0,0,0,h,MISS Budinger 24' 3PT Jump Shot,Missed Shot,Jump Shot,0,0
238,267,PT00M26.90S,2,1610612745,HOU,201956,Casspi,O. Casspi,0,0,0,,0,0,0,0,v,Casspi REBOUND (Off:0 Def:2),Rebound,Unknown,0,0
239,268,PT00M26.40S,2,1610612750,MIN,201937,Rubio,R. Rubio,0,0,0,,0,0,0,0,h,Rubio P.FOUL (P2.PN),Foul,Personal,0,0
240,269,PT00M26.40S,2,1610612745,HOU,201956,Casspi,O. Casspi,0,0,0,,0,56,63,119,v,Casspi Free Throw 1 of 2 (1 PTS),Free Throw,Free Throw 1 of 2,0,0
241,271,PT00M26.40S,2,1610612745,HOU,201956,Casspi,O. Casspi,0,0,0,,0,56,64,120,v,Casspi Free Throw 2 of 2 (2 PTS),Free Throw,Free Throw 2 of 2,0,0
242,273,PT00M19.70S,2,0,,1610612750,,,0,0,0,,0,0,0,0,h,TIMBERWOLVES Timeout: Short (Full 2 Short 1),Timeout,Short,0,0
243,274,PT00M05.90S,2,1610612750,MIN,201567,Love,K. Love,239,41,24,Missed,1,0,0,0,h,MISS Love 24' 3PT Jump Shot,Missed Shot,Jump Shot,0,0
244,275,PT00M04.90S,2,1610612750,MIN,201601,Mbah a Moute,L. Mbah a Moute,0,0,0,,0,0,0,0,h,Mbah a Moute REBOUND (Off:1 Def:1),Rebound,Unknown,0,0
245,276,PT00M04.20S,2,1610612750,MIN,201601,Mbah a Moute,L. Mbah a Moute,-18,22,3,Made,1,58,64,122,h,Mbah a Moute 3' Layup (6 PTS),Made Shot,Layup Shot,0,0
246,277,PT00M01.00S,2,1610612745,HOU,201935,Harden,J. Harden,-62,241,25,Made,1,58,67,125,v,Harden 25' 3PT Pullup Jump Shot (15 PTS),Made Shot,Pullup Jump shot,0,0
247,278,PT00M00.00S,2,0,,277,,,0,0,0,,0,0,0,0,,Support Ruling,Instant Replay,Support Ruling,0,0
248,280,PT00M00.00S,2,0,,0,,,0,0,0,,0,58,67,125,,End of 2nd Period (9:12 PM EST),period,end,0,0
249,282,PT12M00.00S,3,0,,0,,,0,0,0,,0,58,67,125,,Start of 3rd Period (9:28 PM EST),period,start,0,0
250,283,PT11M45.00S,3,1610612750,MIN,201978,Budinger,C. Budinger,-2,19,2,Missed,1,0,0,0,h,MISS Budinger 2' Layup,Missed Shot,Layup Shot,0,0
251,284,PT11M44.00S,3,1610612750,MIN,201937,Rubio,R. Rubio,0,0,0,,0,0,0,0,h,Rubio REBOUND (Off:1 Def:4),Rebound,Unknown,0,0
252,285,PT11M38.00S,3,1610612750,MIN,201567,Love,K. Love,-64,225,23,Missed,1,0,0,0,h,MISS Love 23' Jump Shot,Missed Shot,Jump Shot,0,0
253,287,PT11M37.00S,3,1610612750,MIN,201978,Budinger,C. Budinger,0,0,0,,0,0,0,0,h,Budinger REBOUND (Off:1 Def:0),Rebound,Unknown,0,0
254,286,PT11M37.00S,3,1610612750,MIN,201978,Budinger,C. Budinger,-5,3,1,Made,1,60,67,127,h,Budinger 1' Tip Shot (7 PTS),Made Shot,Tip Shot,0,0
255,288,PT11M23.00S,3,1610612745,HOU,2730,Howard,D. Howard,0,0,0,,0,0,0,0,v,Howard OFF.Foul (P2),Foul,Offensive,0,0
256,289,PT11M23.00S,3,1610612745,HOU,2730,Howard,D. Howard,0,0,0,,0,0,0,0,v,Howard Foul Turnover (P4.T11),Turnover,Foul,0,0
257,290,PT11M02.00S,3,1610612750,MIN,201978,Budinger,C. Budinger,61,184,19,Missed,1,0,0,0,h,MISS Budinger 19' Jump Shot,Missed Shot,Jump Shot,0,0
258,291,PT11M01.00S,3,1610612750,MIN,101142,Turiaf,R. Turiaf,0,0,0,,0,0,0,0,h,Turiaf REBOUND (Off:2 Def:5),Rebound,Unknown,0,0
259,292,PT10M59.00S,3,1610612750,MIN,101142,Turiaf,R. Turiaf,2,0,0,Made,1,62,67,129,h,Turiaf  Layup (2 PTS),Made Shot,Layup Shot,0,0
260,293,PT10M44.00S,3,1610612745,HOU,201935,Harden,J. Harden,0,0,0,,0,0,0,0,v,Harden Bad Pass Turnover (P2.T12),Turnover,Bad Pass,0,0
261,293,PT10M44.00S,3,1610612750,MIN,201147,Brewer,C. Brewer,0,0,0,,0,0,0,0,h,Brewer STEAL (1 STL),,,0,0
262,294,PT10M41.00S,3,1610612745,HOU,202718,Parsons,C. Parsons,0,0,0,,0,0,0,0,v,Parsons S.FOUL (P4.T1),Foul,Shooting,0,0
263,295,PT10M41.00S,3,0,,1610612745,,,0,0,0,,0,0,0,0,v,Rockets Timeout: Regular (Reg.3 Short 0),Timeout,Regular,0,0
264,297,PT10M41.00S,3,1610612745,HOU,202718,Parsons,C. Parsons,0,0,0,,0,0,0,0,v,SUB: Garcia FOR Parsons,Substitution,,0,0
265,298,PT10M41.00S,3,1610612750,MIN,201978,Budinger,C. Budinger,0,0,0,,0,63,67,130,h,Budinger Free Throw 1 of 2 (8 PTS),Free Throw,Free Throw 1 of 2,0,0
266,300,PT10M41.00S,3,1610612750,MIN,201978,Budinger,C. Budinger,0,0,0,,0,64,67,131,h,Budinger Free Throw 2 of 2 (9 PTS),Free Throw,Free Throw 2 of 2,0,0
267,302,PT10M18.00S,3,1610612745,HOU,201976,Beverley,P. Beverley,31,80,9,Made,1,64,69,133,v,Beverley 9' Running Jump Shot (8 PTS),Made Shot,Running Jump Shot,0,0
268,303,PT09M56.00S,3,1610612750,MIN,201937,Rubio,R. Rubio,-142,205,25,Missed,1,0,0,0,h,MISS Rubio 25' 3PT Jump Shot,Missed Shot,Jump Shot,0,0
269,304,PT09M55.00S,3,1610612745,HOU,2730,Howard,D. Howard,0,0,0,,0,0,0,0,v,Howard REBOUND (Off:3 Def:5),Rebound,Unknown,0,0
270,305,PT09M50.00S,3,1610612750,MIN,201147,Brewer,C. Brewer,0,0,0,,0,0,0,0,h,Brewer S.FOUL (P3.T1),Foul,Shooting,0,0
271,306,PT09M50.00S,3,1610612745,HOU,201935,Harden,J. Harden,0,0,0,,0,64,70,134,v,Harden Free Throw 1 of 2 (16 PTS),Free Throw,Free Throw 1 of 2,0,0
272,308,PT09M50.00S,3,1610612745,HOU,201935,Harden,J. Harden,0,0,0,,0,64,71,135,v,Harden Free Throw 2 of 2 (17 PTS),Free Throw,Free Throw 2 of 2,0,0
273,310,PT09M36.00S,3,1610612750,MIN,201567,Love,K. Love,119,206,24,Missed,1,0,0,0,h,MISS Love 24' 3PT Jump Shot,Missed Shot,Jump Shot,0,0
274,311,PT09M35.00S,3,0,,1610612745,,,0,0,0,,0,0,0,0,v,Rockets Rebound,Rebound,Unknown,0,0
275,312,PT09M24.00S,3,1610612745,HOU,201935,Harden,J. Harden,0,0,0,,0,0,0,0,v,Harden Bad Pass Turnover (P3.T13),Turnover,Bad Pass,0,0
276,312,PT09M24.00S,3,1610612750,MIN,201147,Brewer,C. Brewer,0,0,0,,0,0,0,0,h,Brewer STEAL (2 STL),,,0,0
277,313,PT09M19.00S,3,1610612750,MIN,201937,Rubio,R. Rubio,2,15,2,Missed,1,0,0,0,h,MISS Rubio 2' Driving Layup,Missed Shot,Driving Layup Shot,0,0
278,314,PT09M18.00S,3,1610612745,HOU,2730,Howard,D. Howard,0,0,0,,0,0,0,0,v,Howard REBOUND (Off:3 Def:6),Rebound,Unknown,0,0
279,315,PT09M14.00S,3,1610612750,MIN,201147,Brewer,C. Brewer,0,0,0,,0,0,0,0,h,Brewer S.FOUL (P4.T2),Foul,Shooting,0,0
280,316,PT09M14.00S,3,1610612745,HOU,201935,Harden,J. Harden,0,0,0,,0,64,72,136,v,Harden Free Throw 1 of 2 (18 PTS),Free Throw,Free Throw 1 of 2,0,0
281,318,PT09M14.00S,3,1610612750,MIN,201147,Brewer,C. Brewer,0,0,0,,0,0,0,0,h,SUB: Mbah a Moute FOR Brewer,Substitution,,0,0
282,319,PT09M14.00S,3,1610612745,HOU,201935,Harden,J. Harden,0,0,0,,0,64,73,137,v,Harden Free Throw 2 of 2 (19 PTS),Free Throw,Free Throw 2 of 2,0,0
283,321,PT09M00.00S,3,1610612750,MIN,201978,Budinger,C. Budinger,-112,225,25,Missed,1,0,0,0,h,MISS Budinger 25' 3PT Jump Shot,Missed Shot,Jump Shot,0,0
284,322,PT08M59.00S,3,1610612745,HOU,201935,Harden,J. Harden,0,0,0,,0,0,0,0,v,Harden REBOUND (Off:0 Def:5),Rebound,Unknown,0,0
285,323,PT08M43.00S,3,1610612745,HOU,201976,Beverley,P. Beverley,154,209,26,Made,1,64,76,140,v,Beverley 26' 3PT Jump Shot (11 PTS) (Garcia 1 AST),Made Shot,Jump Shot,0,0
286,324,PT08M24.00S,3,1610612750,MIN,201978,Budinger,C. Budinger,-131,154,20,Missed,1,0,0,0,h,MISS Budinger 20' Jump Shot,Missed Shot,Jump Shot,0,0
287,325,PT08M23.00S,3,1610612745,HOU,2730,Howard,D. Howard,0,0,0,,0,0,0,0,v,Howard REBOUND (Off:3 Def:7),Rebound,Unknown,0,0
288,326,PT08M15.00S,3,1610612745,HOU,101128,Garcia,F. Garcia,225,23,0,Made,1,64,79,143,v,Garcia  3PT Jump Shot (3 PTS) (Beverley 1 AST),Made Shot,Jump Shot,0,0
289,327,PT08M13.00S,3,0,,1610612750,,,0,0,0,,0,0,0,0,h,TIMBERWOLVES Timeout: Regular (Full 3 Short 1),Timeout,Regular,0,0
290,329,PT07M57.00S,3,1610612750,MIN,201567,Love,K. Love,-11,74,7,Missed,1,0,0,0,h,MISS Love 7' Jump Shot,Missed Shot,Jump Shot,0,0
291,329,PT07M57.00S,3,1610612745,HOU,101128,Garcia,F. Garcia,0,0,0,,0,0,0,0,v,Garcia BLOCK (1 BLK),,,0,0
292,330,PT07M55.00S,3,1610612745,HOU,101128,Garcia,F. Garcia,0,0,0,,0,0,0,0,v,Garcia REBOUND (Off:0 Def:1),Rebound,Unknown,0,0
293,331,PT07M54.00S,3,1610612745,HOU,201935,Harden,J. Harden,0,0,0,,0,0,0,0,v,Harden Lost Ball Turnover (P4.T14),Turnover,Lost Ball,0,0
294,331,PT07M54.00S,3,1610612750,MIN,201937,Rubio,R. Rubio,0,0,0,,0,0,0,0,h,Rubio STEAL (1 STL),,,0,0
295,333,PT07M42.00S,3,1610612750,MIN,201567,Love,K. Love,0,0,0,,0,0,0,0,h,Love Bad Pass Turnover (P3.T9),Turnover,Bad Pass,0,0
296,334,PT07M25.00S,3,1610612745,HOU,203093,Jones,T. Jones,146,153,21,Missed,1,0,0,0,v,MISS Jones 21' Jump Shot,Missed Shot,Jump Shot,0,0
297,335,PT07M24.00S,3,1610612745,HOU,201976,Beverley,P. Beverley,0,0,0,,0,0,0,0,v,Beverley REBOUND (Off:1 Def:1),Rebound,Unknown,0,0
298,336,PT07M16.00S,3,1610612745,HOU,101128,Garcia,F. Garcia,136,216,26,Missed,1,0,0,0,v,MISS Garcia 26' 3PT Jump Shot,Missed Shot,Jump Shot,0,0
299,337,PT07M12.00S,3,1610612745,HOU,201976,Beverley,P. Beverley,0,0,0,,0,0,0,0,v,Beverley REBOUND (Off:2 Def:1),Rebound,Unknown,0,0
300,338,PT06M56.00S,3,1610612745,HOU,203093,Jones,T. Jones,-97,33,10,Missed,1,0,0,0,v,MISS Jones 10' Jump Hook Shot,Missed Shot,Jump Hook Shot,0,0
301,339,PT06M55.00S,3,1610612750,MIN,201978,Budinger,C. Budinger,0,0,0,,0,0,0,0,h,Budinger REBOUND (Off:1 Def:1),Rebound,Unknown,0,0
302,340,PT06M48.00S,3,1610612750,MIN,201937,Rubio,R. Rubio,10,168,17,Missed,1,0,0,0,h,MISS Rubio 17' Jump Shot,Missed Shot,Jump Shot,0,0
303,341,PT06M46.00S,3,1610612745,HOU,201976,Beverley,P. Beverley,0,0,0,,0,0,0,0,v,Beverley REBOUND (Off:2 Def:2),Rebound,Unknown,0,0
304,342,PT06M21.00S,3,1610612745,HOU,201976,Beverley,P. Beverley,177,186,26,Missed,1,0,0,0,v,MISS Beverley 26' 3PT Jump Shot,Missed Shot,Jump Shot,0,0
305,343,PT06M20.00S,3,1610612745,HOU,201976,Beverley,P. Beverley,0,0,0,,0,0,0,0,v,Beverley REBOUND (Off:3 Def:2),Rebound,Unknown,0,0
306,344,PT06M17.00S,3,1610612745,HOU,201935,Harden,J. Harden,36,246,25,Missed,1,0,0,0,v,MISS Harden 25' 3PT Jump Shot,Missed Shot,Jump Shot,0,0
307,345,PT06M17.00S,3,0,,1610612745,,,0,0,0,,0,0,0,0,v,Rockets Rebound,Rebound,Unknown,0,0
308,346,PT06M17.00S,3,1610612750,MIN,101142,Turiaf,R. Turiaf,0,0,0,,0,0,0,0,h,Turiaf L.B.FOUL (P2.T3),Foul,Loose Ball,0,0
309,348,PT05M52.00S,3,1610612745,HOU,201976,Beverley,P. Beverley,-228,23,0,Missed,1,0,0,0,v,MISS Beverley  3PT Jump Shot,Missed Shot,Jump Shot,0,0
310,349,PT05M51.00S,3,0,,1610612750,,,0,0,0,,0,0,0,0,h,TIMBERWOLVES Rebound,Rebound,Unknown,0,0
311,350,PT05M37.00S,3,1610612750,MIN,201978,Budinger,C. Budinger,6,3,1,Made,1,66,79,145,h,Budinger 1' Driving Layup (11 PTS),Made Shot,Driving Layup Shot,0,0
312,351,PT05M18.00S,3,1610612745,HOU,2730,Howard,D. Howard,53,41,7,Made,1,66,81,147,v,Howard 7' Jump Bank Shot (14 PTS),Made Shot,Jump Bank Shot,0,0
313,352,PT05M05.00S,3,1610612750,MIN,201601,Mbah a Moute,L. Mbah a Moute,-196,123,23,Made,1,68,81,149,h,Mbah a Moute 23' Jump Shot (8 PTS) (Rubio 5 AST),Made Shot,Jump Shot,0,0
314,353,PT04M45.00S,3,1610612745,HOU,201976,Beverley,P. Beverley,39,66,8,Missed,1,0,0,0,v,MISS Beverley 8' Jump Shot,Missed Shot,Jump Shot,0,0
315,354,PT04M44.00S,3,1610612750,MIN,201937,Rubio,R. Rubio,0,0,0,,0,0,0,0,h,Rubio REBOUND (Off:1 Def:5),Rebound,Unknown,0,0
316,355,PT04M41.00S,3,1610612745,HOU,101128,Garcia,F. Garcia,0,0,0,,0,0,0,0,v,Garcia S.FOUL (P1.T2),Foul,Shooting,0,0
317,356,PT04M41.00S,3,1610612750,MIN,201978,Budinger,C. Budinger,0,0,0,,0,69,81,150,h,Budinger Free Throw 1 of 2 (12 PTS),Free Throw,Free Throw 1 of 2,0,0
318,358,PT04M41.00S,3,1610612745,HOU,201976,Beverley,P. Beverley,0,0,0,,0,0,0,0,v,SUB: Lin FOR Beverley,Substitution,,0,0
319,359,PT04M41.00S,3,1610612750,MIN,201978,Budinger,C. Budinger,0,0,0,,0,70,81,151,h,Budinger Free Throw 2 of 2 (13 PTS),Free Throw,Free Throw 2 of 2,0,0
320,361,PT04M16.00S,3,1610612745,HOU,101128,Garcia,F. Garcia,195,176,26,Missed,1,0,0,0,v,MISS Garcia 26' 3PT Jump Shot,Missed Shot,Jump Shot,0,0
321,362,PT04M15.00S,3,1610612750,MIN,101142,Turiaf,R. Turiaf,0,0,0,,0,0,0,0,h,Turiaf REBOUND (Off:2 Def:6),Rebound,Unknown,0,0
322,363,PT04M07.00S,3,1610612745,HOU,203093,Jones,T. Jones,0,0,0,,0,0,0,0,v,Jones P.FOUL (P3.T3),Foul,Personal,0,0
323,364,PT04M07.00S,3,1610612745,HOU,203093,Jones,T. Jones,0,0,0,,0,0,0,0,v,SUB: Motiejunas FOR Jones,Substitution,,0,0
324,365,PT03M58.00S,3,1610612750,MIN,101142,Turiaf,R. Turiaf,1,1,0,Missed,1,0,0,0,h,MISS Turiaf  Layup,Missed Shot,Layup Shot,0,0
325,366,PT03M56.00S,3,1610612745,HOU,202700,Motiejunas,D. Motiejunas,0,0,0,,0,0,0,0,v,Motiejunas REBOUND (Off:0 Def:1),Rebound,Unknown,0,0
326,367,PT03M38.00S,3,1610612745,HOU,201935,Harden,J. Harden,121,217,25,Missed,1,0,0,0,v,MISS Harden 25' 3PT Jump Shot,Missed Shot,Jump Shot,0,0
327,368,PT03M37.00S,3,0,,1610612750,,,0,0,0,,0,0,0,0,h,TIMBERWOLVES Rebound,Rebound,Unknown,0,0
328,369,PT03M37.00S,3,1610612745,HOU,2730,Howard,D. Howard,0,0,0,,0,0,0,0,v,Howard L.B.FOUL (P3.T4),Foul,Loose Ball,0,0
329,370,PT03M27.00S,3,1610612750,MIN,201567,Love,K. Love,1,195,20,Made,1,72,81,153,h,Love 20' Jump Shot (25 PTS) (Rubio 6 AST),Made Shot,Jump Shot,0,0
330,371,PT03M02.00S,3,1610612750,MIN,201937,Rubio,R. Rubio,0,0,0,,0,0,0,0,h,Rubio P.FOUL (P3.T4),Foul,Personal,0,0
331,372,PT03M02.00S,3,1610612745,HOU,2730,Howard,D. Howard,0,0,0,,0,0,0,0,v,SUB: Asik FOR Howard,Substitution,,0,0
332,373,PT02M47.00S,3,1610612745,HOU,201935,Harden,J. Harden,12,78,8,Missed,1,0,0,0,v,MISS Harden 8' Jump Shot,Missed Shot,Jump Shot,0,0
333,374,PT02M46.00S,3,0,,1610612745,,,0,0,0,,0,0,0,0,v,Rockets Rebound,Rebound,Unknown,0,0
334,375,PT02M46.00S,3,0,,1610612745,,,0,0,0,,0,0,0,0,v,Rockets Turnover: Shot Clock (T#15),Turnover,Shot Clock Turnover,0,0
335,376,PT02M46.00S,3,1610612750,MIN,101142,Turiaf,R. Turiaf,0,0,0,,0,0,0,0,h,SUB: Cunningham FOR Turiaf,Substitution,,0,0
336,377,PT02M29.00S,3,1610612750,MIN,201567,Love,K. Love,-4,12,1,Missed,1,0,0,0,h,MISS Love 1' Layup,Missed Shot,Layup Shot,0,0
337,378,PT02M28.00S,3,1610612745,HOU,202700,Motiejunas,D. Motiejunas,0,0,0,,0,0,0,0,v,Motiejunas REBOUND (Off:0 Def:2),Rebound,Unknown,0,0
338,379,PT02M22.00S,3,1610612745,HOU,202391,Lin,J. Lin,7,-3,1,Missed,1,0,0,0,v,MISS Lin 1' Driving Layup,Missed Shot,Driving Layup Shot,0,0
339,380,PT02M21.00S,3,1610612750,MIN,201567,Love,K. Love,0,0,0,,0,0,0,0,h,Love REBOUND (Off:2 Def:3),Rebound,Unknown,0,0
340,381,PT02M09.00S,3,1610612745,HOU,201600,Asik,O. Asik,0,0,0,,0,0,0,0,v,Asik S.FOUL (P1.PN),Foul,Shooting,0,0
341,382,PT02M09.00S,3,1610612750,MIN,201567,Love,K. Love,0,0,0,,0,73,81,154,h,Love Free Throw 1 of 2 (26 PTS),Free Throw,Free Throw 1 of 2,0,0
342,384,PT02M09.00S,3,1610612750,MIN,201978,Budinger,C. Budinger,0,0,0,,0,0,0,0,h,SUB: Shved FOR Budinger,Substitution,,0,0
343,385,PT02M09.00S,3,1610612750,MIN,201567,Love,K. Love,0,0,0,,0,74,81,155,h,Love Free Throw 2 of 2 (27 PTS),Free Throw,Free Throw 2 of 2,0,0
344,388,PT01M57.00S,3,1610612745,HOU,101128,Garcia,F. Garcia,231,25,0,Missed,1,0,0,0,v,MISS Garcia  3PT Jump Shot,Missed Shot,Jump Shot,0,0
345,389,PT01M56.00S,3,1610612750,MIN,201567,Love,K. Love,0,0,0,,0,0,0,0,h,Love REBOUND (Off:2 Def:4),Rebound,Unknown,0,0
346,390,PT01M42.00S,3,1610612750,MIN,201601,Mbah a Moute,L. Mbah a Moute,0,-8,1,Made,1,76,81,157,h,Mbah a Moute 1' Dunk (10 PTS) (Rubio 7 AST),Made Shot,Dunk Shot,0,0
347,391,PT01M23.00S,3,1610612745,HOU,202391,Lin,J. Lin,185,52,19,Missed,1,0,0,0,v,MISS Lin 19' Jump Shot,Missed Shot,Jump Shot,0,0
348,392,PT01M22.00S,3,1610612745,HOU,201600,Asik,O. Asik,0,0,0,,0,0,0,0,v,Asik REBOUND (Off:2 Def:4),Rebound,Unknown,0,0
349,393,PT01M20.00S,3,1610612745,HOU,201600,Asik,O. Asik,-4,7,1,Missed,1,0,0,0,v,MISS Asik 1' Reverse Layup,Missed Shot,Reverse Layup Shot,0,0
350,394,PT01M19.00S,3,1610612750,MIN,201567,Love,K. Love,0,0,0,,0,0,0,0,h,Love REBOUND (Off:2 Def:5),Rebound,Unknown,0,0
351,395,PT01M06.00S,3,1610612750,MIN,201937,Rubio,R. Rubio,0,0,0,,0,0,0,0,h,Rubio Lost Ball Turnover (P3.T10),Turnover,Lost Ball,0,0
352,395,PT01M06.00S,3,1610612745,HOU,202700,Motiejunas,D. Motiejunas,0,0,0,,0,0,0,0,v,Motiejunas STEAL (1 STL),,,0,0
353,396,PT01M01.00S,3,1610612750,MIN,203144,Shved,A. Shved,0,0,0,,0,0,0,0,h,Shved S.FOUL (P1.PN),Foul,Shooting,0,0
354,397,PT01M01.00S,3,1610612745,HOU,201600,Asik,O. Asik,0,0,0,,0,0,0,0,v,MISS Asik Free Throw 1 of 2,Free Throw,Free Throw 1 of 2,0,0
355,398,PT01M01.00S,3,0,,1610612745,,,0,0,0,,0,0,0,0,v,Rockets Rebound,Rebound,Normal Rebound,0,0
356,399,PT01M01.00S,3,1610612745,HOU,201935,Harden,J. Harden,0,0,0,,0,0,0,0,v,SUB: Beverley FOR Harden,Substitution,,0,0
357,400,PT01M01.00S,3,1610612750,MIN,201937,Rubio,R. Rubio,0,0,0,,0,0,0,0,h,SUB: Barea FOR Rubio,Substitution,,0,0
358,401,PT01M01.00S,3,1610612745,HOU,201600,Asik,O. Asik,0,0,0,,0,76,82,158,v,Asik Free Throw 2 of 2 (3 PTS),Free Throw,Free Throw 2 of 2,0,0
359,403,PT00M44.80S,3,1610612750,MIN,201567,Love,K. Love,-120,42,13,Made,1,78,82,160,h,Love 13' Jump Bank Shot (29 PTS) (Barea 6 AST),Made Shot,Jump Bank Shot,0,0
360,404,PT00M31.40S,3,1610612745,HOU,201600,Asik,O. Asik,0,0,0,,0,0,0,0,v,Asik 3 Second Violation Turnover (P2.T16),Turnover,3 Second Violation,0,0
361,405,PT00M15.80S,3,1610612750,MIN,203144,Shved,A. Shved,0,0,0,,0,0,0,0,h,Shved Bad Pass Turnover (P1.T11),Turnover,Bad Pass,0,0
362,405,PT00M15.80S,3,1610612745,HOU,201976,Beverley,P. Beverley,0,0,0,,0,0,0,0,v,Beverley STEAL (1 STL),,,0,0
363,407,PT00M00.00S,3,0,,0,,,0,0,0,,0,78,82,160,,End of 3rd Period (9:54 PM EST),period,end,0,0
364,409,PT12M00.00S,4,0,,0,,,0,0,0,,0,78,82,160,,Start of 4th Period (9:56 PM EST),period,start,0,0
365,410,PT11M53.00S,4,1610612745,HOU,2730,Howard,D. Howard,0,0,0,,0,0,0,0,v,Howard Illegal Screen Turnover (P5.T17),Turnover,Illegal Screen Turnover,0,0
366,411,PT11M42.00S,4,1610612750,MIN,203144,Shved,A. Shved,-141,213,26,Missed,1,0,0,0,h,MISS Shved 26' 3PT Jump Shot,Missed Shot,Jump Shot,0,0
367,412,PT11M40.00S,4,1610612745,HOU,2730,Howard,D. Howard,0,0,0,,0,0,0,0,v,Howard REBOUND (Off:3 Def:8),Rebound,Unknown,0,0
368,413,PT11M22.00S,4,1610612745,HOU,2730,Howard,D. Howard,0,0,0,,0,0,0,0,v,Howard OFF.Foul (P4),Foul,Offensive,0,0
369,414,PT11M22.00S,4,1610612745,HOU,2730,Howard,D. Howard,0,0,0,,0,0,0,0,v,Howard Foul Turnover (P6.T18),Turnover,Foul,0,0
370,415,PT11M10.00S,4,1610612750,MIN,200826,Barea,J. Barea,-19,11,2,Missed,1,0,0,0,h,MISS Barea 2' Layup,Missed Shot,Layup Shot,0,0
371,416,PT11M09.00S,4,1610612745,HOU,2730,Howard,D. Howard,0,0,0,,0,0,0,0,v,Howard REBOUND (Off:3 Def:9),Rebound,Unknown,0,0
372,417,PT10M57.00S,4,1610612745,HOU,202718,Parsons,C. Parsons,-101,170,20,Missed,1,0,0,0,v,MISS Parsons 20' Jump Shot,Missed Shot,Jump Shot,0,0
373,418,PT10M55.00S,4,1610612745,HOU,202700,Motiejunas,D. Motiejunas,0,0,0,,0,0,0,0,v,Motiejunas REBOUND (Off:1 Def:2),Rebound,Unknown,0,0
374,419,PT10M45.00S,4,1610612750,MIN,201601,Mbah a Moute,L. Mbah a Moute,0,0,0,,0,0,0,0,h,Mbah a Moute P.FOUL (P2.T1),Foul,Personal,0,0
375,421,PT10M34.00S,4,1610612745,HOU,2730,Howard,D. Howard,-2,44,4,Missed,1,0,0,0,v,MISS Howard 4' Jump Shot,Missed Shot,Jump Shot,0,0
376,422,PT10M33.00S,4,1610612750,MIN,201967,Cunningham,D. Cunningham,0,0,0,,0,0,0,0,h,Cunningham REBOUND (Off:2 Def:2),Rebound,Unknown,0,0
377,423,PT10M18.00S,4,1610612750,MIN,203144,Shved,A. Shved,0,0,0,,0,0,0,0,h,Shved Bad Pass Turnover (P2.T12),Turnover,Bad Pass,0,0
378,423,PT10M18.00S,4,1610612745,HOU,202391,Lin,J. Lin,0,0,0,,0,0,0,0,v,Lin STEAL (1 STL),,,0,0
379,424,PT10M13.00S,4,1610612745,HOU,202718,Parsons,C. Parsons,0,3,0,Made,1,78,84,162,v,Parsons  Layup (14 PTS) (Lin 4 AST),Made Shot,Layup Shot,0,0
380,425,PT09M51.00S,4,1610612750,MIN,200826,Barea,J. Barea,12,6,1,Missed,1,0,0,0,h,MISS Barea 1' Driving Layup,Missed Shot,Driving Layup Shot,0,0
381,425,PT09M51.00S,4,1610612745,HOU,2730,Howard,D. Howard,0,0,0,,0,0,0,0,v,Howard BLOCK (2 BLK),,,0,0
382,426,PT09M50.00S,4,0,,1610612750,,,0,0,0,,0,0,0,0,h,TIMBERWOLVES Rebound,Rebound,Unknown,0,0
383,427,PT09M47.00S,4,1610612750,MIN,203144,Shved,A. Shved,231,34,0,Missed,1,0,0,0,h,MISS Shved  3PT Jump Shot,Missed Shot,Jump Shot,0,0
384,428,PT09M46.00S,4,1610612745,HOU,202718,Parsons,C. Parsons,0,0,0,,0,0,0,0,v,Parsons REBOUND (Off:0 Def:3),Rebound,Unknown,0,0
385,429,PT09M37.00S,4,1610612745,HOU,202700,Motiejunas,D. Motiejunas,230,12,0,Made,1,78,87,165,v,Motiejunas  3PT Jump Shot (9 PTS) (Lin 5 AST),Made Shot,Jump Shot,0,0
386,430,PT09M18.00S,4,1610612750,MIN,200826,Barea,J. Barea,-4,247,25,Missed,1,0,0,0,h,MISS Barea 25' 3PT Jump Shot,Missed Shot,Jump Shot,0,0
387,431,PT09M16.00S,4,1610612750,MIN,201967,Cunningham,D. Cunningham,0,0,0,,0,0,0,0,h,Cunningham REBOUND (Off:3 Def:2),Rebound,Unknown,0,0
388,432,PT09M00.00S,4,1610612750,MIN,203144,Shved,A. Shved,0,0,0,,0,0,0,0,h,Shved Lost Ball Turnover (P3.T13),Turnover,Lost Ball,0,0
389,432,PT09M00.00S,4,1610612745,HOU,201976,Beverley,P. Beverley,0,0,0,,0,0,0,0,v,Beverley STEAL (2 STL),,,0,0
390,433,PT08M55.00S,4,1610612745,HOU,202718,Parsons,C. Parsons,9,15,2,Made,1,78,89,167,v,Parsons 2' Layup (16 PTS) (Lin 6 AST),Made Shot,Layup Shot,0,0
391,434,PT08M43.00S,4,0,,1610612750,,,0,0,0,,0,0,0,0,h,TIMBERWOLVES Timeout: Regular (Full 4 Short 1),Timeout,Regular,0,0
392,436,PT08M43.00S,4,1610612750,MIN,201601,Mbah a Moute,L. Mbah a Moute,0,0,0,,0,0,0,0,h,SUB: Budinger FOR Mbah a Moute,Substitution,,0,0
393,437,PT08M43.00S,4,1610612750,MIN,203476,Dieng,G. Dieng,0,0,0,,0,0,0,0,h,SUB: Love FOR Dieng,Substitution,,0,0
394,438,PT08M24.00S,4,0,,1610612750,,,0,0,0,,0,0,0,0,h,TIMBERWOLVES Turnover: Shot Clock (T#14),Turnover,Shot Clock Turnover,0,0
395,439,PT08M00.00S,4,1610612745,HOU,202700,Motiejunas,D. Motiejunas,-37,36,5,Missed,1,0,0,0,v,MISS Motiejunas 5' Jump Shot,Missed Shot,Jump Shot,0,0
396,440,PT07M59.00S,4,1610612745,HOU,2730,Howard,D. Howard,0,0,0,,0,0,0,0,v,Howard REBOUND (Off:4 Def:9),Rebound,Unknown,0,0
397,441,PT07M58.00S,4,1610612745,HOU,2730,Howard,D. Howard,-4,7,1,Made,1,78,91,169,v,Howard 1' Slam Dunk (16 PTS),Made Shot,Slam Dunk Shot,0,0
398,442,PT07M42.00S,4,1610612750,MIN,203144,Shved,A. Shved,147,131,20,Missed,1,0,0,0,h,MISS Shved 20' Jump Shot,Missed Shot,Jump Shot,0,0
399,443,PT07M41.00S,4,1610612745,HOU,202391,Lin,J. Lin,0,0,0,,0,0,0,0,v,Lin REBOUND (Off:0 Def:2),Rebound,Unknown,0,0
400,444,PT07M33.00S,4,1610612750,MIN,200826,Barea,J. Barea,0,0,0,,0,0,0,0,h,Barea P.FOUL (P1.T2),Foul,Personal,0,0
401,445,PT07M31.00S,4,1610612745,HOU,202718,Parsons,C. Parsons,0,0,0,,0,0,0,0,v,Parsons Bad Pass Turnover (P1.T19),Turnover,Bad Pass,0,0
402,445,PT07M31.00S,4,1610612750,MIN,201967,Cunningham,D. Cunningham,0,0,0,,0,0,0,0,h,Cunningham STEAL (1 STL),,,0,0
403,446,PT07M18.00S,4,1610612750,MIN,200826,Barea,J. Barea,225,94,24,Missed,1,0,0,0,h,MISS Barea 24' 3PT Jump Shot,Missed Shot,Jump Shot,0,0
404,447,PT07M16.00S,4,0,,1610612750,,,0,0,0,,0,0,0,0,h,TIMBERWOLVES Rebound,Rebound,Unknown,0,0
405,448,PT07M08.00S,4,1610612750,MIN,201567,Love,K. Love,70,41,8,Missed,1,0,0,0,h,MISS Love 8' Running Jump Shot,Missed Shot,Running Jump Shot,0,0
406,449,PT07M07.00S,4,1610612745,HOU,202700,Motiejunas,D. Motiejunas,0,0,0,,0,0,0,0,v,Motiejunas REBOUND (Off:1 Def:3),Rebound,Unknown,0,0
407,450,PT06M53.00S,4,1610612745,HOU,201976,Beverley,P. Beverley,-150,201,25,Missed,1,0,0,0,v,MISS Beverley 25' 3PT Jump Shot,Missed Shot,Jump Shot,0,0
408,451,PT06M51.00S,4,1610612750,MIN,201567,Love,K. Love,0,0,0,,0,0,0,0,h,Love REBOUND (Off:2 Def:6),Rebound,Unknown,0,0
409,452,PT06M38.00S,4,1610612750,MIN,201967,Cunningham,D. Cunningham,138,146,20,Missed,1,0,0,0,h,MISS Cunningham 20' Jump Shot,Missed Shot,Jump Shot,0,0
410,453,PT06M37.00S,4,1610612750,MIN,201567,Love,K. Love,0,0,0,,0,0,0,0,h,Love REBOUND (Off:3 Def:6),Rebound,Unknown,0,0
411,454,PT06M36.00S,4,1610612745,HOU,202391,Lin,J. Lin,0,0,0,,0,0,0,0,v,Lin P.FOUL (P2.T1),Foul,Personal,0,0
412,455,PT06M36.00S,4,1610612750,MIN,200826,Barea,J. Barea,0,0,0,,0,0,0,0,h,SUB: Rubio FOR Barea,Substitution,,0,0
413,456,PT06M36.00S,4,1610612750,MIN,203144,Shved,A. Shved,0,0,0,,0,0,0,0,h,SUB: Brewer FOR Shved,Substitution,,0,0
414,457,PT06M36.00S,4,1610612745,HOU,202700,Motiejunas,D. Motiejunas,0,0,0,,0,0,0,0,v,SUB: Jones FOR Motiejunas,Substitution,,0,0
415,458,PT06M28.00S,4,1610612750,MIN,201567,Love,K. Love,0,0,0,,0,0,0,0,h,Love Lost Ball Turnover (P4.T15),Turnover,Lost Ball,0,0
416,458,PT06M28.00S,4,1610612745,HOU,201976,Beverley,P. Beverley,0,0,0,,0,0,0,0,v,Beverley STEAL (3 STL),,,0,0
417,459,PT06M24.00S,4,1610612745,HOU,202718,Parsons,C. Parsons,0,9,1,Made,1,78,93,171,v,Parsons 1' Dunk (18 PTS) (Jones 1 AST),Made Shot,Dunk Shot,0,0
418,460,PT06M01.00S,4,1610612750,MIN,201978,Budinger,C. Budinger,0,0,0,,0,0,0,0,h,Budinger Bad Pass Turnover (P1.T16),Turnover,Bad Pass,0,0
419,460,PT06M01.00S,4,1610612745,HOU,203093,Jones,T. Jones,0,0,0,,0,0,0,0,v,Jones STEAL (2 STL),,,0,0
420,461,PT05M56.00S,4,1610612745,HOU,202718,Parsons,C. Parsons,-5,4,1,Missed,1,0,0,0,v,MISS Parsons 1' Layup,Missed Shot,Layup Shot,0,0
421,462,PT05M54.00S,4,1610612750,MIN,201978,Budinger,C. Budinger,0,0,0,,0,0,0,0,h,Budinger REBOUND (Off:1 Def:2),Rebound,Unknown,0,0
422,463,PT05M50.00S,4,1610612745,HOU,201976,Beverley,P. Beverley,0,0,0,,0,0,0,0,v,Beverley P.FOUL (P4.T2),Foul,Personal,0,0
423,465,PT05M50.00S,4,0,,0,,,0,0,0,,0,0,0,0,,Timeout: Regular,Timeout,Regular,0,0
424,467,PT05M50.00S,4,0,,438,Werdann,R. Werdann,0,0,0,,0,0,0,0,,Overturn Ruling,Instant Replay,Overturn Ruling,0,0
425,469,PT05M50.00S,4,1610612750,MIN,201967,Cunningham,D. Cunningham,0,0,0,,0,0,0,0,h,SUB: Turiaf FOR Cunningham,Substitution,,0,0
426,470,PT05M37.00S,4,1610612750,MIN,201147,Brewer,C. Brewer,-231,33,0,Made,1,81,93,174,h,Brewer  3PT Jump Shot (3 PTS) (Rubio 8 AST),Made Shot,Jump Shot,0,0
427,471,PT05M15.00S,4,1610612745,HOU,2730,Howard,D. Howard,-56,31,6,Made,1,81,95,176,v,Howard 6' Hook Shot (18 PTS),Made Shot,Hook Shot,0,0
428,472,PT05M04.00S,4,1610612750,MIN,201147,Brewer,C. Brewer,-5,15,2,Missed,1,0,0,0,h,MISS Brewer 2' Layup,Missed Shot,Layup Shot,0,0
429,473,PT05M03.00S,4,1610612745,HOU,2730,Howard,D. Howard,0,0,0,,0,0,0,0,v,Howard REBOUND (Off:4 Def:10),Rebound,Unknown,0,0
430,474,PT04M56.00S,4,1610612745,HOU,201976,Beverley,P. Beverley,-157,195,25,Missed,1,0,0,0,v,MISS Beverley 25' 3PT Jump Shot,Missed Shot,Jump Shot,0,0
431,475,PT04M55.00S,4,1610612750,MIN,201978,Budinger,C. Budinger,0,0,0,,0,0,0,0,h,Budinger REBOUND (Off:1 Def:3),Rebound,Unknown,0,0
432,476,PT04M41.00S,4,1610612750,MIN,201567,Love,K. Love,-134,157,21,Missed,1,0,0,0,h,MISS Love 21' Jump Shot,Missed Shot,Jump Shot,0,0
433,477,PT04M39.00S,4,1610612745,HOU,202391,Lin,J. Lin,0,0,0,,0,0,0,0,v,Lin REBOUND (Off:0 Def:3),Rebound,Unknown,0,0
434,478,PT04M27.00S,4,1610612745,HOU,2730,Howard,D. Howard,1,3,0,Missed,1,0,0,0,v,MISS Howard  Layup,Missed Shot,Layup Shot,0,0
435,479,PT04M26.00S,4,1610612750,MIN,101142,Turiaf,R. Turiaf,0,0,0,,0,0,0,0,h,Turiaf REBOUND (Off:2 Def:7),Rebound,Unknown,0,0
436,480,PT04M20.00S,4,1610612745,HOU,201976,Beverley,P. Beverley,0,0,0,,0,0,0,0,v,Beverley P.FOUL (P5.T3),Foul,Personal,0,0
437,481,PT04M16.00S,4,1610612750,MIN,201147,Brewer,C. Brewer,13,0,1,Made,1,83,95,178,h,Brewer 1' Driving Layup (5 PTS) (Love 1 AST),Made Shot,Driving Layup Shot,0,0
438,483,PT03M50.00S,4,1610612745,HOU,201976,Beverley,P. Beverley,-232,58,24,Made,1,83,98,181,v,Beverley 24' 3PT Jump Shot (14 PTS) (Howard 2 AST),Made Shot,Jump Shot,0,0
439,484,PT03M31.00S,4,1610612750,MIN,201937,Rubio,R. Rubio,0,-2,0,Missed,1,0,0,0,h,MISS Rubio  Layup,Missed Shot,Layup Shot,0,0
440,485,PT03M29.00S,4,1610612750,MIN,201937,Rubio,R. Rubio,0,0,0,,0,0,0,0,h,Rubio REBOUND (Off:2 Def:5),Rebound,Unknown,0,0
441,486,PT03M27.00S,4,1610612750,MIN,201147,Brewer,C. Brewer,-235,25,24,Missed,1,0,0,0,h,MISS Brewer 24' 3PT Jump Shot,Missed Shot,Jump Shot,0,0
442,487,PT03M25.00S,4,1610612750,MIN,101142,Turiaf,R. Turiaf,0,0,0,,0,0,0,0,h,Turiaf REBOUND (Off:3 Def:7),Rebound,Unknown,0,0
443,488,PT03M21.00S,4,1610612750,MIN,201567,Love,K. Love,-21,78,8,Missed,1,0,0,0,h,MISS Love 8' Jump Shot,Missed Shot,Jump Shot,0,0
444,488,PT03M21.00S,4,1610612745,HOU,2730,Howard,D. Howard,0,0,0,,0,0,0,0,v,Howard BLOCK (3 BLK),,,0,0
445,489,PT03M19.00S,4,1610612750,MIN,201978,Budinger,C. Budinger,0,0,0,,0,0,0,0,h,Budinger REBOUND (Off:2 Def:3),Rebound,Unknown,0,0
446,490,PT03M17.00S,4,1610612750,MIN,201978,Budinger,C. Budinger,-5,124,12,Made,1,85,98,183,h,Budinger 12' Jump Shot (15 PTS),Made Shot,Jump Shot,0,0
447,491,PT03M08.00S,4,1610612745,HOU,203093,Jones,T. Jones,10,6,1,Made,1,85,100,185,v,Jones 1' Alley Oop Dunk (12 PTS) (Lin 7 AST),Made Shot,Alley Oop Dunk Shot,0,0
448,492,PT02M55.00S,4,1610612750,MIN,201567,Love,K. Love,84,231,25,Missed,1,0,0,0,h,MISS Love 25' 3PT Jump Shot,Missed Shot,Jump Shot,0,0
449,493,PT02M54.00S,4,1610612745,HOU,2730,Howard,D. Howard,0,0,0,,0,0,0,0,v,Howard REBOUND (Off:4 Def:11),Rebound,Unknown,0,0
450,494,PT02M34.00S,4,1610612745,HOU,2730,Howard,D. Howard,88,20,9,Missed,1,0,0,0,v,MISS Howard 9' Turnaround Jump Shot,Missed Shot,Turnaround Jump Shot,0,0
451,495,PT02M33.00S,4,1610612750,MIN,201567,Love,K. Love,0,0,0,,0,0,0,0,h,Love REBOUND (Off:3 Def:7),Rebound,Unknown,0,0
452,496,PT02M23.00S,4,1610612750,MIN,201567,Love,K. Love,12,3,1,Made,1,87,100,187,h,Love 1' Driving Layup (31 PTS) (Rubio 9 AST),Made Shot,Driving Layup Shot,0,0
453,497,PT02M03.00S,4,1610612745,HOU,203093,Jones,T. Jones,-57,41,7,Made,1,87,102,189,v,Jones 7' Running Bank Shot (14 PTS) (Beverley 2 AST),Made Shot,Running Bank shot,0,0
454,498,PT01M47.00S,4,1610612750,MIN,101142,Turiaf,R. Turiaf,0,0,0,,0,0,0,0,h,Turiaf Bad Pass Turnover (P1.T17),Turnover,Bad Pass,0,0
455,498,PT01M47.00S,4,1610612745,HOU,202718,Parsons,C. Parsons,0,0,0,,0,0,0,0,v,Parsons STEAL (1 STL),,,0,0
456,499,PT01M44.00S,4,1610612745,HOU,202718,Parsons,C. Parsons,-4,-8,1,Made,1,87,104,191,v,Parsons 1' Driving Layup (20 PTS),Made Shot,Driving Layup Shot,0,0
457,500,PT01M44.00S,4,0,,1610612750,,,0,0,0,,0,0,0,0,h,TIMBERWOLVES Timeout: Short (Full 4 Short 2),Timeout,Short,0,0
458,502,PT01M44.00S,4,0,,1610612745,,,0,0,0,,0,0,0,0,v,Rockets Timeout: Regular (Reg.4 Short 0),Timeout,Regular,0,0
459,503,PT01M44.00S,4,1610612745,HOU,2730,Howard,D. Howard,0,0,0,,0,0,0,0,v,SUB: Asik FOR Howard,Substitution,,0,0
460,504,PT01M44.00S,4,1610612745,HOU,202718,Parsons,C. Parsons,0,0,0,,0,0,0,0,v,SUB: Garcia FOR Parsons,Substitution,,0,0
461,505,PT01M44.00S,4,1610612745,HOU,201976,Beverley,P. Beverley,0,0,0,,0,0,0,0,v,SUB: Casspi FOR Beverley,Substitution,,0,0
462,506,PT01M44.00S,4,1610612745,HOU,203093,Jones,T. Jones,0,0,0,,0,0,0,0,v,SUB: Motiejunas FOR Jones,Substitution,,0,0
463,507,PT01M44.00S,4,1610612750,MIN,101142,Turiaf,R. Turiaf,0,0,0,,0,0,0,0,h,SUB: Dieng FOR Turiaf,Substitution,,0,0
464,508,PT01M44.00S,4,1610612750,MIN,201147,Brewer,C. Brewer,0,0,0,,0,0,0,0,h,SUB: Muhammad FOR Brewer,Substitution,,0,0
465,509,PT01M44.00S,4,1610612750,MIN,201937,Rubio,R. Rubio,0,0,0,,0,0,0,0,h,SUB: Price FOR Rubio,Substitution,,0,0
466,510,PT01M44.00S,4,1610612750,MIN,201567,Love,K. Love,0,0,0,,0,0,0,0,h,SUB: Cunningham FOR Love,Substitution,,0,0
467,511,PT01M24.00S,4,1610612750,MIN,201978,Budinger,C. Budinger,4,86,9,Missed,1,0,0,0,h,MISS Budinger 9' Jump Shot,Missed Shot,Jump Shot,0,0
468,512,PT01M23.00S,4,1610612745,HOU,201956,Casspi,O. Casspi,0,0,0,,0,0,0,0,v,Casspi REBOUND (Off:0 Def:3),Rebound,Unknown,0,0
469,513,PT01M01.00S,4,1610612745,HOU,202391,Lin,J. Lin,10,247,25,Missed,1,0,0,0,v,MISS Lin 25' 3PT Jump Shot,Missed Shot,Jump Shot,0,0
470,514,PT01M00.00S,4,0,,1610612750,,,0,0,0,,0,0,0,0,h,TIMBERWOLVES Rebound,Rebound,Unknown,0,0
471,515,PT00M41.00S,4,1610612750,MIN,203476,Dieng,G. Dieng,-34,7,3,Missed,1,0,0,0,h,MISS Dieng 3' Jump Shot,Missed Shot,Jump Shot,0,0
472,516,PT00M39.60S,4,1610612750,MIN,201978,Budinger,C. Budinger,0,0,0,,0,0,0,0,h,Budinger REBOUND (Off:3 Def:3),Rebound,Unknown,0,0
473,517,PT00M37.40S,4,1610612750,MIN,201978,Budinger,C. Budinger,9,7,1,Missed,1,0,0,0,h,MISS Budinger 1' Tip Shot,Missed Shot,Tip Shot,0,0
474,518,PT00M37.40S,4,1610612750,MIN,201978,Budinger,C. Budinger,0,0,0,,0,0,0,0,h,Budinger REBOUND (Off:4 Def:3),Rebound,Unknown,0,0
475,519,PT00M33.60S,4,1610612750,MIN,201985,Price,A. Price,-175,61,19,Made,1,89,104,193,h,Price 19' Jump Shot (2 PTS),Made Shot,Jump Shot,0,0
476,520,PT00M30.00S,4,1610612745,HOU,101128,Garcia,F. Garcia,-187,157,24,Made,1,89,107,196,v,Garcia 24' 3PT Jump Shot (6 PTS),Made Shot,Jump Shot,0,0
477,521,PT00M18.80S,4,1610612750,MIN,201967,Cunningham,D. Cunningham,-179,33,18,Missed,1,0,0,0,h,MISS Cunningham 18' Jump Shot,Missed Shot,Jump Shot,0,0
478,522,PT00M17.90S,4,1610612745,HOU,202700,Motiejunas,D. Motiejunas,0,0,0,,0,0,0,0,v,Motiejunas REBOUND (Off:1 Def:4),Rebound,Unknown,0,0
479,523,PT00M00.00S,4,0,,0,,,0,0,0,,0,89,107,196,,End of 4th Period (10:20 PM EST),period,end,0,0
