actionId,actionNumber,clock,period,teamId,teamTricode,personId,playerName,playerNameI,xLegacy,yLegacy,shotDistance,shotResult,isFieldGoal,scoreHome,scoreAway,pointsTotal,location,description,actionType,subType,videoAvailable,shotValue
1,0,PT12M00.00S,1,0,,0,,,0,0,0,,0,0,0,0,,Start of 1st Period (7:41 PM EST),period,start,0,0
2,1,PT12M00.00S,1,1610612765,DET,203083,Drummond,A. Drummond,0,0,0,,0,0,0,0,h,Jump Ball Drummond vs. Bosh: Tip to Jennings,Jump Ball,,0,0
3,2,PT11M42.00S,1,1610612765,DET,2746,Smith,J. Smith,-234,99,25,Missed,1,0,0,0,h,MISS Smith 25' 3PT Jump Shot,Missed Shot,Jump Shot,0,0
4,3,PT11M41.00S,1,1610612748,MIA,2547,Bosh,C. Bosh,0,0,0,,0,0,0,0,v,Bosh REBOUND (Off:0 Def:1),Rebound,Unknown,0,0
5,4,PT11M30.00S,1,1610612748,MIA,2617,Haslem,U. Haslem,-15,222,22,Made,1,0,2,2,v,Haslem 22' Jump Shot (2 PTS) (James 1 AST),Made Shot,Jump Shot,0,0
6,5,PT11M06.00S,1,1610612765,DET,202713,Singler,K. Singler,-5,-3,1,Made,1,2,2,4,h,Singler 1' Layup (2 PTS) (Smith 1 AST),Made Shot,Layup Shot,0,0
7,6,PT10M43.00S,1,1610612748,MIA,2617,Haslem,U. Haslem,184,19,18,Made,1,2,4,6,v,Haslem 18' Jump Shot (4 PTS) (Bosh 1 AST),Made Shot,Jump Shot,0,0
8,7,PT10M26.00S,1,1610612765,DET,202328,Monroe,G. Monroe,157,58,17,Made,1,4,4,8,h,Monroe 17' Jump Shot (2 PTS),Made Shot,Jump Shot,0,0
9,8,PT10M14.00S,1,1610612748,MIA,2547,Bosh,C. Bosh,-134,61,15,Missed,1,0,0,0,v,MISS Bosh 15' Jump Shot,Missed Shot,Jump Shot,0,0
10,9,PT10M13.00S,1,1610612765,DET,203083,Drummond,A. Drummond,0,0,0,,0,0,0,0,h,Drummond REBOUND (Off:0 Def:1),Rebound,Unknown,0,0
11,10,PT10M04.00S,1,1610612765,DET,202328,Monroe,G. Monroe,106,97,14,Missed,1,0,0,0,h,MISS Monroe 14' Jump Shot,Missed Shot,Jump Shot,0,0
12,11,PT10M03.00S,1,1610612748,MIA,2617,Haslem,U. Haslem,0,0,0,,0,0,0,0,v,Haslem REBOUND (Off:0 Def:1),Rebound,Unknown,0,0
13,12,PT09M41.00S,1,1610612748,MIA,2617,Haslem,U. Haslem,-196,15,20,Made,1,4,6,10,v,Haslem 20' Jump Shot (6 PTS) (Douglas 1 AST),Made Shot,Jump Shot,0,0
14,13,PT09M25.00S,1,1610612765,DET,202328,Monroe,G. Monroe,1,3,0,Made,1,6,6,12,h,Monroe  Driving Layup (4 PTS) (Jennings 1 AST),Made Shot,Driving Layup Shot,0,0
15,14,PT09M10.00S,1,1610612748,MIA,2592,Jones,J. Jones,-109,116,16,Missed,1,0,0,0,v,MISS Jones 16' Jump Shot,Missed Shot,Jump Shot,0,0
16,15,PT09M09.00S,1,1610612765,DET,203083,Drummond,A. Drummond,0,0,0,,0,0,0,0,h,Drummond REBOUND (Off:0 Def:2),Rebound,Unknown,0,0
17,16,PT09M03.00S,1,1610612765,DET,2746,Smith,J. Smith,1,-3,0,Made,1,8,6,14,h,Smith  Driving Layup (2 PTS) (Jennings 2 AST),Made Shot,Driving Layup Shot,0,0
18,17,PT08M48.00S,1,1610612748,MIA,2544,James,L. James,94,140,17,Made,1,8,8,16,v,James 17' Jump Shot (2 PTS) (Douglas 2 AST),Made Shot,Jump Shot,0,0
19,18,PT08M34.00S,1,1610612765,DET,2746,Smith,J. Smith,-234,14,0,Made,1,11,8,19,h,Smith  3PT Jump Shot (5 PTS) (Jennings 3 AST),Made Shot,Jump Shot,0,0
20,19,PT08M22.00S,1,1610612765,DET,203083,Drummond,A. Drummond,0,0,0,,0,0,0,0,h,PISTONS T.Foul (Def. 3 Sec Drummond ),Foul,Defense 3 Second,0,0
21,20,PT08M22.00S,1,1610612748,MIA,2547,Bosh,C. Bosh,0,0,0,,0,11,9,20,v,Bosh Free Throw Technical (1 PTS),Free Throw,Free Throw Technical,0,0
22,22,PT08M15.00S,1,1610612765,DET,202713,Singler,K. Singler,0,0,0,,0,0,0,0,h,Singler S.FOUL (P1.T1),Foul,Shooting,0,0
23,23,PT08M15.00S,1,1610612748,MIA,201962,Douglas,T. Douglas,0,0,0,,0,11,10,21,v,Douglas Free Throw 1 of 2 (1 PTS),Free Throw,Free Throw 1 of 2,0,0
24,25,PT08M15.00S,1,1610612748,MIA,201962,Douglas,T. Douglas,0,0,0,,0,11,11,22,v,Douglas Free Throw 2 of 2 (2 PTS),Free Throw,Free Throw 2 of 2,0,0
25,27,PT08M03.00S,1,1610612748,MIA,2592,Jones,J. Jones,0,0,0,,0,0,0,0,v,Jones P.FOUL (P1.T1),Foul,Personal,0,0
26,28,PT07M54.00S,1,1610612765,DET,2746,Smith,J. Smith,237,56,24,Missed,1,0,0,0,h,MISS Smith 24' 3PT Jump Shot,Missed Shot,Jump Shot,0,0
27,29,PT07M53.00S,1,1610612765,DET,203083,Drummond,A. Drummond,0,0,0,,0,0,0,0,h,Drummond REBOUND (Off:1 Def:2),Rebound,Unknown,0,0
28,30,PT07M41.00S,1,1610612765,DET,201943,Jennings,B. Jennings,-24,15,3,Missed,1,0,0,0,h,MISS Jennings 3' Layup,Missed Shot,Layup Shot,0,0
29,31,PT07M40.00S,1,1610612748,MIA,2617,Haslem,U. Haslem,0,0,0,,0,0,0,0,v,Haslem REBOUND (Off:0 Def:2),Rebound,Unknown,0,0
30,50,PT07M35.00S,1,1610612765,DET,202328,Monroe,G. Monroe,0,0,0,,0,0,0,0,h,Monroe Violation:Defensive Goaltending,Violation,Defensive Goaltending,0,0
31,32,PT07M35.00S,1,1610612748,MIA,2617,Haslem,U. Haslem,1,4,0,Made,1,11,13,24,v,Haslem  Layup (8 PTS) (James 2 AST),Made Shot,Layup Shot,0,0
32,35,PT07M10.00S,1,1610612765,DET,202713,Singler,K. Singler,-8,168,17,Made,1,13,13,26,h,Singler 17' Jump Shot (4 PTS),Made Shot,Jump Shot,0,0
33,36,PT06M51.00S,1,1610612748,MIA,2547,Bosh,C. Bosh,-4,1,0,Missed,1,0,0,0,v,MISS Bosh  Driving Layup,Missed Shot,Driving Layup Shot,0,0
34,37,PT06M48.00S,1,1610612765,DET,203083,Drummond,A. Drummond,0,0,0,,0,0,0,0,h,Drummond REBOUND (Off:1 Def:3),Rebound,Unknown,0,0
35,38,PT06M44.00S,1,1610612765,DET,202713,Singler,K. Singler,-169,189,25,Missed,1,0,0,0,h,MISS Singler 25' 3PT Jump Shot,Missed Shot,Jump Shot,0,0
36,39,PT06M43.00S,1,1610612748,MIA,2617,Haslem,U. Haslem,0,0,0,,0,0,0,0,v,Haslem REBOUND (Off:0 Def:3),Rebound,Unknown,0,0
37,40,PT06M35.00S,1,1610612748,MIA,2592,Jones,J. Jones,236,9,24,Made,1,13,16,29,v,Jones 24' 3PT Jump Shot (3 PTS) (James 3 AST),Made Shot,Jump Shot,0,0
38,41,PT06M20.00S,1,1610612765,DET,202713,Singler,K. Singler,0,0,0,,0,0,0,0,h,Singler Offensive Charge Foul (P2.T2),Foul,Offensive Charge,0,0
39,42,PT06M20.00S,1,1610612765,DET,202713,Singler,K. Singler,0,0,0,,0,0,0,0,h,Singler Foul Turnover (P1.T1),Turnover,Foul,0,0
40,43,PT06M20.00S,1,1610612765,DET,202713,Singler,K. Singler,0,0,0,,0,0,0,0,h,SUB: Stuckey FOR Singler,Substitution,,0,0
41,44,PT06M09.00S,1,1610612748,MIA,201962,Douglas,T. Douglas,-2,3,0,Missed,1,0,0,0,v,MISS Douglas  Layup,Missed Shot,Layup Shot,0,0
42,45,PT06M08.00S,1,1610612765,DET,2746,Smith,J. Smith,0,0,0,,0,0,0,0,h,Smith REBOUND (Off:0 Def:1),Rebound,Unknown,0,0
43,46,PT05M58.00S,1,1610612765,DET,202328,Monroe,G. Monroe,7,-3,1,Missed,1,0,0,0,h,MISS Monroe 1' Layup,Missed Shot,Layup Shot,0,0
44,47,PT05M57.00S,1,1610612748,MIA,2544,James,L. James,0,0,0,,0,0,0,0,v,James REBOUND (Off:0 Def:1),Rebound,Unknown,0,0
45,48,PT05M49.00S,1,1610612748,MIA,2617,Haslem,U. Haslem,-155,56,16,Made,1,13,18,31,v,Haslem 16' Jump Shot (10 PTS) (James 4 AST),Made Shot,Jump Shot,0,0
46,49,PT05M40.00S,1,0,,1610612765,,,0,0,0,,0,0,0,0,h,PISTONS Timeout: Regular (Full 1 Short 0),Timeout,Regular,0,0
47,51,PT05M27.00S,1,1610612765,DET,2746,Smith,J. Smith,179,31,18,Made,1,15,18,33,h,Smith 18' Jump Shot (7 PTS) (Stuckey 1 AST),Made Shot,Jump Shot,0,0
48,52,PT05M06.00S,1,1610612765,DET,2746,Smith,J. Smith,0,0,0,,0,0,0,0,h,Smith P.FOUL (P1.T3),Foul,Personal,0,0
49,53,PT04M55.00S,1,1610612748,MIA,2592,Jones,J. Jones,62,254,26,Missed,1,0,0,0,v,MISS Jones 26' 3PT Jump Shot,Missed Shot,Jump Shot,0,0
50,54,PT04M54.00S,1,1610612765,DET,202328,Monroe,G. Monroe,0,0,0,,0,0,0,0,h,Monroe REBOUND (Off:0 Def:1),Rebound,Unknown,0,0
51,55,PT04M49.00S,1,1610612765,DET,201155,Stuckey,R. Stuckey,4,0,0,Made,1,17,18,35,h,Stuckey  Layup (2 PTS) (Monroe 1 AST),Made Shot,Layup Shot,0,0
52,56,PT04M32.00S,1,1610612748,MIA,2617,Haslem,U. Haslem,114,23,12,Made,1,17,20,37,v,Haslem 12' Jump Shot (12 PTS) (James 5 AST),Made Shot,Jump Shot,0,0
53,57,PT04M12.00S,1,1610612765,DET,203083,Drummond,A. Drummond,9,1,1,Made,1,19,20,39,h,Drummond 1' Dunk (2 PTS) (Smith 2 AST),Made Shot,Dunk Shot,0,0
54,58,PT04M00.00S,1,0,,1610612748,,,0,0,0,,0,0,0,0,v,Heat Timeout: Regular (Reg.1 Short 0),Timeout,Regular,0,0
55,60,PT04M00.00S,1,1610612748,MIA,201962,Douglas,T. Douglas,0,0,0,,0,0,0,0,v,SUB: Cole FOR Douglas,Substitution,,0,0
56,61,PT03M44.00S,1,1610612748,MIA,2544,James,L. James,-169,7,17,Missed,1,0,0,0,v,MISS James 17' Fadeaway Jumper,Missed Shot,Fadeaway Jump Shot,0,0
57,62,PT03M41.00S,1,1610612765,DET,203083,Drummond,A. Drummond,0,0,0,,0,0,0,0,h,Drummond REBOUND (Off:1 Def:4),Rebound,Unknown,0,0
58,63,PT03M24.00S,1,1610612765,DET,203083,Drummond,A. Drummond,62,15,6,Missed,1,0,0,0,h,MISS Drummond 6' Jump Shot,Missed Shot,Jump Shot,0,0
59,64,PT03M23.00S,1,1610612748,MIA,2547,Bosh,C. Bosh,0,0,0,,0,0,0,0,v,Bosh REBOUND (Off:0 Def:2),Rebound,Unknown,0,0
60,65,PT03M14.00S,1,1610612748,MIA,202708,Cole,N. Cole,146,94,17,Missed,1,0,0,0,v,MISS Cole 17' Jump Shot,Missed Shot,Jump Shot,0,0
61,66,PT03M13.00S,1,1610612765,DET,202328,Monroe,G. Monroe,0,0,0,,0,0,0,0,h,Monroe REBOUND (Off:0 Def:2),Rebound,Unknown,0,0
62,67,PT03M00.00S,1,1610612765,DET,202328,Monroe,G. Monroe,0,0,0,,0,0,0,0,h,Monroe Offensive Charge Foul (P1.T4),Foul,Offensive Charge,0,0
63,68,PT03M00.00S,1,1610612765,DET,202328,Monroe,G. Monroe,0,0,0,,0,0,0,0,h,Monroe Foul Turnover (P1.T2),Turnover,Foul,0,0
64,69,PT03M00.00S,1,1610612748,MIA,2547,Bosh,C. Bosh,0,0,0,,0,0,0,0,v,SUB: Lewis FOR Bosh,Substitution,,0,0
65,70,PT02M36.00S,1,1610612748,MIA,202708,Cole,N. Cole,-235,11,24,Made,1,19,23,42,v,Cole 24' 3PT Jump Shot (3 PTS) (Jones 1 AST),Made Shot,Jump Shot,0,0
66,71,PT02M12.00S,1,1610612765,DET,2746,Smith,J. Smith,184,52,19,Missed,1,0,0,0,h,MISS Smith 19' Jump Shot,Missed Shot,Jump Shot,0,0
67,72,PT02M11.00S,1,1610612748,MIA,2617,Haslem,U. Haslem,0,0,0,,0,0,0,0,v,Haslem REBOUND (Off:0 Def:4),Rebound,Unknown,0,0
68,73,PT01M55.00S,1,1610612748,MIA,2617,Haslem,U. Haslem,-190,14,19,Missed,1,0,0,0,v,MISS Haslem 19' Jump Shot,Missed Shot,Jump Shot,0,0
69,74,PT01M53.00S,1,1610612765,DET,203083,Drummond,A. Drummond,0,0,0,,0,0,0,0,h,Drummond REBOUND (Off:1 Def:5),Rebound,Unknown,0,0
70,75,PT01M53.00S,1,1610612765,DET,203083,Drummond,A. Drummond,0,0,0,,0,0,0,0,h,Drummond Bad Pass Turnover (P1.T3),Turnover,Bad Pass,0,0
71,76,PT01M53.00S,1,1610612748,MIA,2617,Haslem,U. Haslem,0,0,0,,0,0,0,0,v,SUB: Andersen FOR Haslem,Substitution,,0,0
72,77,PT01M53.00S,1,1610612765,DET,202328,Monroe,G. Monroe,0,0,0,,0,0,0,0,h,SUB: Jerebko FOR Monroe,Substitution,,0,0
73,78,PT01M39.00S,1,1610612748,MIA,1740,Lewis,R. Lewis,143,25,15,Made,1,19,25,44,v,Lewis 15' Jump Shot (2 PTS) (James 6 AST),Made Shot,Jump Shot,0,0
74,79,PT01M15.00S,1,1610612765,DET,201155,Stuckey,R. Stuckey,-242,11,24,Missed,1,0,0,0,h,MISS Stuckey 24' 3PT Jump Shot,Missed Shot,Jump Shot,0,0
75,80,PT01M14.00S,1,1610612765,DET,203083,Drummond,A. Drummond,0,0,0,,0,0,0,0,h,Drummond REBOUND (Off:2 Def:5),Rebound,Unknown,0,0
76,81,PT01M13.00S,1,1610612765,DET,203083,Drummond,A. Drummond,2,0,0,Made,1,21,25,46,h,Drummond  Tip Shot (4 PTS),Made Shot,Tip Shot,0,0
77,82,PT00M53.90S,1,1610612748,MIA,1740,Lewis,R. Lewis,223,15,0,Made,1,21,28,49,v,Lewis  3PT Jump Shot (5 PTS) (James 7 AST),Made Shot,Jump Shot,0,0
78,83,PT00M29.20S,1,1610612765,DET,203083,Drummond,A. Drummond,7,3,1,Made,1,23,28,51,h,Drummond 1' Layup (6 PTS) (Jennings 4 AST),Made Shot,Layup Shot,0,0
79,84,PT00M05.90S,1,1610612748,MIA,2544,James,L. James,-19,265,27,Missed,1,0,0,0,v,MISS James 27' 3PT Jump Shot,Missed Shot,Jump Shot,0,0
80,85,PT00M04.30S,1,1610612765,DET,201973,Jerebko,J. Jerebko,0,0,0,,0,0,0,0,h,Jerebko REBOUND (Off:0 Def:1),Rebound,Unknown,0,0
81,86,PT00M00.00S,1,0,,0,,,0,0,0,,0,23,28,51,,End of 1st Period (8:02 PM EST),period,end,0,0
82,88,PT12M00.00S,2,0,,0,,,0,0,0,,0,23,28,51,,Start of 2nd Period (8:04 PM EST),period,start,0,0
83,89,PT11M36.00S,2,1610612748,MIA,201962,Douglas,T. Douglas,-106,172,20,Missed,1,0,0,0,v,MISS Douglas 20' Jump Shot,Missed Shot,Jump Shot,0,0
84,90,PT11M36.00S,2,0,,1610612765,,,0,0,0,,0,0,0,0,h,PISTONS Rebound,Rebound,Unknown,0,0
85,91,PT11M14.00S,2,1610612765,DET,2746,Smith,J. Smith,-78,80,11,Missed,1,0,0,0,h,MISS Smith 11' Jump Shot,Missed Shot,Jump Shot,0,0
86,92,PT11M13.00S,2,1610612748,MIA,1740,Lewis,R. Lewis,0,0,0,,0,0,0,0,v,Lewis REBOUND (Off:0 Def:1),Rebound,Unknown,0,0
87,93,PT11M05.00S,2,1610612765,DET,203083,Drummond,A. Drummond,0,0,0,,0,0,0,0,h,Drummond S.FOUL (P1.T1),Foul,Shooting,0,0
88,94,PT11M05.00S,2,1610612748,MIA,202708,Cole,N. Cole,0,0,0,,0,23,29,52,v,Cole Free Throw 1 of 2 (4 PTS),Free Throw,Free Throw 1 of 2,0,0
89,96,PT11M05.00S,2,1610612765,DET,2746,Smith,J. Smith,0,0,0,,0,0,0,0,h,SUB: Caldwell-Pope FOR Smith,Substitution,,0,0
90,97,PT11M05.00S,2,1610612748,MIA,202708,Cole,N. Cole,0,0,0,,0,23,30,53,v,Cole Free Throw 2 of 2 (5 PTS),Free Throw,Free Throw 2 of 2,0,0
91,103,PT10M42.00S,2,1610612765,DET,201973,Jerebko,J. Jerebko,-30,22,4,Missed,1,0,0,0,h,MISS Jerebko 4' Layup,Missed Shot,Layup Shot,0,0
92,105,PT10M41.00S,2,1610612765,DET,203083,Drummond,A. Drummond,0,0,0,,0,0,0,0,h,Drummond REBOUND (Off:3 Def:5),Rebound,Unknown,0,0
93,99,PT10M41.00S,2,1610612765,DET,203083,Drummond,A. Drummond,2,-3,0,Made,1,25,30,55,h,Drummond  Dunk (8 PTS),Made Shot,Dunk Shot,0,0
94,100,PT10M33.00S,2,1610612748,MIA,1740,Lewis,R. Lewis,-2,-10,1,Made,1,25,32,57,v,Lewis 1' Driving Layup (7 PTS),Made Shot,Driving Layup Shot,0,0
95,101,PT10M22.00S,2,1610612748,MIA,201962,Douglas,T. Douglas,0,0,0,,0,0,0,0,v,Douglas S.FOUL (P1.T1),Foul,Shooting,0,0
96,102,PT10M22.00S,2,1610612765,DET,203083,Drummond,A. Drummond,0,0,0,,0,0,0,0,h,MISS Drummond Free Throw 1 of 2,Free Throw,Free Throw 1 of 2,0,0
97,104,PT10M22.00S,2,0,,1610612765,,,0,0,0,,0,0,0,0,h,PISTONS Rebound,Rebound,Normal Rebound,0,0
98,106,PT10M22.00S,2,1610612765,DET,203083,Drummond,A. Drummond,0,0,0,,0,26,32,58,h,Drummond Free Throw 2 of 2 (9 PTS),Free Throw,Free Throw 2 of 2,0,0
99,108,PT10M15.00S,2,1610612765,DET,201973,Jerebko,J. Jerebko,0,0,0,,0,0,0,0,h,Jerebko P.FOUL (P1.T2),Foul,Personal,0,0
100,110,PT10M02.00S,2,1610612748,MIA,202708,Cole,N. Cole,-153,112,19,Missed,1,0,0,0,v,MISS Cole 19' Jump Shot,Missed Shot,Jump Shot,0,0
101,111,PT10M00.00S,2,1610612765,DET,203083,Drummond,A. Drummond,0,0,0,,0,0,0,0,h,Drummond REBOUND (Off:3 Def:6),Rebound,Unknown,0,0
102,112,PT09M45.00S,2,1610612765,DET,101198,Bynum,W. Bynum,-127,153,20,Made,1,28,32,60,h,Bynum 20' Jump Shot (2 PTS),Made Shot,Jump Shot,0,0
103,113,PT09M26.00S,2,1610612748,MIA,2365,Andersen,C. Andersen,-142,94,17,Missed,1,0,0,0,v,MISS Andersen 17' Jump Shot,Missed Shot,Jump Shot,0,0
104,114,PT09M26.00S,2,1610612765,DET,201973,Jerebko,J. Jerebko,0,0,0,,0,0,0,0,h,Jerebko REBOUND (Off:0 Def:2),Rebound,Unknown,0,0
105,115,PT09M15.00S,2,1610612765,DET,101198,Bynum,W. Bynum,200,178,27,Made,1,31,32,63,h,Bynum 27' 3PT Jump Shot (5 PTS),Made Shot,Jump Shot,0,0
106,116,PT08M55.00S,2,1610612765,DET,203484,Caldwell-Pope,K. Caldwell-Pope,0,0,0,,0,0,0,0,h,Caldwell-Pope S.FOUL (P1.T3),Foul,Shooting,0,0
107,117,PT08M55.00S,2,0,,0,,,0,0,0,,0,0,0,0,,Timeout: Official,Timeout,Official,0,0
108,119,PT08M55.00S,2,1610612748,MIA,2365,Andersen,C. Andersen,0,0,0,,0,31,33,64,v,Andersen Free Throw 1 of 2 (1 PTS),Free Throw,Free Throw 1 of 2,0,0
109,121,PT08M55.00S,2,1610612748,MIA,2365,Andersen,C. Andersen,0,0,0,,0,31,34,65,v,Andersen Free Throw 2 of 2 (2 PTS),Free Throw,Free Throw 2 of 2,0,0
110,123,PT08M38.00S,2,1610612765,DET,201155,Stuckey,R. Stuckey,-62,30,7,Made,1,33,34,67,h,Stuckey 7' Jump Shot (4 PTS),Made Shot,Jump Shot,0,0
111,124,PT08M25.00S,2,1610612765,DET,201973,Jerebko,J. Jerebko,0,0,0,,0,0,0,0,h,Jerebko P.FOUL (P2.T4),Foul,Personal,0,0
112,125,PT08M13.00S,2,1610612748,MIA,201962,Douglas,T. Douglas,1,1,0,Made,1,33,36,69,v,Douglas  Driving Layup (4 PTS) (Cole 1 AST),Made Shot,Driving Layup Shot,0,0
113,126,PT07M59.00S,2,1610612748,MIA,2203,Battier,S. Battier,0,0,0,,0,0,0,0,v,Battier S.FOUL (P1.T2),Foul,Shooting,0,0
114,127,PT07M59.00S,2,1610612765,DET,101198,Bynum,W. Bynum,0,0,0,,0,34,36,70,h,Bynum Free Throw 1 of 2 (6 PTS),Free Throw,Free Throw 1 of 2,0,0
115,129,PT07M59.00S,2,1610612765,DET,101198,Bynum,W. Bynum,0,0,0,,0,35,36,71,h,Bynum Free Throw 2 of 2 (7 PTS),Free Throw,Free Throw 2 of 2,0,0
116,131,PT07M36.00S,2,1610612748,MIA,201962,Douglas,T. Douglas,220,67,23,Missed,1,0,0,0,v,MISS Douglas 23' Jump Shot,Missed Shot,Jump Shot,0,0
117,132,PT07M35.00S,2,1610612765,DET,201155,Stuckey,R. Stuckey,0,0,0,,0,0,0,0,h,Stuckey REBOUND (Off:0 Def:1),Rebound,Unknown,0,0
118,133,PT07M25.00S,2,1610612765,DET,203484,Caldwell-Pope,K. Caldwell-Pope,-138,220,26,Missed,1,0,0,0,h,MISS Caldwell-Pope 26' 3PT Jump Shot,Missed Shot,Jump Shot,0,0
119,134,PT07M24.00S,2,1610612748,MIA,202708,Cole,N. Cole,0,0,0,,0,0,0,0,v,Cole REBOUND (Off:0 Def:1),Rebound,Unknown,0,0
120,135,PT07M06.00S,2,1610612748,MIA,2365,Andersen,C. Andersen,0,3,0,Made,1,35,38,73,v,Andersen  Dunk (4 PTS) (Cole 2 AST),Made Shot,Dunk Shot,0,0
121,136,PT06M45.00S,2,1610612765,DET,201155,Stuckey,R. Stuckey,193,56,20,Made,1,37,38,75,h,Stuckey 20' Jump Shot (6 PTS) (Bynum 1 AST),Made Shot,Jump Shot,0,0
122,137,PT06M26.00S,2,1610612748,MIA,202708,Cole,N. Cole,-2,4,0,Missed,1,0,0,0,v,MISS Cole  Layup,Missed Shot,Layup Shot,0,0
123,138,PT06M25.00S,2,1610612748,MIA,2365,Andersen,C. Andersen,0,0,0,,0,0,0,0,v,Andersen REBOUND (Off:1 Def:0),Rebound,Unknown,0,0
124,139,PT06M24.00S,2,1610612748,MIA,2365,Andersen,C. Andersen,0,1,0,Made,1,37,40,77,v,Andersen  Tip Shot (6 PTS),Made Shot,Tip Shot,0,0
125,140,PT06M03.00S,2,1610612765,DET,201973,Jerebko,J. Jerebko,-234,22,24,Missed,1,0,0,0,h,MISS Jerebko 24' 3PT Jump Shot,Missed Shot,Jump Shot,0,0
126,141,PT06M02.00S,2,1610612748,MIA,202708,Cole,N. Cole,0,0,0,,0,0,0,0,v,Cole REBOUND (Off:0 Def:2),Rebound,Unknown,0,0
127,142,PT05M54.00S,2,1610612748,MIA,2365,Andersen,C. Andersen,1,-2,0,Made,1,37,42,79,v,Andersen  Alley Oop Dunk (8 PTS) (Cole 3 AST),Made Shot,Alley Oop Dunk Shot,0,0
128,143,PT05M46.00S,2,0,,1610612765,,,0,0,0,,0,0,0,0,h,PISTONS Timeout: Regular (Full 2 Short 0),Timeout,Regular,0,0
129,145,PT05M46.00S,2,1610612765,DET,203083,Drummond,A. Drummond,0,0,0,,0,0,0,0,h,SUB: Smith FOR Drummond,Substitution,,0,0
130,146,PT05M46.00S,2,1610612765,DET,201973,Jerebko,J. Jerebko,0,0,0,,0,0,0,0,h,SUB: Monroe FOR Jerebko,Substitution,,0,0
131,147,PT05M46.00S,2,1610612748,MIA,201962,Douglas,T. Douglas,0,0,0,,0,0,0,0,v,SUB: James FOR Douglas,Substitution,,0,0
132,148,PT05M46.00S,2,1610612748,MIA,1740,Lewis,R. Lewis,0,0,0,,0,0,0,0,v,SUB: Bosh FOR Lewis,Substitution,,0,0
133,149,PT05M36.00S,2,1610612748,MIA,202708,Cole,N. Cole,0,0,0,,0,0,0,0,v,Cole Violation:Kicked Ball,Violation,Kicked Ball,0,0
134,150,PT05M33.00S,2,1610612748,MIA,202708,Cole,N. Cole,0,0,0,,0,0,0,0,v,Cole Violation:Kicked Ball,Violation,Kicked Ball,0,0
135,151,PT05M22.00S,2,1610612748,MIA,202708,Cole,N. Cole,0,0,0,,0,0,0,0,v,Cole S.FOUL (P1.T3),Foul,Shooting,0,0
136,152,PT05M22.00S,2,1610612765,DET,101198,Bynum,W. Bynum,0,0,0,,0,0,0,0,h,MISS Bynum Free Throw 1 of 2,Free Throw,Free Throw 1 of 2,0,0
137,153,PT05M22.00S,2,0,,1610612765,,,0,0,0,,0,0,0,0,h,PISTONS Rebound,Rebound,Normal Rebound,0,0
138,154,PT05M22.00S,2,1610612765,DET,101198,Bynum,W. Bynum,0,0,0,,0,38,42,80,h,Bynum Free Throw 2 of 2 (8 PTS),Free Throw,Free Throw 2 of 2,0,0
139,156,PT05M10.00S,2,1610612748,MIA,2547,Bosh,C. Bosh,9,6,1,Made,1,38,44,82,v,Bosh 1' Dunk (3 PTS) (Cole 4 AST),Made Shot,Dunk Shot,0,0
140,157,PT04M47.00S,2,1610612765,DET,2746,Smith,J. Smith,-131,110,17,Missed,1,0,0,0,h,MISS Smith 17' Jump Shot,Missed Shot,Jump Shot,0,0
141,158,PT04M46.00S,2,1610612748,MIA,2544,James,L. James,0,0,0,,0,0,0,0,v,James REBOUND (Off:0 Def:2),Rebound,Unknown,0,0
142,159,PT04M31.00S,2,1610612748,MIA,2203,Battier,S. Battier,-4,1,0,Made,1,38,46,84,v,Battier  Layup (2 PTS) (Cole 5 AST),Made Shot,Layup Shot,0,0
143,160,PT04M16.00S,2,1610612765,DET,202328,Monroe,G. Monroe,2,1,0,Missed,1,0,0,0,h,MISS Monroe  Layup,Missed Shot,Layup Shot,0,0
144,160,PT04M16.00S,2,1610612748,MIA,2547,Bosh,C. Bosh,0,0,0,,0,0,0,0,v,Bosh BLOCK (1 BLK),,,0,0
145,161,PT04M16.00S,2,0,,1610612765,,,0,0,0,,0,0,0,0,h,PISTONS Rebound,Rebound,Unknown,0,0
146,162,PT04M16.00S,2,1610612765,DET,101198,Bynum,W. Bynum,0,0,0,,0,0,0,0,h,SUB: Jennings FOR Bynum,Substitution,,0,0
147,163,PT04M10.00S,2,1610612765,DET,201155,Stuckey,R. Stuckey,2,4,0,Missed,1,0,0,0,h,MISS Stuckey  Layup,Missed Shot,Layup Shot,0,0
148,164,PT04M10.00S,2,0,,1610612748,,,0,0,0,,0,0,0,0,v,Heat Rebound,Rebound,Unknown,0,0
149,165,PT03M44.00S,2,1610612748,MIA,2544,James,L. James,116,69,13,Missed,1,0,0,0,v,MISS James 13' Jump Shot,Missed Shot,Jump Shot,0,0
150,166,PT03M43.00S,2,1610612765,DET,2746,Smith,J. Smith,0,0,0,,0,0,0,0,h,Smith REBOUND (Off:0 Def:2),Rebound,Unknown,0,0
151,167,PT03M35.00S,2,1610612765,DET,201155,Stuckey,R. Stuckey,1,6,1,Made,1,40,46,86,h,Stuckey 1' Layup (8 PTS) (Smith 3 AST),Made Shot,Layup Shot,0,0
152,168,PT03M14.00S,2,1610612748,MIA,2547,Bosh,C. Bosh,-226,127,26,Missed,1,0,0,0,v,MISS Bosh 26' 3PT Jump Shot,Missed Shot,Jump Shot,0,0
153,169,PT03M13.00S,2,1610612765,DET,202328,Monroe,G. Monroe,0,0,0,,0,0,0,0,h,Monroe REBOUND (Off:0 Def:3),Rebound,Unknown,0,0
154,170,PT03M04.00S,2,1610612765,DET,2746,Smith,J. Smith,2,-3,0,Made,1,42,46,88,h,Smith  Layup (9 PTS) (Caldwell-Pope 1 AST),Made Shot,Layup Shot,0,0
155,171,PT02M52.00S,2,1610612748,MIA,2544,James,L. James,2,-2,0,Made,1,42,48,90,v,James  Layup (4 PTS) (Cole 6 AST),Made Shot,Layup Shot,0,0
156,172,PT02M35.00S,2,1610612765,DET,2746,Smith,J. Smith,-7,48,5,Missed,1,0,0,0,h,MISS Smith 5' Jump Shot,Missed Shot,Jump Shot,0,0
157,173,PT02M34.00S,2,1610612748,MIA,2547,Bosh,C. Bosh,0,0,0,,0,0,0,0,v,Bosh REBOUND (Off:0 Def:3),Rebound,Unknown,0,0
158,174,PT02M32.00S,2,1610612765,DET,203484,Caldwell-Pope,K. Caldwell-Pope,0,0,0,,0,0,0,0,h,Caldwell-Pope S.FOUL (P2.PN),Foul,Shooting,0,0
159,175,PT02M32.00S,2,0,,1610612748,,,0,0,0,,0,0,0,0,v,Heat Timeout: Regular (Reg.2 Short 0),Timeout,Regular,0,0
160,177,PT02M32.00S,2,1610612765,DET,203484,Caldwell-Pope,K. Caldwell-Pope,0,0,0,,0,0,0,0,h,SUB: Singler FOR Caldwell-Pope,Substitution,,0,0
161,178,PT02M32.00S,2,1610612765,DET,201155,Stuckey,R. Stuckey,0,0,0,,0,0,0,0,h,SUB: Drummond FOR Stuckey,Substitution,,0,0
162,179,PT02M32.00S,2,1610612748,MIA,2365,Andersen,C. Andersen,0,0,0,,0,42,49,91,v,Andersen Free Throw 1 of 2 (9 PTS),Free Throw,Free Throw 1 of 2,0,0
163,181,PT02M32.00S,2,1610612748,MIA,2365,Andersen,C. Andersen,0,0,0,,0,42,50,92,v,Andersen Free Throw 2 of 2 (10 PTS),Free Throw,Free Throw 2 of 2,0,0
164,183,PT02M10.00S,2,1610612765,DET,202328,Monroe,G. Monroe,177,66,19,Missed,1,0,0,0,h,MISS Monroe 19' Jump Shot,Missed Shot,Jump Shot,0,0
165,184,PT02M09.00S,2,1610612748,MIA,2544,James,L. James,0,0,0,,0,0,0,0,v,James REBOUND (Off:0 Def:3),Rebound,Unknown,0,0
166,185,PT01M56.00S,2,1610612748,MIA,2547,Bosh,C. Bosh,-98,233,25,Made,1,42,53,95,v,Bosh 25' 3PT Jump Shot (6 PTS) (James 8 AST),Made Shot,Jump Shot,0,0
167,186,PT01M40.00S,2,1610612765,DET,202713,Singler,K. Singler,245,41,25,Missed,1,0,0,0,h,MISS Singler 25' 3PT Jump Shot,Missed Shot,Jump Shot,0,0
168,187,PT01M39.00S,2,1610612748,MIA,2547,Bosh,C. Bosh,0,0,0,,0,0,0,0,v,Bosh REBOUND (Off:0 Def:4),Rebound,Unknown,0,0
169,188,PT01M35.00S,2,1610612748,MIA,2544,James,L. James,0,6,1,Missed,1,0,0,0,v,MISS James 1' Layup,Missed Shot,Layup Shot,0,0
170,189,PT01M33.00S,2,1610612748,MIA,202708,Cole,N. Cole,0,0,0,,0,0,0,0,v,Cole REBOUND (Off:1 Def:2),Rebound,Unknown,0,0
171,210,PT01M33.00S,2,1610612748,MIA,202708,Cole,N. Cole,0,0,0,,0,0,0,0,v,Cole Bad Pass Turnover (P1.T1),Turnover,Bad Pass,0,0
172,210,PT01M33.00S,2,1610612765,DET,2746,Smith,J. Smith,0,0,0,,0,0,0,0,h,Smith STEAL (1 STL),,,0,0
173,190,PT01M28.00S,2,1610612765,DET,2746,Smith,J. Smith,0,0,0,,0,0,0,0,h,Smith Lost Ball Turnover (P1.T4),Turnover,Lost Ball,0,0
174,190,PT01M28.00S,2,1610612748,MIA,2544,James,L. James,0,0,0,,0,0,0,0,v,James STEAL (1 STL),,,0,0
175,191,PT01M23.00S,2,1610612748,MIA,202708,Cole,N. Cole,4,4,1,Missed,1,0,0,0,v,MISS Cole 1' Layup,Missed Shot,Layup Shot,0,0
176,191,PT01M23.00S,2,1610612765,DET,2746,Smith,J. Smith,0,0,0,,0,0,0,0,h,Smith BLOCK (1 BLK),,,0,0
177,192,PT01M22.00S,2,1610612748,MIA,2544,James,L. James,0,0,0,,0,0,0,0,v,James REBOUND (Off:1 Def:3),Rebound,Unknown,0,0
178,193,PT01M20.00S,2,1610612748,MIA,2544,James,L. James,1,12,1,Missed,1,0,0,0,v,MISS James 1' Layup,Missed Shot,Layup Shot,0,0
179,194,PT01M18.00S,2,1610612765,DET,202328,Monroe,G. Monroe,0,0,0,,0,0,0,0,h,Monroe REBOUND (Off:0 Def:4),Rebound,Unknown,0,0
180,195,PT01M15.00S,2,1610612765,DET,201943,Jennings,B. Jennings,0,0,0,,0,0,0,0,h,Jennings Bad Pass Turnover (P1.T5),Turnover,Bad Pass,0,0
181,195,PT01M15.00S,2,1610612748,MIA,2365,Andersen,C. Andersen,0,0,0,,0,0,0,0,v,Andersen STEAL (1 STL),,,0,0
182,196,PT01M12.00S,2,1610612748,MIA,2365,Andersen,C. Andersen,0,0,0,,0,0,0,0,v,Andersen Bad Pass Turnover (P1.T2),Turnover,Bad Pass,0,0
183,196,PT01M12.00S,2,1610612765,DET,203083,Drummond,A. Drummond,0,0,0,,0,0,0,0,h,Drummond STEAL (1 STL),,,0,0
184,197,PT01M10.00S,2,1610612765,DET,2746,Smith,J. Smith,0,0,0,,0,0,0,0,h,Smith Out of Bounds Lost Ball Turnover (P2.T6),Turnover,Out of Bounds Lost Ball Turnover,0,0
185,198,PT01M10.00S,2,1610612748,MIA,2365,Andersen,C. Andersen,0,0,0,,0,0,0,0,v,SUB: Haslem FOR Andersen,Substitution,,0,0
186,199,PT00M56.80S,2,1610612748,MIA,2544,James,L. James,-7,-3,1,Made,1,42,55,97,v,James 1' Driving Layup (6 PTS),Made Shot,Driving Layup Shot,0,0
187,200,PT00M39.90S,2,1610612765,DET,201943,Jennings,B. Jennings,-112,227,25,Missed,1,0,0,0,h,MISS Jennings 25' 3PT Jump Shot,Missed Shot,Jump Shot,0,0
188,201,PT00M38.50S,2,1610612748,MIA,2544,James,L. James,0,0,0,,0,0,0,0,v,James REBOUND (Off:1 Def:4),Rebound,Unknown,0,0
189,202,PT00M33.30S,2,1610612748,MIA,2544,James,L. James,0,-8,1,Made,1,42,57,99,v,James 1' Driving Layup (8 PTS),Made Shot,Driving Layup Shot,0,0
190,203,PT00M10.90S,2,1610612765,DET,2746,Smith,J. Smith,226,115,25,Missed,1,0,0,0,h,MISS Smith 25' 3PT Jump Shot,Missed Shot,Jump Shot,0,0
191,204,PT00M08.90S,2,1610612765,DET,202328,Monroe,G. Monroe,0,0,0,,0,0,0,0,h,Monroe REBOUND (Off:1 Def:4),Rebound,Unknown,0,0
192,205,PT00M06.90S,2,1610612765,DET,202328,Monroe,G. Monroe,7,0,1,Missed,1,0,0,0,h,MISS Monroe 1' Layup,Missed Shot,Layup Shot,0,0
193,205,PT00M06.90S,2,1610612748,MIA,2547,Bosh,C. Bosh,0,0,0,,0,0,0,0,v,Bosh BLOCK (2 BLK),,,0,0
194,206,PT00M04.90S,2,1610612748,MIA,2544,James,L. James,0,0,0,,0,0,0,0,v,James REBOUND (Off:1 Def:5),Rebound,Unknown,0,0
195,207,PT00M01.00S,2,1610612748,MIA,2544,James,L. James,-76,246,26,Missed,1,0,0,0,v,MISS James 26' 3PT Jump Shot,Missed Shot,Jump Shot,0,0
196,208,PT00M00.00S,2,0,,1610612748,,,0,0,0,,0,0,0,0,v,Heat Rebound,Rebound,Unknown,0,0
197,209,PT00M00.00S,2,0,,0,,,0,0,0,,0,42,57,99,,End of 2nd Period (8:31 PM EST),period,end,0,0
198,212,PT12M00.00S,3,0,,0,,,0,0,0,,0,42,57,99,,Start of 3rd Period (8:50 PM EST),period,start,0,0
199,213,PT11M41.00S,3,1610612748,MIA,2617,Haslem,U. Haslem,7,23,2,Missed,1,0,0,0,v,MISS Haslem 2' Layup,Missed Shot,Layup Shot,0,0
200,213,PT11M41.00S,3,1610612765,DET,202328,Monroe,G. Monroe,0,0,0,,0,0,0,0,h,Monroe BLOCK (1 BLK),,,0,0
201,214,PT11M41.00S,3,0,,1610612748,,,0,0,0,,0,0,0,0,v,Heat Rebound,Rebound,Unknown,0,0
202,215,PT11M36.00S,3,1610612748,MIA,2617,Haslem,U. Haslem,-97,165,19,Missed,1,0,0,0,v,MISS Haslem 19' Jump Shot,Missed Shot,Jump Shot,0,0
203,216,PT11M35.00S,3,1610612748,MIA,201962,Douglas,T. Douglas,0,0,0,,0,0,0,0,v,Douglas REBOUND (Off:1 Def:0),Rebound,Unknown,0,0
204,217,PT11M32.00S,3,1610612748,MIA,201962,Douglas,T. Douglas,-5,7,1,Made,1,42,59,101,v,Douglas 1' Tip Shot (6 PTS),Made Shot,Tip Shot,0,0
205,218,PT11M12.00S,3,1610612765,DET,201943,Jennings,B. Jennings,61,260,27,Missed,1,0,0,0,h,MISS Jennings 27' 3PT Jump Shot,Missed Shot,Jump Shot,0,0
206,219,PT11M11.00S,3,1610612748,MIA,2617,Haslem,U. Haslem,0,0,0,,0,0,0,0,v,Haslem REBOUND (Off:0 Def:5),Rebound,Unknown,0,0
207,220,PT11M00.00S,3,1610612748,MIA,2547,Bosh,C. Bosh,7,77,8,Missed,1,0,0,0,v,MISS Bosh 8' Jump Shot,Missed Shot,Jump Shot,0,0
208,221,PT10M59.00S,3,1610612765,DET,203083,Drummond,A. Drummond,0,0,0,,0,0,0,0,h,Drummond REBOUND (Off:3 Def:7),Rebound,Unknown,0,0
209,222,PT10M37.00S,3,1610612765,DET,202328,Monroe,G. Monroe,0,1,0,Made,1,44,59,103,h,Monroe  Layup (6 PTS) (Jennings 5 AST),Made Shot,Layup Shot,0,0
210,223,PT10M37.00S,3,1610612748,MIA,2547,Bosh,C. Bosh,0,0,0,,0,0,0,0,v,Bosh S.FOUL (P1.T1),Foul,Shooting,0,0
211,224,PT10M37.00S,3,1610612765,DET,202328,Monroe,G. Monroe,0,0,0,,0,45,59,104,h,Monroe Free Throw 1 of 1 (7 PTS),Free Throw,Free Throw 1 of 1,0,0
212,225,PT10M30.00S,3,1610612765,DET,2746,Smith,J. Smith,0,0,0,,0,0,0,0,h,Smith P.FOUL (P2.T1),Foul,Personal,0,0
213,226,PT10M19.00S,3,1610612748,MIA,201962,Douglas,T. Douglas,7,1,1,Missed,1,0,0,0,v,MISS Douglas 1' Layup,Missed Shot,Layup Shot,0,0
214,226,PT10M19.00S,3,1610612765,DET,202328,Monroe,G. Monroe,0,0,0,,0,0,0,0,h,Monroe BLOCK (2 BLK),,,0,0
215,227,PT10M16.00S,3,1610612765,DET,203083,Drummond,A. Drummond,0,0,0,,0,0,0,0,h,Drummond REBOUND (Off:3 Def:8),Rebound,Unknown,0,0
216,228,PT10M02.00S,3,1610612765,DET,2746,Smith,J. Smith,-228,31,0,Missed,1,0,0,0,h,MISS Smith  3PT Jump Shot,Missed Shot,Jump Shot,0,0
217,229,PT10M01.00S,3,1610612748,MIA,201962,Douglas,T. Douglas,0,0,0,,0,0,0,0,v,Douglas REBOUND (Off:1 Def:1),Rebound,Unknown,0,0
218,230,PT09M55.00S,3,1610612748,MIA,2592,Jones,J. Jones,-136,101,17,Missed,1,0,0,0,v,MISS Jones 17' Jump Shot,Missed Shot,Jump Shot,0,0
219,231,PT09M54.00S,3,1610612748,MIA,2544,James,L. James,0,0,0,,0,0,0,0,v,James REBOUND (Off:2 Def:5),Rebound,Unknown,0,0
220,232,PT09M43.00S,3,1610612748,MIA,2592,Jones,J. Jones,133,220,26,Made,1,45,62,107,v,Jones 26' 3PT Jump Shot (6 PTS) (James 9 AST),Made Shot,Jump Shot,0,0
221,233,PT09M43.00S,3,0,,1610612765,,,0,0,0,,0,0,0,0,h,PISTONS Timeout: Regular (Full 3 Short 0),Timeout,Regular,0,0
222,235,PT09M30.00S,3,1610612765,DET,2746,Smith,J. Smith,-54,25,6,Missed,1,0,0,0,h,MISS Smith 6' Hook Shot,Missed Shot,Hook Shot,0,0
223,236,PT09M28.00S,3,1610612748,MIA,2544,James,L. James,0,0,0,,0,0,0,0,v,James REBOUND (Off:2 Def:6),Rebound,Unknown,0,0
224,237,PT09M20.00S,3,1610612748,MIA,2547,Bosh,C. Bosh,12,255,26,Made,1,45,65,110,v,Bosh 26' 3PT Jump Shot (9 PTS) (Jones 2 AST),Made Shot,Jump Shot,0,0
225,238,PT09M02.00S,3,1610612765,DET,201943,Jennings,B. Jennings,-84,17,9,Made,1,47,65,112,h,Jennings 9' Floating Jump Shot (2 PTS),Made Shot,Floating Jump shot,0,0
226,239,PT08M34.00S,3,0,,1610612748,,,0,0,0,,0,0,0,0,v,Heat Turnover: Shot Clock (T#3),Turnover,Shot Clock Turnover,0,0
227,240,PT08M14.00S,3,1610612765,DET,202328,Monroe,G. Monroe,43,20,5,Missed,1,0,0,0,h,MISS Monroe 5' Jump Shot,Missed Shot,Jump Shot,0,0
228,241,PT08M13.00S,3,1610612765,DET,202328,Monroe,G. Monroe,0,0,0,,0,0,0,0,h,Monroe REBOUND (Off:2 Def:4),Rebound,Unknown,0,0
229,242,PT08M13.00S,3,1610612765,DET,202328,Monroe,G. Monroe,1,4,0,Made,1,49,65,114,h,Monroe  Layup (9 PTS),Made Shot,Layup Shot,0,0
230,243,PT08M13.00S,3,1610612748,MIA,2547,Bosh,C. Bosh,0,0,0,,0,0,0,0,v,Bosh S.FOUL (P2.T2),Foul,Shooting,0,0
231,244,PT08M13.00S,3,1610612765,DET,202328,Monroe,G. Monroe,0,0,0,,0,0,0,0,h,MISS Monroe Free Throw 1 of 1,Free Throw,Free Throw 1 of 1,0,0
232,245,PT08M11.00S,3,1610612748,MIA,2547,Bosh,C. Bosh,0,0,0,,0,0,0,0,v,Bosh REBOUND (Off:0 Def:5),Rebound,Unknown,0,0
233,246,PT07M58.00S,3,1610612748,MIA,2544,James,L. James,-60,261,27,Made,1,49,68,117,v,James 27' 3PT Jump Shot (11 PTS),Made Shot,Jump Shot,0,0
234,247,PT07M39.00S,3,1610612765,DET,201943,Jennings,B. Jennings,-29,14,3,Missed,1,0,0,0,h,MISS Jennings 3' Jump Shot,Missed Shot,Jump Shot,0,0
235,248,PT07M39.00S,3,1610612765,DET,202328,Monroe,G. Monroe,0,0,0,,0,0,0,0,h,Monroe REBOUND (Off:3 Def:4),Rebound,Unknown,0,0
236,249,PT07M39.00S,3,1610612765,DET,202328,Monroe,G. Monroe,-2,9,1,Missed,1,0,0,0,h,MISS Monroe 1' Layup,Missed Shot,Layup Shot,0,0
237,250,PT07M39.00S,3,1610612748,MIA,2547,Bosh,C. Bosh,0,0,0,,0,0,0,0,v,Bosh REBOUND (Off:0 Def:6),Rebound,Unknown,0,0
238,251,PT07M39.00S,3,1610612765,DET,202328,Monroe,G. Monroe,0,0,0,,0,0,0,0,h,Monroe P.FOUL (P2.T2),Foul,Personal,0,0
239,252,PT07M29.00S,3,1610612765,DET,203083,Drummond,A. Drummond,0,0,0,,0,0,0,0,h,Drummond P.FOUL (P2.T3),Foul,Personal,0,0
240,253,PT07M29.00S,3,1610612765,DET,201943,Jennings,B. Jennings,0,0,0,,0,0,0,0,h,Jennings P.FOUL (P1.T4),Foul,Personal,0,0
241,254,PT07M14.00S,3,1610612748,MIA,2617,Haslem,U. Haslem,-138,96,17,Made,1,49,70,119,v,Haslem 17' Jump Shot (14 PTS) (Douglas 3 AST),Made Shot,Jump Shot,0,0
242,255,PT06M54.00S,3,1610612765,DET,2746,Smith,J. Smith,0,0,0,,0,0,0,0,h,Smith Out of Bounds Lost Ball Turnover (P3.T7),Turnover,Out of Bounds Lost Ball Turnover,0,0
243,256,PT06M33.00S,3,1610612748,MIA,2592,Jones,J. Jones,-232,19,0,Made,1,49,73,122,v,Jones  3PT Jump Shot (9 PTS) (Bosh 2 AST),Made Shot,Jump Shot,0,0
244,257,PT06M19.00S,3,1610612765,DET,2746,Smith,J. Smith,75,12,8,Missed,1,0,0,0,h,MISS Smith 8' Jump Shot,Missed Shot,Jump Shot,0,0
245,257,PT06M19.00S,3,1610612748,MIA,2617,Haslem,U. Haslem,0,0,0,,0,0,0,0,v,Haslem BLOCK (1 BLK),,,0,0
246,258,PT06M17.00S,3,1610612765,DET,203083,Drummond,A. Drummond,0,0,0,,0,0,0,0,h,Drummond REBOUND (Off:4 Def:8),Rebound,Unknown,0,0
247,259,PT06M16.00S,3,1610612765,DET,203083,Drummond,A. Drummond,1,3,0,Missed,1,0,0,0,h,MISS Drummond  Layup,Missed Shot,Layup Shot,0,0
248,260,PT06M15.00S,3,0,,1610612748,,,0,0,0,,0,0,0,0,v,Heat Rebound,Rebound,Unknown,0,0
249,261,PT06M15.00S,3,1610612765,DET,203083,Drummond,A. Drummond,0,0,0,,0,0,0,0,h,Drummond P.FOUL (P3.PN),Foul,Personal,0,0
250,262,PT06M15.00S,3,1610612748,MIA,2617,Haslem,U. Haslem,0,0,0,,0,0,0,0,v,MISS Haslem Free Throw 1 of 2,Free Throw,Free Throw 1 of 2,0,0
251,263,PT06M15.00S,3,0,,1610612748,,,0,0,0,,0,0,0,0,v,Heat Rebound,Rebound,Normal Rebound,0,0
252,264,PT06M15.00S,3,1610612748,MIA,2617,Haslem,U. Haslem,0,0,0,,0,49,74,123,v,Haslem Free Throw 2 of 2 (15 PTS),Free Throw,Free Throw 2 of 2,0,0
253,266,PT05M57.00S,3,1610612765,DET,201943,Jennings,B. Jennings,-164,225,28,Missed,1,0,0,0,h,MISS Jennings 28' 3PT Jump Shot,Missed Shot,Jump Shot,0,0
254,267,PT05M56.00S,3,1610612748,MIA,2547,Bosh,C. Bosh,0,0,0,,0,0,0,0,v,Bosh REBOUND (Off:0 Def:7),Rebound,Unknown,0,0
255,268,PT05M47.00S,3,1610612765,DET,2746,Smith,J. Smith,0,0,0,,0,0,0,0,h,Smith P.FOUL (P3.PN),Foul,Personal,0,0
256,269,PT05M47.00S,3,1610612765,DET,201943,Jennings,B. Jennings,0,0,0,,0,0,0,0,h,Jennings T.FOUL (P1.PN),Foul,Technical,0,0
257,270,PT05M47.00S,3,1610612748,MIA,2544,James,L. James,0,0,0,,0,49,75,124,v,James Free Throw Technical (12 PTS),Free Throw,Free Throw Technical,0,0
258,272,PT05M47.00S,3,1610612748,MIA,2592,Jones,J. Jones,0,0,0,,0,0,0,0,v,MISS Jones Free Throw 1 of 2,Free Throw,Free Throw 1 of 2,0,0
259,273,PT05M47.00S,3,0,,1610612748,,,0,0,0,,0,0,0,0,v,Heat Rebound,Rebound,Normal Rebound,0,0
260,274,PT05M47.00S,3,1610612765,DET,202713,Singler,K. Singler,0,0,0,,0,0,0,0,h,SUB: Stuckey FOR Singler,Substitution,,0,0
261,275,PT05M47.00S,3,1610612748,MIA,2592,Jones,J. Jones,0,0,0,,0,49,76,125,v,Jones Free Throw 2 of 2 (10 PTS),Free Throw,Free Throw 2 of 2,0,0
262,277,PT05M39.00S,3,1610612748,MIA,201962,Douglas,T. Douglas,0,0,0,,0,0,0,0,v,Douglas S.FOUL (P2.T3),Foul,Shooting,0,0
263,278,PT05M39.00S,3,1610612765,DET,201943,Jennings,B. Jennings,0,0,0,,0,50,76,126,h,Jennings Free Throw 1 of 2 (3 PTS),Free Throw,Free Throw 1 of 2,0,0
264,280,PT05M39.00S,3,1610612765,DET,201943,Jennings,B. Jennings,0,0,0,,0,51,76,127,h,Jennings Free Throw 2 of 2 (4 PTS),Free Throw,Free Throw 2 of 2,0,0
265,282,PT05M23.00S,3,1610612748,MIA,2592,Jones,J. Jones,225,93,24,Missed,1,0,0,0,v,MISS Jones 24' 3PT Jump Shot,Missed Shot,Jump Shot,0,0
266,283,PT05M22.00S,3,1610612748,MIA,201962,Douglas,T. Douglas,0,0,0,,0,0,0,0,v,Douglas REBOUND (Off:2 Def:1),Rebound,Unknown,0,0
267,284,PT05M14.00S,3,1610612748,MIA,2544,James,L. James,10,3,1,Made,1,51,78,129,v,James 1' Driving Layup (14 PTS),Made Shot,Driving Layup Shot,0,0
268,285,PT05M14.00S,3,1610612765,DET,2746,Smith,J. Smith,0,0,0,,0,0,0,0,h,Smith S.FOUL (P4.PN),Foul,Shooting,0,0
269,286,PT05M14.00S,3,1610612748,MIA,2544,James,L. James,0,0,0,,0,51,79,130,v,James Free Throw 1 of 1 (15 PTS),Free Throw,Free Throw 1 of 1,0,0
270,287,PT04M50.00S,3,1610612765,DET,202328,Monroe,G. Monroe,1,12,1,Made,1,53,79,132,h,Monroe 1' Layup (11 PTS) (Jennings 6 AST),Made Shot,Layup Shot,0,0
271,288,PT04M32.00S,3,1610612748,MIA,2547,Bosh,C. Bosh,6,6,1,Made,1,53,81,134,v,Bosh 1' Layup (11 PTS) (James 10 AST),Made Shot,Layup Shot,0,0
272,289,PT04M17.00S,3,1610612765,DET,201155,Stuckey,R. Stuckey,-177,26,18,Missed,1,0,0,0,h,MISS Stuckey 18' Jump Shot,Missed Shot,Jump Shot,0,0
273,290,PT04M16.00S,3,1610612748,MIA,201962,Douglas,T. Douglas,0,0,0,,0,0,0,0,v,Douglas REBOUND (Off:2 Def:2),Rebound,Unknown,0,0
274,291,PT04M03.00S,3,1610612748,MIA,2547,Bosh,C. Bosh,157,37,16,Made,1,53,83,136,v,Bosh 16' Jump Shot (13 PTS) (James 11 AST),Made Shot,Jump Shot,0,0
275,293,PT03M43.00S,3,1610612765,DET,2746,Smith,J. Smith,0,0,0,,0,0,0,0,h,SUB: Singler FOR Smith,Substitution,,0,0
276,294,PT03M43.00S,3,1610612765,DET,203083,Drummond,A. Drummond,0,0,0,,0,0,0,0,h,SUB: Jerebko FOR Drummond,Substitution,,0,0
277,295,PT03M43.00S,3,1610612748,MIA,201962,Douglas,T. Douglas,0,0,0,,0,0,0,0,v,SUB: Cole FOR Douglas,Substitution,,0,0
278,296,PT03M38.00S,3,1610612748,MIA,202708,Cole,N. Cole,0,0,0,,0,0,0,0,v,Cole S.FOUL (P2.T4),Foul,Shooting,0,0
279,297,PT03M38.00S,3,1610612765,DET,201943,Jennings,B. Jennings,0,0,0,,0,54,83,137,h,Jennings Free Throw 1 of 2 (5 PTS),Free Throw,Free Throw 1 of 2,0,0
280,299,PT03M38.00S,3,1610612765,DET,201943,Jennings,B. Jennings,0,0,0,,0,0,0,0,h,MISS Jennings Free Throw 2 of 2,Free Throw,Free Throw 2 of 2,0,0
281,301,PT03M35.00S,3,1610612748,MIA,2547,Bosh,C. Bosh,0,0,0,,0,0,0,0,v,Bosh REBOUND (Off:0 Def:8),Rebound,Unknown,0,0
282,302,PT03M19.00S,3,1610612748,MIA,202708,Cole,N. Cole,-226,11,0,Missed,1,0,0,0,v,MISS Cole  3PT Jump Shot,Missed Shot,Jump Shot,0,0
283,303,PT03M18.00S,3,1610612748,MIA,2547,Bosh,C. Bosh,0,0,0,,0,0,0,0,v,Bosh REBOUND (Off:1 Def:8),Rebound,Unknown,0,0
284,304,PT03M18.00S,3,1610612748,MIA,2547,Bosh,C. Bosh,0,3,0,Made,1,54,85,139,v,Bosh  Putback Dunk (15 PTS),Made Shot,Putback Dunk Shot,0,0
285,305,PT03M18.00S,3,0,,1610612765,,,0,0,0,,0,0,0,0,h,PISTONS Timeout: Short (Full 3 Short 1),Timeout,Short,0,0
286,307,PT02M58.00S,3,1610612765,DET,202328,Monroe,G. Monroe,-2,-6,1,Missed,1,0,0,0,h,MISS Monroe 1' Layup,Missed Shot,Layup Shot,0,0
287,307,PT02M58.00S,3,1610612748,MIA,2592,Jones,J. Jones,0,0,0,,0,0,0,0,v,Jones BLOCK (1 BLK),,,0,0
288,308,PT02M57.00S,3,1610612748,MIA,2544,James,L. James,0,0,0,,0,0,0,0,v,James REBOUND (Off:2 Def:7),Rebound,Unknown,0,0
289,309,PT02M51.00S,3,1610612748,MIA,2617,Haslem,U. Haslem,1,1,0,Made,1,54,87,141,v,Haslem  Alley Oop Dunk (17 PTS) (James 12 AST),Made Shot,Alley Oop Dunk Shot,0,0
290,311,PT02M24.00S,3,1610612748,MIA,2547,Bosh,C. Bosh,0,0,0,,0,0,0,0,v,Bosh Violation:Defensive Goaltending,Violation,Defensive Goaltending,0,0
291,310,PT02M24.00S,3,1610612765,DET,202713,Singler,K. Singler,0,3,0,Made,1,56,87,143,h,Singler  Layup (6 PTS) (Jennings 7 AST),Made Shot,Layup Shot,0,0
292,312,PT02M03.00S,3,1610612748,MIA,2544,James,L. James,0,0,0,,0,0,0,0,v,James Lost Ball Turnover (P1.T4),Turnover,Lost Ball,0,0
293,312,PT02M03.00S,3,1610612765,DET,201943,Jennings,B. Jennings,0,0,0,,0,0,0,0,h,Jennings STEAL (1 STL),,,0,0
294,313,PT02M00.00S,3,1610612748,MIA,2547,Bosh,C. Bosh,0,0,0,,0,0,0,0,v,Bosh S.FOUL (P3.PN),Foul,Shooting,0,0
295,314,PT02M00.00S,3,0,,1610612748,,,0,0,0,,0,0,0,0,v,Heat Timeout: Regular (Reg.3 Short 0),Timeout,Regular,0,0
296,315,PT02M00.00S,3,1610612748,MIA,2617,Haslem,U. Haslem,0,0,0,,0,0,0,0,v,SUB: Andersen FOR Haslem,Substitution,,0,0
297,316,PT02M00.00S,3,1610612765,DET,201943,Jennings,B. Jennings,0,0,0,,0,57,87,144,h,Jennings Free Throw 1 of 2 (6 PTS),Free Throw,Free Throw 1 of 2,0,0
298,318,PT02M00.00S,3,1610612765,DET,201943,Jennings,B. Jennings,0,0,0,,0,0,0,0,h,MISS Jennings Free Throw 2 of 2,Free Throw,Free Throw 2 of 2,0,0
299,320,PT01M58.00S,3,1610612748,MIA,2544,James,L. James,0,0,0,,0,0,0,0,v,James REBOUND (Off:2 Def:8),Rebound,Unknown,0,0
300,321,PT01M43.00S,3,1610612748,MIA,2544,James,L. James,-68,170,18,Made,1,57,89,146,v,James 18' Jump Shot (17 PTS) (Bosh 3 AST),Made Shot,Jump Shot,0,0
301,322,PT01M26.00S,3,1610612765,DET,201155,Stuckey,R. Stuckey,0,0,0,,0,0,0,0,h,Stuckey Bad Pass Turnover (P1.T8),Turnover,Bad Pass,0,0
302,322,PT01M26.00S,3,1610612748,MIA,202708,Cole,N. Cole,0,0,0,,0,0,0,0,v,Cole STEAL (1 STL),,,0,0
303,323,PT01M11.00S,3,1610612748,MIA,202708,Cole,N. Cole,0,7,1,Made,1,57,91,148,v,Cole 1' Driving Layup (7 PTS),Made Shot,Driving Layup Shot,0,0
304,324,PT00M55.90S,3,1610612765,DET,201943,Jennings,B. Jennings,81,242,26,Missed,1,0,0,0,h,MISS Jennings 26' 3PT Jump Shot,Missed Shot,Jump Shot,0,0
305,325,PT00M54.30S,3,1610612765,DET,202713,Singler,K. Singler,0,0,0,,0,0,0,0,h,Singler REBOUND (Off:1 Def:0),Rebound,Unknown,0,0
306,326,PT00M44.90S,3,1610612765,DET,202713,Singler,K. Singler,72,250,26,Missed,1,0,0,0,h,MISS Singler 26' 3PT Jump Shot,Missed Shot,Jump Shot,0,0
307,327,PT00M43.50S,3,1610612765,DET,202328,Monroe,G. Monroe,0,0,0,,0,0,0,0,h,Monroe REBOUND (Off:4 Def:4),Rebound,Unknown,0,0
308,328,PT00M41.90S,3,1610612748,MIA,2547,Bosh,C. Bosh,0,0,0,,0,0,0,0,v,Bosh S.FOUL (P4.PN),Foul,Shooting,0,0
309,329,PT00M41.90S,3,1610612765,DET,202328,Monroe,G. Monroe,0,0,0,,0,58,91,149,h,Monroe Free Throw 1 of 2 (12 PTS),Free Throw,Free Throw 1 of 2,0,0
310,331,PT00M41.90S,3,1610612748,MIA,2547,Bosh,C. Bosh,0,0,0,,0,0,0,0,v,SUB: Lewis FOR Bosh,Substitution,,0,0
311,332,PT00M41.90S,3,1610612765,DET,202328,Monroe,G. Monroe,0,0,0,,0,0,0,0,h,MISS Monroe Free Throw 2 of 2,Free Throw,Free Throw 2 of 2,0,0
312,334,PT00M41.50S,3,1610612748,MIA,2365,Andersen,C. Andersen,0,0,0,,0,0,0,0,v,Andersen REBOUND (Off:1 Def:1),Rebound,Unknown,0,0
313,335,PT00M24.00S,3,1610612765,DET,202328,Monroe,G. Monroe,0,0,0,,0,0,0,0,h,Monroe S.FOUL (P3.PN),Foul,Shooting,0,0
314,336,PT00M24.00S,3,1610612748,MIA,2365,Andersen,C. Andersen,0,0,0,,0,58,92,150,v,Andersen Free Throw 1 of 2 (11 PTS),Free Throw,Free Throw 1 of 2,0,0
315,338,PT00M24.00S,3,1610612748,MIA,2365,Andersen,C. Andersen,0,0,0,,0,0,0,0,v,MISS Andersen Free Throw 2 of 2,Free Throw,Free Throw 2 of 2,0,0
316,340,PT00M22.90S,3,1610612765,DET,201973,Jerebko,J. Jerebko,0,0,0,,0,0,0,0,h,Jerebko REBOUND (Off:0 Def:3),Rebound,Unknown,0,0
317,341,PT00M01.60S,3,1610612765,DET,201943,Jennings,B. Jennings,4,0,0,Made,1,60,92,152,h,Jennings  Driving Layup (8 PTS) (Singler 1 AST),Made Shot,Driving Layup Shot,0,0
318,342,PT00M01.60S,3,0,,1610612765,,,0,0,0,,0,0,0,0,h,PISTONS Violation: Delay of game Violation,Violation,Delay Of Game,0,0
319,343,PT00M00.70S,3,1610612748,MIA,2592,Jones,J. Jones,-171,192,26,Missed,1,0,0,0,v,MISS Jones 26' 3PT Jump Shot,Missed Shot,Jump Shot,0,0
320,344,PT00M00.00S,3,0,,1610612748,,,0,0,0,,0,0,0,0,v,Heat Rebound,Rebound,Unknown,0,0
321,345,PT00M00.00S,3,0,,0,,,0,0,0,,0,60,92,152,,End of 3rd Period (9:18 PM EST),period,end,0,0
322,347,PT12M00.00S,4,0,,0,,,0,0,0,,0,60,92,152,,Start of 4th Period (9:21 PM EST),period,start,0,0
323,348,PT11M39.00S,4,1610612765,DET,101198,Bynum,W. Bynum,-117,225,25,Missed,1,0,0,0,h,MISS Bynum 25' 3PT Jump Shot,Missed Shot,Jump Shot,0,0
324,349,PT11M38.00S,4,1610612748,MIA,2365,Andersen,C. Andersen,0,0,0,,0,0,0,0,v,Andersen REBOUND (Off:1 Def:2),Rebound,Unknown,0,0
325,350,PT11M12.00S,4,1610612748,MIA,2203,Battier,S. Battier,-57,263,27,Missed,1,0,0,0,v,MISS Battier 27' 3PT Jump Shot,Missed Shot,Jump Shot,0,0
326,351,PT11M11.00S,4,1610612765,DET,101198,Bynum,W. Bynum,0,0,0,,0,0,0,0,h,Bynum REBOUND (Off:0 Def:1),Rebound,Unknown,0,0
327,352,PT11M08.00S,4,1610612765,DET,201973,Jerebko,J. Jerebko,-2,4,0,Made,1,62,92,154,h,Jerebko  Dunk (2 PTS) (Bynum 2 AST),Made Shot,Dunk Shot,0,0
328,353,PT10M49.00S,4,1610612748,MIA,2203,Battier,S. Battier,-4,6,1,Made,1,62,94,156,v,Battier 1' Layup (4 PTS) (Lewis 1 AST),Made Shot,Layup Shot,0,0
329,354,PT10M28.00S,4,1610612748,MIA,2203,Battier,S. Battier,0,0,0,,0,0,0,0,v,Battier S.FOUL (P2.T1),Foul,Shooting,0,0
330,355,PT10M28.00S,4,1610612765,DET,202713,Singler,K. Singler,0,0,0,,0,63,94,157,h,Singler Free Throw 1 of 2 (7 PTS),Free Throw,Free Throw 1 of 2,0,0
331,357,PT10M28.00S,4,1610612765,DET,201155,Stuckey,R. Stuckey,0,0,0,,0,0,0,0,h,SUB: Caldwell-Pope FOR Stuckey,Substitution,,0,0
332,358,PT10M28.00S,4,1610612765,DET,202713,Singler,K. Singler,0,0,0,,0,64,94,158,h,Singler Free Throw 2 of 2 (8 PTS),Free Throw,Free Throw 2 of 2,0,0
333,360,PT10M05.00S,4,1610612748,MIA,2365,Andersen,C. Andersen,26,22,3,Missed,1,0,0,0,v,MISS Andersen 3' Jump Shot,Missed Shot,Jump Shot,0,0
334,360,PT10M05.00S,4,1610612765,DET,203484,Caldwell-Pope,K. Caldwell-Pope,0,0,0,,0,0,0,0,h,Caldwell-Pope BLOCK (1 BLK),,,0,0
335,361,PT10M03.00S,4,1610612748,MIA,201962,Douglas,T. Douglas,0,0,0,,0,0,0,0,v,Douglas REBOUND (Off:3 Def:2),Rebound,Unknown,0,0
336,362,PT09M57.00S,4,1610612748,MIA,1740,Lewis,R. Lewis,-234,3,0,Missed,1,0,0,0,v,MISS Lewis  3PT Jump Shot,Missed Shot,Jump Shot,0,0
337,363,PT09M56.00S,4,1610612765,DET,201973,Jerebko,J. Jerebko,0,0,0,,0,0,0,0,h,Jerebko REBOUND (Off:0 Def:4),Rebound,Unknown,0,0
338,364,PT09M43.00S,4,1610612765,DET,101198,Bynum,W. Bynum,0,0,0,,0,0,0,0,h,Bynum Lost Ball Turnover (P1.T9),Turnover,Lost Ball,0,0
339,364,PT09M43.00S,4,1610612748,MIA,1740,Lewis,R. Lewis,0,0,0,,0,0,0,0,v,Lewis STEAL (1 STL),,,0,0
340,365,PT09M41.00S,4,1610612765,DET,203484,Caldwell-Pope,K. Caldwell-Pope,0,0,0,,0,0,0,0,h,Caldwell-Pope S.FOUL (P3.T1),Foul,Shooting,0,0
341,366,PT09M41.00S,4,1610612748,MIA,201962,Douglas,T. Douglas,0,0,0,,0,0,0,0,v,MISS Douglas Free Throw 1 of 2,Free Throw,Free Throw 1 of 2,0,0
342,367,PT09M41.00S,4,0,,1610612748,,,0,0,0,,0,0,0,0,v,Heat Rebound,Rebound,Normal Rebound,0,0
343,368,PT09M41.00S,4,1610612748,MIA,201962,Douglas,T. Douglas,0,0,0,,0,64,95,159,v,Douglas Free Throw 2 of 2 (7 PTS),Free Throw,Free Throw 2 of 2,0,0
344,370,PT09M27.00S,4,1610612765,DET,201973,Jerebko,J. Jerebko,-11,6,1,Made,1,66,95,161,h,Jerebko 1' Layup (4 PTS) (Singler 2 AST),Made Shot,Layup Shot,0,0
345,371,PT09M08.00S,4,1610612748,MIA,1740,Lewis,R. Lewis,0,0,0,,0,0,0,0,v,Lewis Bad Pass Turnover (P1.T5),Turnover,Bad Pass,0,0
346,372,PT08M58.00S,4,1610612765,DET,202713,Singler,K. Singler,-8,4,1,Made,1,68,95,163,h,Singler 1' Layup (10 PTS) (Jerebko 1 AST),Made Shot,Layup Shot,0,0
347,373,PT08M58.00S,4,1610612748,MIA,2365,Andersen,C. Andersen,0,0,0,,0,0,0,0,v,Andersen S.FOUL (P1.T2),Foul,Shooting,0,0
348,374,PT08M58.00S,4,0,,0,,,0,0,0,,0,0,0,0,,Timeout: Official,Timeout,Official,0,0
349,376,PT08M58.00S,4,1610612765,DET,202713,Singler,K. Singler,0,0,0,,0,69,95,164,h,Singler Free Throw 1 of 1 (11 PTS),Free Throw,Free Throw 1 of 1,0,0
350,377,PT08M42.00S,4,1610612748,MIA,2365,Andersen,C. Andersen,1,0,0,Made,1,69,97,166,v,Andersen  Alley Oop Dunk (13 PTS) (Douglas 4 AST),Made Shot,Alley Oop Dunk Shot,0,0
351,378,PT08M29.00S,4,1610612765,DET,203484,Caldwell-Pope,K. Caldwell-Pope,0,0,0,,0,0,0,0,h,Caldwell-Pope Lost Ball Turnover (P1.T10),Turnover,Lost Ball,0,0
352,378,PT08M29.00S,4,1610612748,MIA,201962,Douglas,T. Douglas,0,0,0,,0,0,0,0,v,Douglas STEAL (1 STL),,,0,0
353,380,PT08M06.00S,4,1610612748,MIA,1740,Lewis,R. Lewis,143,3,14,Made,1,69,99,168,v,Lewis 14' Jump Shot (9 PTS) (Douglas 5 AST),Made Shot,Jump Shot,0,0
354,381,PT07M48.00S,4,1610612765,DET,101198,Bynum,W. Bynum,39,255,26,Missed,1,0,0,0,h,MISS Bynum 26' 3PT Jump Shot,Missed Shot,Jump Shot,0,0
355,382,PT07M47.00S,4,1610612748,MIA,2365,Andersen,C. Andersen,0,0,0,,0,0,0,0,v,Andersen REBOUND (Off:1 Def:3),Rebound,Unknown,0,0
356,383,PT07M31.00S,4,1610612748,MIA,202708,Cole,N. Cole,0,0,0,,0,0,0,0,v,Cole Bad Pass Turnover (P2.T6),Turnover,Bad Pass,0,0
357,383,PT07M31.00S,4,1610612765,DET,101198,Bynum,W. Bynum,0,0,0,,0,0,0,0,h,Bynum STEAL (1 STL),,,0,0
358,384,PT07M29.00S,4,1610612748,MIA,201962,Douglas,T. Douglas,0,0,0,,0,0,0,0,v,Douglas C.P.FOUL (P3.T3),Foul,Clear Path,0,0
359,385,PT07M29.00S,4,0,,384,Cheaney,C. Cheaney,0,0,0,,0,0,0,0,,Support Ruling,Instant Replay,Support Ruling,0,0
360,386,PT07M29.00S,4,1610612765,DET,101198,Bynum,W. Bynum,0,0,0,,0,70,99,169,h,Bynum Free Throw Clear Path 1 of 2 (9 PTS),Free Throw,Free Throw Clear Path 1 of 2,0,0
361,388,PT07M29.00S,4,1610612765,DET,101198,Bynum,W. Bynum,0,0,0,,0,71,99,170,h,Bynum Free Throw Clear Path 2 of 2 (10 PTS),Free Throw,Free Throw Clear Path 2 of 2,0,0
362,390,PT07M19.00S,4,1610612765,DET,201973,Jerebko,J. Jerebko,-229,93,25,Missed,1,0,0,0,h,MISS Jerebko 25' 3PT Jump Shot,Missed Shot,Jump Shot,0,0
363,391,PT07M18.00S,4,1610612748,MIA,2365,Andersen,C. Andersen,0,0,0,,0,0,0,0,v,Andersen REBOUND (Off:1 Def:4),Rebound,Unknown,0,0
364,392,PT06M59.00S,4,1610612748,MIA,202708,Cole,N. Cole,6,-3,1,Made,1,71,101,172,v,Cole 1' Driving Layup (9 PTS),Made Shot,Driving Layup Shot,0,0
365,393,PT06M42.00S,4,1610612765,DET,202713,Singler,K. Singler,-182,172,25,Missed,1,0,0,0,h,MISS Singler 25' 3PT Jump Shot,Missed Shot,Jump Shot,0,0
366,394,PT06M41.00S,4,1610612748,MIA,2365,Andersen,C. Andersen,0,0,0,,0,0,0,0,v,Andersen REBOUND (Off:1 Def:5),Rebound,Unknown,0,0
367,395,PT06M26.00S,4,1610612748,MIA,2203,Battier,S. Battier,-59,0,6,Made,1,71,103,174,v,Battier 6' Hook Shot (6 PTS) (Cole 7 AST),Made Shot,Hook Shot,0,0
368,396,PT06M07.00S,4,1610612765,DET,201973,Jerebko,J. Jerebko,-37,36,5,Missed,1,0,0,0,h,MISS Jerebko 5' Hook Shot,Missed Shot,Hook Shot,0,0
369,397,PT06M05.00S,4,1610612765,DET,203083,Drummond,A. Drummond,0,0,0,,0,0,0,0,h,Drummond REBOUND (Off:5 Def:8),Rebound,Unknown,0,0
370,398,PT06M05.00S,4,1610612765,DET,203083,Drummond,A. Drummond,-7,11,1,Missed,1,0,0,0,h,MISS Drummond 1' Tip Shot,Missed Shot,Tip Shot,0,0
371,399,PT06M05.00S,4,1610612765,DET,203083,Drummond,A. Drummond,0,0,0,,0,0,0,0,h,Drummond REBOUND (Off:6 Def:8),Rebound,Unknown,0,0
372,400,PT06M05.00S,4,1610612765,DET,203083,Drummond,A. Drummond,0,0,0,,0,0,0,0,h,SUB: Monroe FOR Drummond,Substitution,,0,0
373,401,PT05M52.00S,4,1610612765,DET,202713,Singler,K. Singler,159,23,16,Missed,1,0,0,0,h,MISS Singler 16' Jump Shot,Missed Shot,Jump Shot,0,0
374,402,PT05M51.00S,4,1610612748,MIA,202708,Cole,N. Cole,0,0,0,,0,0,0,0,v,Cole REBOUND (Off:1 Def:3),Rebound,Unknown,0,0
375,403,PT05M46.00S,4,1610612748,MIA,201962,Douglas,T. Douglas,4,-6,1,Made,1,71,105,176,v,Douglas 1' Layup (9 PTS),Made Shot,Layup Shot,0,0
376,404,PT05M28.00S,4,1610612765,DET,101198,Bynum,W. Bynum,-49,17,5,Made,1,73,105,178,h,Bynum 5' Floating Jump Shot (12 PTS),Made Shot,Floating Jump shot,0,0
377,405,PT05M02.00S,4,1610612748,MIA,2203,Battier,S. Battier,-2,53,5,Missed,1,0,0,0,v,MISS Battier 5' Jump Shot,Missed Shot,Jump Shot,0,0
378,406,PT05M01.00S,4,1610612765,DET,201973,Jerebko,J. Jerebko,0,0,0,,0,0,0,0,h,Jerebko REBOUND (Off:0 Def:5),Rebound,Unknown,0,0
379,407,PT04M44.00S,4,1610612765,DET,202328,Monroe,G. Monroe,34,12,4,Missed,1,0,0,0,h,MISS Monroe 4' Jump Shot,Missed Shot,Jump Shot,0,0
380,408,PT04M44.00S,4,0,,1610612748,,,0,0,0,,0,0,0,0,v,Heat Rebound,Rebound,Unknown,0,0
381,409,PT04M44.00S,4,0,,1610612765,,,0,0,0,,0,0,0,0,h,PISTONS Timeout: Regular (Full 4 Short 1),Timeout,Regular,0,0
382,411,PT04M44.00S,4,1610612765,DET,202328,Monroe,G. Monroe,0,0,0,,0,0,0,0,h,SUB: Siva FOR Monroe,Substitution,,0,0
383,412,PT04M44.00S,4,1610612765,DET,202713,Singler,K. Singler,0,0,0,,0,0,0,0,h,SUB: Datome FOR Singler,Substitution,,0,0
384,413,PT04M44.00S,4,1610612765,DET,101198,Bynum,W. Bynum,0,0,0,,0,0,0,0,h,SUB: Mitchell FOR Bynum,Substitution,,0,0
385,414,PT04M44.00S,4,1610612748,MIA,201962,Douglas,T. Douglas,0,0,0,,0,0,0,0,v,SUB: Hamilton FOR Douglas,Substitution,,0,0
386,415,PT04M44.00S,4,1610612748,MIA,2365,Andersen,C. Andersen,0,0,0,,0,0,0,0,v,SUB: Beasley FOR Andersen,Substitution,,0,0
387,416,PT04M29.00S,4,1610612748,MIA,2203,Battier,S. Battier,234,15,0,Missed,1,0,0,0,v,MISS Battier  3PT Jump Shot,Missed Shot,Jump Shot,0,0
388,417,PT04M28.00S,4,1610612765,DET,203491,Siva,P. Siva,0,0,0,,0,0,0,0,h,Siva REBOUND (Off:0 Def:1),Rebound,Unknown,0,0
389,418,PT04M07.00S,4,1610612765,DET,203540,Datome,G. Datome,-175,91,20,Missed,1,0,0,0,h,MISS Datome 20' Jump Shot,Missed Shot,Jump Shot,0,0
390,419,PT04M06.00S,4,1610612748,MIA,202708,Cole,N. Cole,0,0,0,,0,0,0,0,v,Cole REBOUND (Off:1 Def:4),Rebound,Unknown,0,0
391,420,PT03M57.00S,4,1610612748,MIA,201563,Beasley,M. Beasley,0,0,0,,0,0,0,0,v,Beasley Bad Pass Turnover (P1.T7),Turnover,Bad Pass,0,0
392,420,PT03M57.00S,4,1610612765,DET,203502,Mitchell,T. Mitchell,0,0,0,,0,0,0,0,h,Mitchell STEAL (1 STL),,,0,0
393,421,PT03M51.00S,4,1610612765,DET,201973,Jerebko,J. Jerebko,-5,3,1,Made,1,75,105,180,h,Jerebko 1' Layup (6 PTS) (Siva 1 AST),Made Shot,Layup Shot,0,0
394,422,PT03M32.00S,4,1610612765,DET,203502,Mitchell,T. Mitchell,0,0,0,,0,0,0,0,h,Mitchell P.FOUL (P1.T2),Foul,Personal,0,0
395,423,PT03M19.00S,4,1610612748,MIA,1740,Lewis,R. Lewis,-122,102,16,Missed,1,0,0,0,v,MISS Lewis 16' Jump Shot,Missed Shot,Jump Shot,0,0
396,424,PT03M18.00S,4,1610612748,MIA,201563,Beasley,M. Beasley,0,0,0,,0,0,0,0,v,Beasley REBOUND (Off:1 Def:0),Rebound,Unknown,0,0
397,425,PT03M16.00S,4,1610612748,MIA,201563,Beasley,M. Beasley,-65,101,12,Missed,1,0,0,0,v,MISS Beasley 12' Jump Shot,Missed Shot,Jump Shot,0,0
398,426,PT03M16.00S,4,1610612748,MIA,203120,Hamilton,J. Hamilton,0,0,0,,0,0,0,0,v,Hamilton REBOUND (Off:1 Def:0),Rebound,Unknown,0,0
399,427,PT03M16.00S,4,1610612765,DET,201973,Jerebko,J. Jerebko,0,0,0,,0,0,0,0,h,Jerebko P.FOUL (P3.T3),Foul,Personal,0,0
400,428,PT03M16.00S,4,1610612748,MIA,1740,Lewis,R. Lewis,0,0,0,,0,0,0,0,v,SUB: Jones FOR Lewis,Substitution,,0,0
401,429,PT02M54.00S,4,1610612748,MIA,202708,Cole,N. Cole,-4,9,1,Made,1,75,107,182,v,Cole 1' Driving Layup (11 PTS),Made Shot,Driving Layup Shot,0,0
402,430,PT02M54.00S,4,1610612765,DET,203484,Caldwell-Pope,K. Caldwell-Pope,0,0,0,,0,0,0,0,h,Caldwell-Pope S.FOUL (P4.T4),Foul,Shooting,0,0
403,431,PT02M54.00S,4,0,,1610612748,,,0,0,0,,0,0,0,0,v,Heat Timeout: Regular (Reg.4 Short 0),Timeout,Regular,0,0
404,433,PT02M54.00S,4,1610612748,MIA,202708,Cole,N. Cole,0,0,0,,0,0,0,0,v,MISS Cole Free Throw 1 of 1,Free Throw,Free Throw 1 of 1,0,0
405,435,PT02M52.00S,4,1610612765,DET,201973,Jerebko,J. Jerebko,0,0,0,,0,0,0,0,h,Jerebko REBOUND (Off:0 Def:6),Rebound,Unknown,0,0
406,436,PT02M31.00S,4,1610612765,DET,203540,Datome,G. Datome,-175,50,18,Missed,1,0,0,0,h,MISS Datome 18' Jump Shot,Missed Shot,Jump Shot,0,0
407,437,PT02M30.00S,4,1610612765,DET,203540,Datome,G. Datome,0,0,0,,0,0,0,0,h,Datome REBOUND (Off:1 Def:0),Rebound,Unknown,0,0
408,438,PT02M24.00S,4,1610612765,DET,203491,Siva,P. Siva,-207,172,27,Missed,1,0,0,0,h,MISS Siva 27' 3PT Jump Shot,Missed Shot,Jump Shot,0,0
409,439,PT02M23.00S,4,1610612748,MIA,2203,Battier,S. Battier,0,0,0,,0,0,0,0,v,Battier REBOUND (Off:0 Def:1),Rebound,Unknown,0,0
410,440,PT02M05.00S,4,1610612748,MIA,203120,Hamilton,J. Hamilton,0,0,0,,0,0,0,0,v,Hamilton Lost Ball Turnover (P1.T8),Turnover,Lost Ball,0,0
411,440,PT02M05.00S,4,1610612765,DET,203491,Siva,P. Siva,0,0,0,,0,0,0,0,h,Siva STEAL (1 STL),,,0,0
412,441,PT02M05.00S,4,1610612748,MIA,202708,Cole,N. Cole,0,0,0,,0,0,0,0,v,Cole P.FOUL (P3.T4),Foul,Personal,0,0
413,442,PT01M55.00S,4,1610612765,DET,203484,Caldwell-Pope,K. Caldwell-Pope,-182,156,24,Missed,1,0,0,0,h,MISS Caldwell-Pope 24' 3PT Jump Shot,Missed Shot,Jump Shot,0,0
414,443,PT01M54.00S,4,1610612748,MIA,2203,Battier,S. Battier,0,0,0,,0,0,0,0,v,Battier REBOUND (Off:0 Def:2),Rebound,Unknown,0,0
415,444,PT01M45.00S,4,1610612748,MIA,201563,Beasley,M. Beasley,0,0,0,,0,0,0,0,v,Beasley Step Out of Bounds Turnover (P2.T9),Turnover,Step Out of Bounds Turnover,0,0
416,445,PT01M28.00S,4,1610612765,DET,203484,Caldwell-Pope,K. Caldwell-Pope,39,22,4,Missed,1,0,0,0,h,MISS Caldwell-Pope 4' Jump Shot,Missed Shot,Jump Shot,0,0
417,446,PT01M27.00S,4,1610612748,MIA,201563,Beasley,M. Beasley,0,0,0,,0,0,0,0,v,Beasley REBOUND (Off:1 Def:1),Rebound,Unknown,0,0
418,447,PT01M11.00S,4,1610612748,MIA,201563,Beasley,M. Beasley,83,6,8,Made,1,75,109,184,v,Beasley 8' Jump Shot (2 PTS) (Jones 3 AST),Made Shot,Jump Shot,0,0
419,448,PT01M02.00S,4,1610612765,DET,203491,Siva,P. Siva,0,0,0,,0,0,0,0,h,Siva Lost Ball Turnover (P1.T11),Turnover,Lost Ball,0,0
420,448,PT01M02.00S,4,1610612748,MIA,203120,Hamilton,J. Hamilton,0,0,0,,0,0,0,0,v,Hamilton STEAL (1 STL),,,0,0
421,449,PT01M00.00S,4,1610612765,DET,203484,Caldwell-Pope,K. Caldwell-Pope,0,0,0,,0,0,0,0,h,Caldwell-Pope S.FOUL (P5.PN),Foul,Shooting,0,0
422,450,PT01M00.00S,4,1610612748,MIA,202708,Cole,N. Cole,0,0,0,,0,0,0,0,v,MISS Cole Free Throw 1 of 2,Free Throw,Free Throw 1 of 2,0,0
423,451,PT01M00.00S,4,0,,1610612748,,,0,0,0,,0,0,0,0,v,Heat Rebound,Rebound,Normal Rebound,0,0
424,452,PT01M00.00S,4,1610612748,MIA,202708,Cole,N. Cole,0,0,0,,0,75,110,185,v,Cole Free Throw 2 of 2 (12 PTS),Free Throw,Free Throw 2 of 2,0,0
425,454,PT00M53.40S,4,1610612748,MIA,202708,Cole,N. Cole,0,0,0,,0,0,0,0,v,Cole Violation:Kicked Ball,Violation,Kicked Ball,0,0
426,455,PT00M43.30S,4,1610612765,DET,203484,Caldwell-Pope,K. Caldwell-Pope,-223,31,0,Made,1,78,110,188,h,Caldwell-Pope  3PT Jump Shot (3 PTS) (Jerebko 2 AST),Made Shot,Jump Shot,0,0
427,456,PT00M31.90S,4,1610612748,MIA,203120,Hamilton,J. Hamilton,-90,244,26,Missed,1,0,0,0,v,MISS Hamilton 26' 3PT Jump Shot,Missed Shot,Jump Shot,0,0
428,457,PT00M29.90S,4,1610612765,DET,203484,Caldwell-Pope,K. Caldwell-Pope,0,0,0,,0,0,0,0,h,Caldwell-Pope REBOUND (Off:0 Def:1),Rebound,Unknown,0,0
429,458,PT00M23.90S,4,1610612765,DET,203491,Siva,P. Siva,50,252,26,Missed,1,0,0,0,h,MISS Siva 26' 3PT Jump Shot,Missed Shot,Jump Shot,0,0
430,459,PT00M22.90S,4,1610612748,MIA,2592,Jones,J. Jones,0,0,0,,0,0,0,0,v,Jones REBOUND (Off:0 Def:1),Rebound,Unknown,0,0
431,460,PT00M00.00S,4,0,,0,,,0,0,0,,0,78,110,188,,End of 4th Period (9:48 PM EST),period,end,0,0
