actionId,actionNumber,clock,period,teamId,teamTricode,personId,playerName,playerNameI,xLegacy,yLegacy,shotDistance,shotResult,isFieldGoal,scoreHome,scoreAway,pointsTotal,location,description,actionType,subType,videoAvailable,shotValue
1,0,PT12M00.00S,1,0,,0,,,0,0,0,,0,0,0,0,,Start of 1st Period (9:13 PM EST),period,start,0,0
2,1,PT12M00.00S,1,1610612762,UTA,202683,Freedom,E. Freedom,0,0,0,,0,0,0,0,h,Jump Ball Kanter vs. Cunningham: Tip to Budinger,Jump Ball,,0,0
3,2,PT11M44.00S,1,1610612750,MIN,201978,Budinger,C. Budinger,-57,179,19,Missed,1,0,0,0,v,MISS Budinger 19' Jump Shot,Missed Shot,Jump Shot,0,0
4,3,PT11M42.00S,1,1610612762,UTA,202683,Freedom,E. Freedom,0,0,0,,0,0,0,0,h,Kanter REBOUND (Off:0 Def:1),Rebound,Unknown,0,0
5,4,PT11M29.00S,1,1610612750,MIN,201937,Rubio,R. Rubio,0,0,0,,0,0,0,0,v,Rubio P.FOUL (P1.T1),Foul,Personal,0,0
6,5,PT11M23.00S,1,1610612762,UTA,202683,Freedom,E. Freedom,166,82,19,Missed,1,0,0,0,h,MISS Kanter 19' Jump Shot,Missed Shot,Jump Shot,0,0
7,6,PT11M22.00S,1,1610612762,UTA,202683,Freedom,E. Freedom,0,0,0,,0,0,0,0,h,Kanter REBOUND (Off:1 Def:1),Rebound,Unknown,0,0
8,7,PT11M16.00S,1,1610612762,UTA,101107,Williams,M. Williams,-212,118,24,Made,1,3,0,3,h,Williams 24' 3PT Jump Shot (3 PTS) (Burke 1 AST),Made Shot,Jump Shot,0,0
9,8,PT10M58.00S,1,1610612750,MIN,201567,Love,K. Love,-138,168,22,Made,1,3,2,5,v,Love 22' Jump Shot (2 PTS),Made Shot,Jump Shot,0,0
10,9,PT10M40.00S,1,1610612762,UTA,202330,Hayward,G. Hayward,118,183,22,Made,1,5,2,7,h,Hayward 22' Jump Shot (2 PTS),Made Shot,Jump Shot,0,0
11,10,PT10M23.00S,1,1610612750,MIN,201147,Brewer,C. Brewer,-34,11,4,Missed,1,0,0,0,v,MISS Brewer 4' Running Jump Shot,Missed Shot,Running Jump Shot,0,0
12,10,PT10M23.00S,1,1610612762,UTA,202330,Hayward,G. Hayward,0,0,0,,0,0,0,0,h,Hayward BLOCK (1 BLK),,,0,0
13,11,PT10M21.00S,1,1610612762,UTA,101107,Williams,M. Williams,0,0,0,,0,0,0,0,h,Williams REBOUND (Off:0 Def:1),Rebound,Unknown,0,0
14,12,PT10M15.00S,1,1610612762,UTA,2210,Jefferson,R. Jefferson,-226,14,0,Missed,1,0,0,0,h,MISS Jefferson  3PT Jump Shot,Missed Shot,Jump Shot,0,0
15,13,PT10M14.00S,1,1610612750,MIN,201147,Brewer,C. Brewer,0,0,0,,0,0,0,0,v,Brewer REBOUND (Off:0 Def:1),Rebound,Unknown,0,0
16,15,PT10M10.00S,1,1610612762,UTA,202330,Hayward,G. Hayward,0,0,0,,0,0,0,0,h,Hayward Violation:Defensive Goaltending,Violation,Defensive Goaltending,0,0
17,14,PT10M10.00S,1,1610612750,MIN,201937,Rubio,R. Rubio,-8,0,1,Made,1,5,4,9,v,Rubio 1' Layup (2 PTS),Made Shot,Layup Shot,0,0
18,16,PT09M55.00S,1,1610612762,UTA,203504,Burke,T. Burke,206,28,21,Missed,1,0,0,0,h,MISS Burke 21' Jump Shot,Missed Shot,Jump Shot,0,0
19,17,PT09M54.00S,1,1610612750,MIN,201978,Budinger,C. Budinger,0,0,0,,0,0,0,0,v,Budinger REBOUND (Off:0 Def:1),Rebound,Unknown,0,0
20,18,PT09M50.00S,1,1610612750,MIN,201978,Budinger,C. Budinger,0,0,0,,0,0,0,0,v,Budinger Lost Ball Turnover (P1.T1),Turnover,Lost Ball,0,0
21,18,PT09M50.00S,1,1610612762,UTA,203504,Burke,T. Burke,0,0,0,,0,0,0,0,h,Burke STEAL (1 STL),,,0,0
22,19,PT09M45.00S,1,1610612750,MIN,201978,Budinger,C. Budinger,0,0,0,,0,0,0,0,v,Budinger S.FOUL (P1.T2),Foul,Shooting,0,0
23,20,PT09M45.00S,1,1610612762,UTA,2210,Jefferson,R. Jefferson,0,0,0,,0,6,4,10,h,Jefferson Free Throw 1 of 2 (1 PTS),Free Throw,Free Throw 1 of 2,0,0
24,22,PT09M45.00S,1,1610612762,UTA,2210,Jefferson,R. Jefferson,0,0,0,,0,7,4,11,h,Jefferson Free Throw 2 of 2 (2 PTS),Free Throw,Free Throw 2 of 2,0,0
25,24,PT09M36.00S,1,1610612750,MIN,201937,Rubio,R. Rubio,-18,0,2,Made,1,7,6,13,v,Rubio 2' Running Layup (4 PTS) (Love 1 AST),Made Shot,Running Layup Shot,0,0
26,25,PT09M10.00S,1,1610612762,UTA,101107,Williams,M. Williams,39,105,11,Missed,1,0,0,0,h,MISS Williams 11' Jump Shot,Missed Shot,Jump Shot,0,0
27,26,PT09M08.00S,1,1610612750,MIN,201567,Love,K. Love,0,0,0,,0,0,0,0,v,Love REBOUND (Off:0 Def:1),Rebound,Unknown,0,0
28,27,PT09M00.00S,1,1610612762,UTA,203504,Burke,T. Burke,0,0,0,,0,0,0,0,h,Burke P.FOUL (P1.T1),Foul,Personal,0,0
29,28,PT08M56.00S,1,1610612750,MIN,201147,Brewer,C. Brewer,15,3,2,Made,1,7,8,15,v,Brewer 2' Reverse Layup (2 PTS) (Love 2 AST),Made Shot,Reverse Layup Shot,0,0
30,29,PT08M36.00S,1,1610612762,UTA,202683,Freedom,E. Freedom,-67,55,9,Missed,1,0,0,0,h,MISS Kanter 9' Turnaround Jump Shot,Missed Shot,Turnaround Jump Shot,0,0
31,30,PT08M34.00S,1,1610612750,MIN,201978,Budinger,C. Budinger,0,0,0,,0,0,0,0,v,Budinger REBOUND (Off:0 Def:2),Rebound,Unknown,0,0
32,31,PT08M26.00S,1,1610612750,MIN,201147,Brewer,C. Brewer,18,-2,2,Made,1,7,10,17,v,Brewer 2' Layup (4 PTS) (Rubio 1 AST),Made Shot,Layup Shot,0,0
33,32,PT08M15.00S,1,1610612762,UTA,202330,Hayward,G. Hayward,165,127,21,Missed,1,0,0,0,h,MISS Hayward 21' Jump Shot,Missed Shot,Jump Shot,0,0
34,33,PT08M14.00S,1,1610612750,MIN,201967,Cunningham,D. Cunningham,0,0,0,,0,0,0,0,v,Cunningham REBOUND (Off:0 Def:1),Rebound,Unknown,0,0
35,34,PT08M05.00S,1,1610612762,UTA,101107,Williams,M. Williams,0,0,0,,0,0,0,0,h,Williams P.FOUL (P1.T2),Foul,Personal,0,0
36,35,PT08M00.00S,1,1610612750,MIN,201567,Love,K. Love,-46,197,20,Missed,1,0,0,0,v,MISS Love 20' Jump Shot,Missed Shot,Jump Shot,0,0
37,36,PT07M59.00S,1,1610612762,UTA,203504,Burke,T. Burke,0,0,0,,0,0,0,0,h,Burke REBOUND (Off:0 Def:1),Rebound,Unknown,0,0
38,37,PT07M49.00S,1,1610612762,UTA,2210,Jefferson,R. Jefferson,-229,12,0,Missed,1,0,0,0,h,MISS Jefferson  3PT Jump Shot,Missed Shot,Jump Shot,0,0
39,38,PT07M48.00S,1,1610612750,MIN,201937,Rubio,R. Rubio,0,0,0,,0,0,0,0,v,Rubio REBOUND (Off:0 Def:1),Rebound,Unknown,0,0
40,39,PT07M45.00S,1,1610612750,MIN,201937,Rubio,R. Rubio,0,0,0,,0,0,0,0,v,Rubio Bad Pass Turnover (P1.T2),Turnover,Bad Pass,0,0
41,39,PT07M45.00S,1,1610612762,UTA,202330,Hayward,G. Hayward,0,0,0,,0,0,0,0,h,Hayward STEAL (1 STL),,,0,0
42,40,PT07M25.00S,1,1610612762,UTA,203504,Burke,T. Burke,-187,75,20,Made,1,9,10,19,h,Burke 20' Jump Shot (2 PTS),Made Shot,Jump Shot,0,0
43,41,PT07M07.00S,1,1610612750,MIN,201967,Cunningham,D. Cunningham,-10,105,11,Made,1,9,12,21,v,Cunningham 11' Jump Shot (2 PTS) (Love 3 AST),Made Shot,Jump Shot,0,0
44,42,PT06M51.00S,1,1610612762,UTA,202683,Freedom,E. Freedom,0,0,0,,0,0,0,0,h,Kanter Traveling Turnover (P1.T1),Turnover,Traveling,0,0
45,43,PT06M41.00S,1,1610612762,UTA,202330,Hayward,G. Hayward,0,0,0,,0,0,0,0,h,Hayward P.FOUL (P1.T3),Foul,Personal,0,0
46,44,PT06M32.00S,1,1610612750,MIN,201567,Love,K. Love,-67,61,9,Missed,1,0,0,0,v,MISS Love 9' Jump Hook Shot,Missed Shot,Jump Hook Shot,0,0
47,45,PT06M30.00S,1,1610612762,UTA,202683,Freedom,E. Freedom,0,0,0,,0,0,0,0,h,Kanter REBOUND (Off:1 Def:2),Rebound,Unknown,0,0
48,46,PT06M14.00S,1,1610612762,UTA,202330,Hayward,G. Hayward,92,203,22,Missed,1,0,0,0,h,MISS Hayward 22' Jump Shot,Missed Shot,Jump Shot,0,0
49,47,PT06M12.00S,1,1610612750,MIN,201967,Cunningham,D. Cunningham,0,0,0,,0,0,0,0,v,Cunningham REBOUND (Off:0 Def:2),Rebound,Unknown,0,0
50,48,PT06M04.00S,1,1610612750,MIN,201937,Rubio,R. Rubio,-46,30,5,Missed,1,0,0,0,v,MISS Rubio 5' Running Jump Shot,Missed Shot,Running Jump Shot,0,0
51,48,PT06M04.00S,1,1610612762,UTA,101107,Williams,M. Williams,0,0,0,,0,0,0,0,h,Williams BLOCK (1 BLK),,,0,0
52,49,PT06M04.00S,1,0,,1610612750,,,0,0,0,,0,0,0,0,v,Timberwolves Rebound,Rebound,Unknown,0,0
53,50,PT06M00.00S,1,1610612750,MIN,201567,Love,K. Love,95,22,10,Made,1,9,14,23,v,Love 10' Jump Shot (4 PTS) (Rubio 2 AST),Made Shot,Jump Shot,0,0
54,51,PT05M53.00S,1,0,,1610612762,,,0,0,0,,0,0,0,0,h,JAZZ Timeout: Regular (Full 1 Short 0),Timeout,Regular,0,0
55,53,PT05M44.00S,1,1610612762,UTA,203504,Burke,T. Burke,75,233,24,Missed,1,0,0,0,h,MISS Burke 24' 3PT Jump Shot,Missed Shot,Jump Shot,0,0
56,54,PT05M42.00S,1,1610612750,MIN,201567,Love,K. Love,0,0,0,,0,0,0,0,v,Love REBOUND (Off:0 Def:2),Rebound,Unknown,0,0
57,55,PT05M28.00S,1,1610612750,MIN,201937,Rubio,R. Rubio,0,0,0,,0,0,0,0,v,Rubio Bad Pass Turnover (P2.T3),Turnover,Bad Pass,0,0
58,55,PT05M28.00S,1,1610612762,UTA,203504,Burke,T. Burke,0,0,0,,0,0,0,0,h,Burke STEAL (2 STL),,,0,0
59,56,PT05M23.00S,1,1610612762,UTA,2210,Jefferson,R. Jefferson,-10,0,1,Made,1,11,14,25,h,Jefferson 1' Layup (4 PTS) (Burke 2 AST),Made Shot,Layup Shot,0,0
60,57,PT05M11.00S,1,1610612750,MIN,201967,Cunningham,D. Cunningham,-29,1,3,Missed,1,0,0,0,v,MISS Cunningham 3' Layup,Missed Shot,Layup Shot,0,0
61,58,PT05M09.00S,1,1610612750,MIN,201937,Rubio,R. Rubio,0,0,0,,0,0,0,0,v,Rubio REBOUND (Off:1 Def:1),Rebound,Unknown,0,0
62,59,PT05M05.00S,1,1610612750,MIN,201567,Love,K. Love,-64,195,21,Missed,1,0,0,0,v,MISS Love 21' Jump Shot,Missed Shot,Jump Shot,0,0
63,60,PT05M03.00S,1,1610612750,MIN,201147,Brewer,C. Brewer,0,0,0,,0,0,0,0,v,Brewer REBOUND (Off:1 Def:1),Rebound,Unknown,0,0
64,61,PT04M49.00S,1,1610612750,MIN,201567,Love,K. Love,65,23,7,Made,1,11,16,27,v,Love 7' Jump Bank Hook Shot (6 PTS) (Budinger 1 AST),Made Shot,Jump Bank Hook Shot,0,0
65,62,PT04M29.00S,1,1610612762,UTA,202330,Hayward,G. Hayward,-97,183,21,Made,1,13,16,29,h,Hayward 21' Jump Shot (4 PTS),Made Shot,Jump Shot,0,0
66,63,PT04M11.00S,1,1610612762,UTA,202683,Freedom,E. Freedom,0,0,0,,0,0,0,0,h,Kanter S.FOUL (P1.T4),Foul,Shooting,0,0
67,64,PT04M11.00S,1,1610612762,UTA,2210,Jefferson,R. Jefferson,0,0,0,,0,0,0,0,h,SUB: Burks FOR Jefferson,Substitution,,0,0
68,65,PT04M11.00S,1,1610612750,MIN,201967,Cunningham,D. Cunningham,0,0,0,,0,13,17,30,v,Cunningham Free Throw 1 of 2 (3 PTS),Free Throw,Free Throw 1 of 2,0,0
69,67,PT04M11.00S,1,1610612762,UTA,101107,Williams,M. Williams,0,0,0,,0,0,0,0,h,SUB: Evans FOR Williams,Substitution,,0,0
70,68,PT04M11.00S,1,1610612750,MIN,201967,Cunningham,D. Cunningham,0,0,0,,0,0,0,0,v,MISS Cunningham Free Throw 2 of 2,Free Throw,Free Throw 2 of 2,0,0
71,70,PT04M09.00S,1,1610612762,UTA,202683,Freedom,E. Freedom,0,0,0,,0,0,0,0,h,Kanter REBOUND (Off:1 Def:3),Rebound,Unknown,0,0
72,71,PT03M49.00S,1,1610612762,UTA,202683,Freedom,E. Freedom,13,3,1,Made,1,15,17,32,h,Kanter 1' Reverse Layup (2 PTS),Made Shot,Reverse Layup Shot,0,0
73,72,PT03M41.00S,1,1610612762,UTA,203504,Burke,T. Burke,0,0,0,,0,0,0,0,h,Burke S.FOUL (P2.PN),Foul,Shooting,0,0
74,73,PT03M41.00S,1,1610612750,MIN,201937,Rubio,R. Rubio,0,0,0,,0,15,18,33,v,Rubio Free Throw 1 of 2 (5 PTS),Free Throw,Free Throw 1 of 2,0,0
75,75,PT03M41.00S,1,1610612762,UTA,203504,Burke,T. Burke,0,0,0,,0,0,0,0,h,SUB: Garrett FOR Burke,Substitution,,0,0
76,76,PT03M41.00S,1,1610612750,MIN,201937,Rubio,R. Rubio,0,0,0,,0,0,0,0,v,MISS Rubio Free Throw 2 of 2,Free Throw,Free Throw 2 of 2,0,0
77,78,PT03M39.00S,1,1610612762,UTA,202379,Evans,J. Evans,0,0,0,,0,0,0,0,h,Evans REBOUND (Off:0 Def:1),Rebound,Unknown,0,0
78,79,PT03M27.00S,1,1610612762,UTA,203197,Garrett,D. Garrett,0,0,0,,0,0,0,0,h,Garrett Bad Pass Turnover (P1.T2),Turnover,Bad Pass,0,0
79,79,PT03M27.00S,1,1610612750,MIN,201978,Budinger,C. Budinger,0,0,0,,0,0,0,0,v,Budinger STEAL (1 STL),,,0,0
80,80,PT03M21.00S,1,1610612750,MIN,201937,Rubio,R. Rubio,0,0,0,,0,0,0,0,v,Rubio Bad Pass Turnover (P3.T4),Turnover,Bad Pass,0,0
81,80,PT03M21.00S,1,1610612762,UTA,202330,Hayward,G. Hayward,0,0,0,,0,0,0,0,h,Hayward STEAL (2 STL),,,0,0
82,81,PT03M15.00S,1,1610612762,UTA,202330,Hayward,G. Hayward,0,0,0,,0,0,0,0,h,Hayward Bad Pass Turnover (P1.T3),Turnover,Bad Pass,0,0
83,81,PT03M15.00S,1,1610612750,MIN,201967,Cunningham,D. Cunningham,0,0,0,,0,0,0,0,v,Cunningham STEAL (1 STL),,,0,0
84,82,PT03M11.00S,1,1610612750,MIN,201567,Love,K. Love,2,1,0,Made,1,15,20,35,v,Love  Dunk (8 PTS) (Cunningham 1 AST),Made Shot,Dunk Shot,0,0
85,83,PT02M49.00S,1,1610612762,UTA,202683,Freedom,E. Freedom,-43,15,5,Made,1,17,20,37,h,Kanter 5' Turnaround Bank Shot (4 PTS),Made Shot,Turnaround Bank shot,0,0
86,84,PT02M44.00S,1,1610612750,MIN,201147,Brewer,C. Brewer,1,9,1,Missed,1,0,0,0,v,MISS Brewer 1' Dunk,Missed Shot,Dunk Shot,0,0
87,84,PT02M44.00S,1,1610612762,UTA,202330,Hayward,G. Hayward,0,0,0,,0,0,0,0,h,Hayward BLOCK (2 BLK),,,0,0
88,85,PT02M41.00S,1,1610612750,MIN,201978,Budinger,C. Budinger,0,0,0,,0,0,0,0,v,Budinger REBOUND (Off:1 Def:2),Rebound,Unknown,0,0
89,86,PT02M37.00S,1,1610612750,MIN,201978,Budinger,C. Budinger,2,12,1,Made,1,17,22,39,v,Budinger 1' Layup (2 PTS),Made Shot,Layup Shot,0,0
90,87,PT02M20.00S,1,1610612762,UTA,203197,Garrett,D. Garrett,21,1,2,Made,1,19,22,41,h,Garrett 2' Layup (2 PTS),Made Shot,Layup Shot,0,0
91,88,PT02M06.00S,1,1610612750,MIN,201967,Cunningham,D. Cunningham,119,173,21,Missed,1,0,0,0,v,MISS Cunningham 21' Jump Shot,Missed Shot,Jump Shot,0,0
92,89,PT02M06.00S,1,0,,1610612750,,,0,0,0,,0,0,0,0,v,Timberwolves Rebound,Rebound,Unknown,0,0
93,90,PT02M06.00S,1,1610612762,UTA,202379,Evans,J. Evans,0,0,0,,0,0,0,0,h,Evans L.B.FOUL (P1.PN),Foul,Loose Ball,0,0
94,91,PT02M06.00S,1,0,,1610612750,,,0,0,0,,0,0,0,0,v,Timberwolves Timeout: Regular (Reg.1 Short 0),Timeout,Regular,0,0
95,93,PT02M06.00S,1,1610612750,MIN,201978,Budinger,C. Budinger,0,0,0,,0,0,0,0,v,SUB: Dieng FOR Budinger,Substitution,,0,0
96,94,PT02M06.00S,1,1610612750,MIN,201967,Cunningham,D. Cunningham,0,0,0,,0,0,0,0,v,SUB: Mbah a Moute FOR Cunningham,Substitution,,0,0
97,95,PT02M06.00S,1,1610612750,MIN,201937,Rubio,R. Rubio,0,0,0,,0,0,0,0,v,SUB: Barea FOR Rubio,Substitution,,0,0
98,96,PT02M06.00S,1,1610612750,MIN,201567,Love,K. Love,0,0,0,,0,19,23,42,v,Love Free Throw 1 of 2 (9 PTS),Free Throw,Free Throw 1 of 2,0,0
99,98,PT02M06.00S,1,1610612750,MIN,201567,Love,K. Love,0,0,0,,0,19,24,43,v,Love Free Throw 2 of 2 (10 PTS),Free Throw,Free Throw 2 of 2,0,0
100,100,PT01M51.00S,1,1610612762,UTA,202683,Freedom,E. Freedom,24,11,3,Missed,1,0,0,0,h,MISS Kanter 3' Layup,Missed Shot,Layup Shot,0,0
101,101,PT01M50.00S,1,1610612750,MIN,203476,Dieng,G. Dieng,0,0,0,,0,0,0,0,v,Dieng REBOUND (Off:0 Def:1),Rebound,Unknown,0,0
102,102,PT01M40.00S,1,1610612750,MIN,201567,Love,K. Love,-76,231,24,Missed,1,0,0,0,v,MISS Love 24' 3PT Jump Shot,Missed Shot,Jump Shot,0,0
103,103,PT01M38.00S,1,1610612762,UTA,202692,Burks,A. Burks,0,0,0,,0,0,0,0,h,Burks REBOUND (Off:0 Def:1),Rebound,Unknown,0,0
104,104,PT01M27.00S,1,1610612750,MIN,203476,Dieng,G. Dieng,0,0,0,,0,0,0,0,v,Dieng S.FOUL (P1.T3),Foul,Shooting,0,0
105,105,PT01M27.00S,1,1610612762,UTA,202692,Burks,A. Burks,0,0,0,,0,20,24,44,h,Burks Free Throw 1 of 2 (1 PTS),Free Throw,Free Throw 1 of 2,0,0
106,107,PT01M27.00S,1,1610612762,UTA,202683,Freedom,E. Freedom,0,0,0,,0,0,0,0,h,SUB: Gobert FOR Kanter,Substitution,,0,0
107,108,PT01M27.00S,1,1610612762,UTA,202692,Burks,A. Burks,0,0,0,,0,21,24,45,h,Burks Free Throw 2 of 2 (2 PTS),Free Throw,Free Throw 2 of 2,0,0
108,110,PT01M13.00S,1,1610612750,MIN,200826,Barea,J. Barea,-27,15,3,Missed,1,0,0,0,v,MISS Barea 3' Jump Shot,Missed Shot,Jump Shot,0,0
109,111,PT01M12.00S,1,1610612762,UTA,203497,Gobert,R. Gobert,0,0,0,,0,0,0,0,h,Gobert REBOUND (Off:0 Def:1),Rebound,Unknown,0,0
110,112,PT01M04.00S,1,1610612762,UTA,202330,Hayward,G. Hayward,-204,135,24,Missed,1,0,0,0,h,MISS Hayward 24' 3PT Jump Shot,Missed Shot,Jump Shot,0,0
111,113,PT01M02.00S,1,1610612750,MIN,201601,Mbah a Moute,L. Mbah a Moute,0,0,0,,0,0,0,0,v,Mbah a Moute REBOUND (Off:0 Def:1),Rebound,Unknown,0,0
112,114,PT00M42.90S,1,1610612750,MIN,203476,Dieng,G. Dieng,17,12,2,Made,1,21,26,47,v,Dieng 2' Jump Shot (2 PTS),Made Shot,Jump Shot,0,0
113,115,PT00M32.90S,1,1610612762,UTA,202330,Hayward,G. Hayward,-134,170,22,Missed,1,0,0,0,h,MISS Hayward 22' Jump Shot,Missed Shot,Jump Shot,0,0
114,116,PT00M31.90S,1,1610612750,MIN,201567,Love,K. Love,0,0,0,,0,0,0,0,v,Love REBOUND (Off:0 Def:3),Rebound,Unknown,0,0
115,117,PT00M16.40S,1,1610612762,UTA,203497,Gobert,R. Gobert,0,0,0,,0,0,0,0,h,Gobert S.FOUL (P1.PN),Foul,Shooting,0,0
116,118,PT00M16.40S,1,1610612750,MIN,203476,Dieng,G. Dieng,0,0,0,,0,0,0,0,v,MISS Dieng Free Throw 1 of 2,Free Throw,Free Throw 1 of 2,0,0
117,119,PT00M16.40S,1,0,,1610612750,,,0,0,0,,0,0,0,0,v,Timberwolves Rebound,Rebound,Normal Rebound,0,0
118,121,PT00M16.40S,1,1610612750,MIN,203476,Dieng,G. Dieng,0,0,0,,0,0,0,0,v,MISS Dieng Free Throw 2 of 2,Free Throw,Free Throw 2 of 2,0,0
119,122,PT00M16.40S,1,1610612750,MIN,201567,Love,K. Love,0,0,0,,0,0,0,0,v,SUB: Muhammad FOR Love,Substitution,,0,0
120,123,PT00M15.70S,1,1610612762,UTA,203497,Gobert,R. Gobert,0,0,0,,0,0,0,0,h,Gobert REBOUND (Off:0 Def:2),Rebound,Unknown,0,0
121,124,PT00M05.00S,1,1610612762,UTA,202379,Evans,J. Evans,-93,15,9,Missed,1,0,0,0,h,MISS Evans 9' Jump Shot,Missed Shot,Jump Shot,0,0
122,125,PT00M01.00S,1,1610612750,MIN,203476,Dieng,G. Dieng,0,0,0,,0,0,0,0,v,Dieng REBOUND (Off:0 Def:2),Rebound,Unknown,0,0
123,126,PT00M00.00S,1,0,,0,,,0,0,0,,0,21,26,47,,End of 1st Period (9:37 PM EST),period,end,0,0
124,128,PT12M00.00S,2,0,,0,,,0,0,0,,0,21,26,47,,Start of 2nd Period (9:40 PM EST),period,start,0,0
125,129,PT11M38.00S,2,1610612762,UTA,202692,Burks,A. Burks,13,0,1,Missed,1,0,0,0,h,MISS Burks 1' Layup,Missed Shot,Layup Shot,0,0
126,130,PT11M36.00S,2,1610612750,MIN,203476,Dieng,G. Dieng,0,0,0,,0,0,0,0,v,Dieng REBOUND (Off:0 Def:3),Rebound,Unknown,0,0
127,131,PT11M28.00S,2,1610612750,MIN,200826,Barea,J. Barea,-90,201,22,Missed,1,0,0,0,v,MISS Barea 22' Jump Shot,Missed Shot,Jump Shot,0,0
128,132,PT11M27.00S,2,1610612762,UTA,203497,Gobert,R. Gobert,0,0,0,,0,0,0,0,h,Gobert REBOUND (Off:0 Def:3),Rebound,Unknown,0,0
129,133,PT11M20.00S,2,1610612762,UTA,203497,Gobert,R. Gobert,-2,26,3,Made,1,23,26,49,h,Gobert 3' Layup (2 PTS) (Burks 1 AST),Made Shot,Layup Shot,0,0
130,134,PT11M20.00S,2,1610612750,MIN,203476,Dieng,G. Dieng,0,0,0,,0,0,0,0,v,Dieng S.FOUL (P2.T1),Foul,Shooting,0,0
131,135,PT11M20.00S,2,1610612762,UTA,203497,Gobert,R. Gobert,0,0,0,,0,24,26,50,h,Gobert Free Throw 1 of 1 (3 PTS),Free Throw,Free Throw 1 of 1,0,0
132,137,PT11M05.00S,2,1610612750,MIN,203476,Dieng,G. Dieng,1,1,0,Made,1,24,28,52,v,Dieng  Dunk (4 PTS) (Barea 1 AST),Made Shot,Dunk Shot,0,0
133,138,PT10M52.00S,2,1610612762,UTA,202692,Burks,A. Burks,-8,0,1,Made,1,26,28,54,h,Burks 1' Driving Layup (4 PTS),Made Shot,Driving Layup Shot,0,0
134,139,PT10M29.00S,2,1610612750,MIN,203498,Muhammad,S. Muhammad,-112,47,12,Missed,1,0,0,0,v,MISS Muhammad 12' Jump Shot,Missed Shot,Jump Shot,0,0
135,140,PT10M27.00S,2,1610612762,UTA,203497,Gobert,R. Gobert,0,0,0,,0,0,0,0,h,Gobert REBOUND (Off:0 Def:4),Rebound,Unknown,0,0
136,141,PT10M12.00S,2,1610612762,UTA,201575,Rush,B. Rush,122,80,15,Missed,1,0,0,0,h,MISS Rush 15' Jump Bank Shot,Missed Shot,Jump Bank Shot,0,0
137,142,PT10M11.00S,2,1610612750,MIN,203476,Dieng,G. Dieng,0,0,0,,0,0,0,0,v,Dieng REBOUND (Off:0 Def:4),Rebound,Unknown,0,0
138,143,PT10M05.00S,2,1610612762,UTA,203497,Gobert,R. Gobert,0,0,0,,0,0,0,0,h,Gobert S.FOUL (P2.T1),Foul,Shooting,0,0
139,144,PT10M05.00S,2,1610612750,MIN,200826,Barea,J. Barea,0,0,0,,0,0,0,0,v,MISS Barea Free Throw 1 of 2,Free Throw,Free Throw 1 of 2,0,0
140,145,PT10M05.00S,2,0,,1610612750,,,0,0,0,,0,0,0,0,v,Timberwolves Rebound,Rebound,Normal Rebound,0,0
141,146,PT10M05.00S,2,1610612750,MIN,200826,Barea,J. Barea,0,0,0,,0,0,0,0,v,MISS Barea Free Throw 2 of 2,Free Throw,Free Throw 2 of 2,0,0
142,148,PT10M03.00S,2,1610612762,UTA,203497,Gobert,R. Gobert,0,0,0,,0,0,0,0,h,Gobert REBOUND (Off:0 Def:5),Rebound,Unknown,0,0
143,149,PT09M53.00S,2,1610612750,MIN,201967,Cunningham,D. Cunningham,0,0,0,,0,0,0,0,v,Cunningham S.FOUL (P1.T2),Foul,Shooting,0,0
144,150,PT09M53.00S,2,1610612762,UTA,203497,Gobert,R. Gobert,0,0,0,,0,0,0,0,h,MISS Gobert Free Throw 1 of 2,Free Throw,Free Throw 1 of 2,0,0
145,151,PT09M53.00S,2,0,,1610612762,,,0,0,0,,0,0,0,0,h,JAZZ Rebound,Rebound,Normal Rebound,0,0
146,152,PT09M53.00S,2,1610612762,UTA,203497,Gobert,R. Gobert,0,0,0,,0,27,28,55,h,Gobert Free Throw 2 of 2 (4 PTS),Free Throw,Free Throw 2 of 2,0,0
147,154,PT09M41.00S,2,1610612762,UTA,203197,Garrett,D. Garrett,0,0,0,,0,0,0,0,h,Garrett S.FOUL (P1.T2),Foul,Shooting,0,0
148,155,PT09M41.00S,2,1610612750,MIN,201601,Mbah a Moute,L. Mbah a Moute,0,0,0,,0,0,0,0,v,MISS Mbah a Moute Free Throw 1 of 2,Free Throw,Free Throw 1 of 2,0,0
149,156,PT09M41.00S,2,0,,1610612750,,,0,0,0,,0,0,0,0,v,Timberwolves Rebound,Rebound,Normal Rebound,0,0
150,157,PT09M41.00S,2,1610612750,MIN,201601,Mbah a Moute,L. Mbah a Moute,0,0,0,,0,27,29,56,v,Mbah a Moute Free Throw 2 of 2 (1 PTS),Free Throw,Free Throw 2 of 2,0,0
151,159,PT09M19.00S,2,1610612762,UTA,203197,Garrett,D. Garrett,-141,3,14,Made,1,29,29,58,h,Garrett 14' Jump Shot (4 PTS) (Evans 1 AST),Made Shot,Jump Shot,0,0
152,160,PT09M00.00S,2,1610612750,MIN,200826,Barea,J. Barea,-21,-3,2,Made,1,29,31,60,v,Barea 2' Layup (2 PTS),Made Shot,Layup Shot,0,0
153,161,PT08M56.00S,2,1610612750,MIN,201967,Cunningham,D. Cunningham,0,0,0,,0,0,0,0,v,Cunningham S.FOUL (P2.T3),Foul,Shooting,0,0
154,162,PT08M56.00S,2,0,,0,,,0,0,0,,0,0,0,0,,Timeout: Official,Timeout,Official,0,0
155,164,PT08M56.00S,2,1610612750,MIN,201967,Cunningham,D. Cunningham,0,0,0,,0,0,0,0,v,SUB: Hummel FOR Cunningham,Substitution,,0,0
156,165,PT08M56.00S,2,1610612762,UTA,202692,Burks,A. Burks,0,0,0,,0,30,31,61,h,Burks Free Throw 1 of 2 (5 PTS),Free Throw,Free Throw 1 of 2,0,0
157,167,PT08M56.00S,2,1610612762,UTA,202692,Burks,A. Burks,0,0,0,,0,0,0,0,h,MISS Burks Free Throw 2 of 2,Free Throw,Free Throw 2 of 2,0,0
158,169,PT08M53.00S,2,0,,1610612750,,,0,0,0,,0,0,0,0,v,Timberwolves Rebound,Rebound,Unknown,0,0
159,170,PT08M41.00S,2,1610612762,UTA,203197,Garrett,D. Garrett,0,0,0,,0,0,0,0,h,Garrett S.FOUL (P2.T3),Foul,Shooting,0,0
160,171,PT08M41.00S,2,1610612750,MIN,200826,Barea,J. Barea,0,0,0,,0,30,32,62,v,Barea Free Throw 1 of 2 (3 PTS),Free Throw,Free Throw 1 of 2,0,0
161,173,PT08M41.00S,2,1610612750,MIN,200826,Barea,J. Barea,0,0,0,,0,0,0,0,v,MISS Barea Free Throw 2 of 2,Free Throw,Free Throw 2 of 2,0,0
162,175,PT08M40.00S,2,1610612762,UTA,203497,Gobert,R. Gobert,0,0,0,,0,0,0,0,h,Gobert REBOUND (Off:0 Def:6),Rebound,Unknown,0,0
163,176,PT08M26.00S,2,1610612750,MIN,201601,Mbah a Moute,L. Mbah a Moute,0,0,0,,0,0,0,0,v,Mbah a Moute S.FOUL (P1.T4),Foul,Shooting,0,0
164,177,PT08M26.00S,2,1610612762,UTA,202379,Evans,J. Evans,0,0,0,,0,31,32,63,h,Evans Free Throw 1 of 2 (1 PTS),Free Throw,Free Throw 1 of 2,0,0
165,179,PT08M26.00S,2,1610612762,UTA,202379,Evans,J. Evans,0,0,0,,0,32,32,64,h,Evans Free Throw 2 of 2 (2 PTS),Free Throw,Free Throw 2 of 2,0,0
166,181,PT08M12.00S,2,1610612750,MIN,201601,Mbah a Moute,L. Mbah a Moute,24,14,3,Missed,1,0,0,0,v,MISS Mbah a Moute 3' Layup,Missed Shot,Layup Shot,0,0
167,181,PT08M12.00S,2,1610612762,UTA,203497,Gobert,R. Gobert,0,0,0,,0,0,0,0,h,Gobert BLOCK (1 BLK),,,0,0
168,182,PT08M11.00S,2,0,,1610612750,,,0,0,0,,0,0,0,0,v,Timberwolves Rebound,Rebound,Unknown,0,0
169,183,PT08M04.00S,2,1610612750,MIN,203133,Hummel,R. Hummel,-13,246,25,Made,1,32,35,67,v,Hummel 25' 3PT Jump Shot (3 PTS) (Barea 2 AST),Made Shot,Jump Shot,0,0
170,184,PT07M49.00S,2,1610612762,UTA,202692,Burks,A. Burks,0,0,0,,0,0,0,0,h,Burks Bad Pass Turnover (P1.T4),Turnover,Bad Pass,0,0
171,184,PT07M49.00S,2,1610612750,MIN,203498,Muhammad,S. Muhammad,0,0,0,,0,0,0,0,v,Muhammad STEAL (1 STL),,,0,0
172,185,PT07M44.00S,2,1610612750,MIN,203498,Muhammad,S. Muhammad,1,1,0,Made,1,32,37,69,v,Muhammad  Alley Oop Dunk (2 PTS) (Barea 3 AST),Made Shot,Alley Oop Dunk Shot,0,0
173,186,PT07M26.00S,2,1610612762,UTA,202692,Burks,A. Burks,-150,189,24,Missed,1,0,0,0,h,MISS Burks 24' 3PT Jump Shot,Missed Shot,Jump Shot,0,0
174,187,PT07M26.00S,2,0,,1610612750,,,0,0,0,,0,0,0,0,v,Timberwolves Rebound,Rebound,Unknown,0,0
175,188,PT07M26.00S,2,1610612762,UTA,202379,Evans,J. Evans,0,0,0,,0,0,0,0,h,Evans L.B.FOUL (P2.T4),Foul,Loose Ball,0,0
176,189,PT07M26.00S,2,1610612762,UTA,203197,Garrett,D. Garrett,0,0,0,,0,0,0,0,h,SUB: Burke FOR Garrett,Substitution,,0,0
177,190,PT07M23.00S,2,1610612762,UTA,203497,Gobert,R. Gobert,0,0,0,,0,0,0,0,h,SUB: Kanter FOR Gobert,Substitution,,0,0
178,191,PT07M14.00S,2,1610612750,MIN,203133,Hummel,R. Hummel,140,157,21,Missed,1,0,0,0,v,MISS Hummel 21' Jump Shot,Missed Shot,Jump Shot,0,0
179,192,PT07M12.00S,2,1610612762,UTA,202379,Evans,J. Evans,0,0,0,,0,0,0,0,h,Evans REBOUND (Off:0 Def:2),Rebound,Unknown,0,0
180,193,PT07M04.00S,2,1610612762,UTA,202692,Burks,A. Burks,0,0,0,,0,0,0,0,h,Burks OFF.Foul (P1),Foul,Offensive,0,0
181,194,PT07M04.00S,2,1610612762,UTA,202692,Burks,A. Burks,0,0,0,,0,0,0,0,h,Burks Foul Turnover (P2.T5),Turnover,Foul,0,0
182,195,PT06M55.00S,2,1610612750,MIN,203498,Muhammad,S. Muhammad,0,0,0,,0,0,0,0,v,Muhammad Offensive Charge Foul (P1.PN),Foul,Offensive Charge,0,0
183,196,PT06M55.00S,2,1610612750,MIN,203498,Muhammad,S. Muhammad,0,0,0,,0,0,0,0,v,Muhammad Foul Turnover (P1.T5),Turnover,Foul,0,0
184,197,PT06M40.00S,2,1610612762,UTA,202683,Freedom,E. Freedom,0,30,3,Made,1,34,37,71,h,Kanter 3' Jump Hook Shot (6 PTS),Made Shot,Jump Hook Shot,0,0
185,198,PT06M24.00S,2,1610612750,MIN,203476,Dieng,G. Dieng,7,14,2,Made,1,34,39,73,v,Dieng 2' Running Layup (6 PTS) (Barea 4 AST),Made Shot,Running Layup Shot,0,0
186,199,PT06M08.00S,2,1610612762,UTA,202692,Burks,A. Burks,-23,22,3,Missed,1,0,0,0,h,MISS Burks 3' Jump Shot,Missed Shot,Jump Shot,0,0
187,199,PT06M08.00S,2,1610612750,MIN,203476,Dieng,G. Dieng,0,0,0,,0,0,0,0,v,Dieng BLOCK (1 BLK),,,0,0
188,200,PT06M06.00S,2,1610612750,MIN,203476,Dieng,G. Dieng,0,0,0,,0,0,0,0,v,Dieng REBOUND (Off:0 Def:5),Rebound,Unknown,0,0
189,201,PT06M00.00S,2,1610612750,MIN,201601,Mbah a Moute,L. Mbah a Moute,147,9,15,Missed,1,0,0,0,v,MISS Mbah a Moute 15' Jump Shot,Missed Shot,Jump Shot,0,0
190,202,PT05M58.00S,2,1610612762,UTA,202379,Evans,J. Evans,0,0,0,,0,0,0,0,h,Evans REBOUND (Off:0 Def:3),Rebound,Unknown,0,0
191,203,PT05M42.00S,2,1610612762,UTA,202683,Freedom,E. Freedom,-60,149,16,Made,1,36,39,75,h,Kanter 16' Jump Shot (8 PTS) (Burke 3 AST),Made Shot,Jump Shot,0,0
192,204,PT05M34.00S,2,0,,1610612750,,,0,0,0,,0,0,0,0,v,Timberwolves Timeout: Regular (Reg.2 Short 0),Timeout,Regular,0,0
193,206,PT05M34.00S,2,1610612750,MIN,203476,Dieng,G. Dieng,0,0,0,,0,0,0,0,v,SUB: Love FOR Dieng,Substitution,,0,0
194,207,PT05M34.00S,2,1610612750,MIN,201601,Mbah a Moute,L. Mbah a Moute,0,0,0,,0,0,0,0,v,SUB: Brewer FOR Mbah a Moute,Substitution,,0,0
195,208,PT05M34.00S,2,1610612762,UTA,201575,Rush,B. Rush,0,0,0,,0,0,0,0,h,SUB: Jefferson FOR Rush,Substitution,,0,0
196,209,PT05M19.00S,2,1610612750,MIN,203498,Muhammad,S. Muhammad,29,12,3,Missed,1,0,0,0,v,MISS Muhammad 3' Jump Shot,Missed Shot,Jump Shot,0,0
197,210,PT05M17.00S,2,1610612762,UTA,202683,Freedom,E. Freedom,0,0,0,,0,0,0,0,h,Kanter REBOUND (Off:1 Def:4),Rebound,Unknown,0,0
198,211,PT05M11.00S,2,1610612762,UTA,202692,Burks,A. Burks,-187,-2,19,Missed,1,0,0,0,h,MISS Burks 19' Jump Shot,Missed Shot,Jump Shot,0,0
199,212,PT05M10.00S,2,1610612750,MIN,203498,Muhammad,S. Muhammad,0,0,0,,0,0,0,0,v,Muhammad REBOUND (Off:0 Def:1),Rebound,Unknown,0,0
200,213,PT05M02.00S,2,1610612750,MIN,201567,Love,K. Love,-11,242,24,Missed,1,0,0,0,v,MISS Love 24' 3PT Jump Shot,Missed Shot,Jump Shot,0,0
201,214,PT04M57.00S,2,1610612762,UTA,2210,Jefferson,R. Jefferson,0,0,0,,0,0,0,0,h,Jefferson REBOUND (Off:0 Def:1),Rebound,Unknown,0,0
202,215,PT04M54.00S,2,1610612750,MIN,203133,Hummel,R. Hummel,0,0,0,,0,0,0,0,v,Hummel S.FOUL (P1.PN),Foul,Shooting,0,0
203,216,PT04M54.00S,2,1610612762,UTA,202692,Burks,A. Burks,0,0,0,,0,37,39,76,h,Burks Free Throw 1 of 2 (6 PTS),Free Throw,Free Throw 1 of 2,0,0
204,218,PT04M54.00S,2,1610612750,MIN,200826,Barea,J. Barea,0,0,0,,0,0,0,0,v,SUB: Rubio FOR Barea,Substitution,,0,0
205,219,PT04M54.00S,2,1610612762,UTA,202692,Burks,A. Burks,0,0,0,,0,0,0,0,h,MISS Burks Free Throw 2 of 2,Free Throw,Free Throw 2 of 2,0,0
206,221,PT04M53.00S,2,1610612750,MIN,203498,Muhammad,S. Muhammad,0,0,0,,0,0,0,0,v,Muhammad REBOUND (Off:0 Def:2),Rebound,Unknown,0,0
207,222,PT04M38.00S,2,1610612750,MIN,201567,Love,K. Love,-78,216,23,Missed,1,0,0,0,v,MISS Love 23' Jump Shot,Missed Shot,Jump Shot,0,0
208,223,PT04M37.00S,2,1610612750,MIN,201937,Rubio,R. Rubio,0,0,0,,0,0,0,0,v,Rubio REBOUND (Off:2 Def:1),Rebound,Unknown,0,0
209,224,PT04M32.00S,2,1610612750,MIN,203498,Muhammad,S. Muhammad,58,14,6,Made,1,37,41,78,v,Muhammad 6' Jump Hook Shot (4 PTS) (Rubio 3 AST),Made Shot,Jump Hook Shot,0,0
210,225,PT04M13.00S,2,1610612762,UTA,202379,Evans,J. Evans,102,186,21,Made,1,39,41,80,h,Evans 21' Jump Shot (4 PTS) (Burke 4 AST),Made Shot,Jump Shot,0,0
211,226,PT03M53.00S,2,1610612750,MIN,201567,Love,K. Love,0,0,0,,0,0,0,0,v,Love Lost Ball Turnover (P1.T6),Turnover,Lost Ball,0,0
212,226,PT03M53.00S,2,1610612762,UTA,2210,Jefferson,R. Jefferson,0,0,0,,0,0,0,0,h,Jefferson STEAL (1 STL),,,0,0
213,227,PT03M48.00S,2,1610612762,UTA,202379,Evans,J. Evans,1,1,0,Made,1,41,41,82,h,Evans  Slam Dunk (6 PTS) (Burke 5 AST),Made Shot,Slam Dunk Shot,0,0
214,228,PT03M32.00S,2,1610612750,MIN,201937,Rubio,R. Rubio,-4,0,0,Made,1,41,43,84,v,Rubio  Layup (7 PTS) (Love 4 AST),Made Shot,Layup Shot,0,0
215,229,PT03M32.00S,2,1610612762,UTA,2210,Jefferson,R. Jefferson,0,0,0,,0,0,0,0,h,Jefferson S.FOUL (P1.PN),Foul,Shooting,0,0
216,230,PT03M32.00S,2,1610612762,UTA,202379,Evans,J. Evans,0,0,0,,0,0,0,0,h,SUB: Williams FOR Evans,Substitution,,0,0
217,231,PT03M32.00S,2,1610612762,UTA,202692,Burks,A. Burks,0,0,0,,0,0,0,0,h,SUB: Hayward FOR Burks,Substitution,,0,0
218,232,PT03M32.00S,2,1610612750,MIN,203133,Hummel,R. Hummel,0,0,0,,0,0,0,0,v,SUB: Cunningham FOR Hummel,Substitution,,0,0
219,233,PT03M32.00S,2,1610612750,MIN,203498,Muhammad,S. Muhammad,0,0,0,,0,0,0,0,v,SUB: Budinger FOR Muhammad,Substitution,,0,0
220,234,PT03M32.00S,2,1610612750,MIN,201937,Rubio,R. Rubio,0,0,0,,0,41,44,85,v,Rubio Free Throw 1 of 1 (8 PTS),Free Throw,Free Throw 1 of 1,0,0
221,235,PT03M11.00S,2,1610612762,UTA,203504,Burke,T. Burke,81,235,25,Missed,1,0,0,0,h,MISS Burke 25' 3PT Jump Shot,Missed Shot,Jump Shot,0,0
222,237,PT03M08.00S,2,1610612750,MIN,201567,Love,K. Love,0,0,0,,0,0,0,0,v,Love REBOUND (Off:0 Def:4),Rebound,Unknown,0,0
223,243,PT03M08.00S,2,1610612750,MIN,201937,Rubio,R. Rubio,32,37,5,Missed,1,0,0,0,v,MISS Rubio 5' Jump Shot,Missed Shot,Jump Shot,0,0
224,243,PT03M08.00S,2,1610612762,UTA,203504,Burke,T. Burke,0,0,0,,0,0,0,0,h,Burke BLOCK (1 BLK),,,0,0
225,244,PT03M08.00S,2,1610612750,MIN,201937,Rubio,R. Rubio,0,0,0,,0,0,0,0,v,Rubio REBOUND (Off:3 Def:1),Rebound,Unknown,0,0
226,278,PT03M08.00S,2,1610612750,MIN,201978,Budinger,C. Budinger,105,224,25,Missed,1,0,0,0,v,MISS Budinger 25' 3PT Jump Shot,Missed Shot,Jump Shot,0,0
227,238,PT02M53.00S,2,1610612762,UTA,203504,Burke,T. Burke,0,0,0,,0,0,0,0,h,Burke REBOUND (Off:0 Def:2),Rebound,Unknown,0,0
228,239,PT02M51.00S,2,1610612762,UTA,202330,Hayward,G. Hayward,-3,4,1,Missed,1,0,0,0,h,MISS Hayward 1' Layup,Missed Shot,Layup Shot,0,0
229,240,PT02M49.00S,2,1610612750,MIN,201967,Cunningham,D. Cunningham,0,0,0,,0,0,0,0,v,Cunningham REBOUND (Off:0 Def:3),Rebound,Unknown,0,0
230,241,PT02M48.00S,2,1610612762,UTA,202683,Freedom,E. Freedom,0,0,0,,0,0,0,0,h,Kanter S.FOUL (P2.PN),Foul,Shooting,0,0
231,242,PT02M48.00S,2,0,,1610612762,,,0,0,0,,0,0,0,0,h,JAZZ Timeout: Regular (Full 2 Short 0),Timeout,Regular,0,0
232,245,PT02M48.00S,2,1610612750,MIN,201978,Budinger,C. Budinger,0,0,0,,0,41,45,86,v,Budinger Free Throw 1 of 2 (3 PTS),Free Throw,Free Throw 1 of 2,0,0
233,247,PT02M48.00S,2,1610612750,MIN,201978,Budinger,C. Budinger,0,0,0,,0,41,46,87,v,Budinger Free Throw 2 of 2 (4 PTS),Free Throw,Free Throw 2 of 2,0,0
234,249,PT02M29.00S,2,1610612762,UTA,202683,Freedom,E. Freedom,21,4,2,Made,1,43,46,89,h,Kanter 2' Driving Layup (10 PTS),Made Shot,Driving Layup Shot,0,0
235,250,PT02M09.00S,2,1610612762,UTA,101107,Williams,M. Williams,0,0,0,,0,0,0,0,h,Williams P.FOUL (P2.PN),Foul,Personal,0,0
236,251,PT02M09.00S,2,1610612750,MIN,201567,Love,K. Love,0,0,0,,0,43,47,90,v,Love Free Throw 1 of 2 (11 PTS),Free Throw,Free Throw 1 of 2,0,0
237,253,PT02M09.00S,2,1610612750,MIN,201567,Love,K. Love,0,0,0,,0,43,48,91,v,Love Free Throw 2 of 2 (12 PTS),Free Throw,Free Throw 2 of 2,0,0
238,255,PT01M58.00S,2,0,,1610612762,,,0,0,0,,0,0,0,0,h,JAZZ Timeout: Short (Full 2 Short 1),Timeout,Short,0,0
239,256,PT01M54.00S,2,1610612762,UTA,202330,Hayward,G. Hayward,0,0,0,,0,0,0,0,h,Hayward Lost Ball Turnover (P2.T6),Turnover,Lost Ball,0,0
240,256,PT01M54.00S,2,1610612750,MIN,201567,Love,K. Love,0,0,0,,0,0,0,0,v,Love STEAL (1 STL),,,0,0
241,257,PT01M48.00S,2,1610612750,MIN,201978,Budinger,C. Budinger,166,184,25,Made,1,43,51,94,v,Budinger 25' 3PT Jump Shot (7 PTS) (Brewer 1 AST),Made Shot,Jump Shot,0,0
242,258,PT01M24.00S,2,1610612762,UTA,202683,Freedom,E. Freedom,173,71,19,Made,1,45,51,96,h,Kanter 19' Jump Shot (12 PTS),Made Shot,Jump Shot,0,0
243,259,PT01M06.00S,2,1610612750,MIN,201147,Brewer,C. Brewer,130,216,25,Missed,1,0,0,0,v,MISS Brewer 25' 3PT Jump Shot,Missed Shot,Jump Shot,0,0
244,260,PT01M04.00S,2,1610612762,UTA,101107,Williams,M. Williams,0,0,0,,0,0,0,0,h,Williams REBOUND (Off:0 Def:2),Rebound,Unknown,0,0
245,261,PT00M52.90S,2,1610612762,UTA,2210,Jefferson,R. Jefferson,0,244,24,Missed,1,0,0,0,h,MISS Jefferson 24' 3PT Jump Shot,Missed Shot,Jump Shot,0,0
246,262,PT00M50.90S,2,1610612750,MIN,201567,Love,K. Love,0,0,0,,0,0,0,0,v,Love REBOUND (Off:0 Def:5),Rebound,Unknown,0,0
247,263,PT00M44.90S,2,1610612750,MIN,201978,Budinger,C. Budinger,239,26,24,Made,1,45,54,99,v,Budinger 24' 3PT Jump Shot (10 PTS) (Love 5 AST),Made Shot,Jump Shot,0,0
248,264,PT00M34.90S,2,1610612762,UTA,203504,Burke,T. Burke,20,187,19,Made,1,47,54,101,h,Burke 19' Jump Shot (4 PTS),Made Shot,Jump Shot,0,0
249,265,PT00M34.20S,2,1610612762,UTA,203504,Burke,T. Burke,0,0,0,,0,0,0,0,h,Burke P.FOUL (P3.PN),Foul,Personal,0,0
250,266,PT00M34.20S,2,1610612750,MIN,201967,Cunningham,D. Cunningham,0,0,0,,0,0,0,0,v,SUB: Mbah a Moute FOR Cunningham,Substitution,,0,0
251,267,PT00M34.20S,2,1610612750,MIN,201937,Rubio,R. Rubio,0,0,0,,0,47,55,102,v,Rubio Free Throw 1 of 2 (9 PTS),Free Throw,Free Throw 1 of 2,0,0
252,269,PT00M34.20S,2,1610612762,UTA,203504,Burke,T. Burke,0,0,0,,0,0,0,0,h,SUB: Garrett FOR Burke,Substitution,,0,0
253,270,PT00M34.20S,2,1610612750,MIN,201937,Rubio,R. Rubio,0,0,0,,0,47,56,103,v,Rubio Free Throw 2 of 2 (10 PTS),Free Throw,Free Throw 2 of 2,0,0
254,272,PT00M13.80S,2,1610612762,UTA,101107,Williams,M. Williams,-198,102,22,Made,1,49,56,105,h,Williams 22' Jump Shot (5 PTS) (Garrett 1 AST),Made Shot,Jump Shot,0,0
255,273,PT00M12.70S,2,1610612750,MIN,201147,Brewer,C. Brewer,4,1,0,Made,1,49,58,107,v,Brewer  Layup (6 PTS) (Love 6 AST),Made Shot,Layup Shot,0,0
256,274,PT00M12.70S,2,1610612762,UTA,203197,Garrett,D. Garrett,0,0,0,,0,0,0,0,h,Garrett S.FOUL (P3.PN),Foul,Shooting,0,0
257,275,PT00M12.70S,2,1610612750,MIN,201147,Brewer,C. Brewer,0,0,0,,0,49,59,108,v,Brewer Free Throw 1 of 1 (7 PTS),Free Throw,Free Throw 1 of 1,0,0
258,277,PT00M00.00S,2,0,,0,,,0,0,0,,0,49,59,108,,End of 2nd Period (10:10 PM EST),period,end,0,0
259,280,PT12M00.00S,3,0,,0,,,0,0,0,,0,49,59,108,,Start of 3rd Period (10:26 PM EST),period,start,0,0
260,281,PT11M41.00S,3,1610612762,UTA,203504,Burke,T. Burke,-37,246,25,Missed,1,0,0,0,h,MISS Burke 25' 3PT Jump Shot,Missed Shot,Jump Shot,0,0
261,282,PT11M40.00S,3,1610612750,MIN,201147,Brewer,C. Brewer,0,0,0,,0,0,0,0,v,Brewer REBOUND (Off:1 Def:2),Rebound,Unknown,0,0
262,283,PT11M16.00S,3,1610612750,MIN,201147,Brewer,C. Brewer,9,181,18,Missed,1,0,0,0,v,MISS Brewer 18' Jump Shot,Missed Shot,Jump Shot,0,0
263,284,PT11M14.00S,3,1610612750,MIN,201567,Love,K. Love,0,0,0,,0,0,0,0,v,Love REBOUND (Off:1 Def:5),Rebound,Unknown,0,0
264,285,PT11M13.00S,3,1610612762,UTA,101107,Williams,M. Williams,0,0,0,,0,0,0,0,h,Williams S.FOUL (P3.T1),Foul,Shooting,0,0
265,286,PT11M13.00S,3,1610612750,MIN,201567,Love,K. Love,0,0,0,,0,49,60,109,v,Love Free Throw 1 of 2 (13 PTS),Free Throw,Free Throw 1 of 2,0,0
266,288,PT11M13.00S,3,1610612750,MIN,201567,Love,K. Love,0,0,0,,0,49,61,110,v,Love Free Throw 2 of 2 (14 PTS),Free Throw,Free Throw 2 of 2,0,0
267,290,PT10M55.00S,3,1610612762,UTA,202683,Freedom,E. Freedom,-8,1,1,Made,1,51,61,112,h,Kanter 1' Running Layup (14 PTS) (Burke 6 AST),Made Shot,Running Layup Shot,0,0
268,291,PT10M55.00S,3,1610612750,MIN,201978,Budinger,C. Budinger,0,0,0,,0,0,0,0,v,Budinger S.FOUL (P2.T1),Foul,Shooting,0,0
269,292,PT10M55.00S,3,1610612762,UTA,202683,Freedom,E. Freedom,0,0,0,,0,52,61,113,h,Kanter Free Throw 1 of 1 (15 PTS),Free Throw,Free Throw 1 of 1,0,0
270,294,PT10M46.00S,3,1610612750,MIN,201567,Love,K. Love,-70,235,25,Made,1,52,64,116,v,Love 25' 3PT Jump Shot (17 PTS) (Budinger 2 AST),Made Shot,Jump Shot,0,0
271,295,PT10M23.00S,3,1610612762,UTA,2210,Jefferson,R. Jefferson,-24,66,7,Missed,1,0,0,0,h,MISS Jefferson 7' Running Jump Shot,Missed Shot,Running Jump Shot,0,0
272,296,PT10M21.00S,3,1610612750,MIN,201567,Love,K. Love,0,0,0,,0,0,0,0,v,Love REBOUND (Off:1 Def:6),Rebound,Unknown,0,0
273,297,PT10M14.00S,3,1610612750,MIN,201567,Love,K. Love,91,225,24,Made,1,52,67,119,v,Love 24' 3PT Jump Shot (20 PTS) (Rubio 4 AST),Made Shot,Jump Shot,0,0
274,298,PT09M54.00S,3,1610612762,UTA,202330,Hayward,G. Hayward,100,227,25,Missed,1,0,0,0,h,MISS Hayward 25' 3PT Jump Shot,Missed Shot,Jump Shot,0,0
275,299,PT09M52.00S,3,0,,1610612762,,,0,0,0,,0,0,0,0,h,JAZZ Rebound,Rebound,Unknown,0,0
276,300,PT09M41.00S,3,1610612762,UTA,203504,Burke,T. Burke,-60,241,25,Missed,1,0,0,0,h,MISS Burke 25' 3PT Jump Shot,Missed Shot,Jump Shot,0,0
277,301,PT09M40.00S,3,1610612750,MIN,201937,Rubio,R. Rubio,0,0,0,,0,0,0,0,v,Rubio REBOUND (Off:3 Def:2),Rebound,Unknown,0,0
278,302,PT09M30.00S,3,1610612750,MIN,201967,Cunningham,D. Cunningham,-103,186,21,Made,1,52,69,121,v,Cunningham 21' Jump Shot (5 PTS) (Love 7 AST),Made Shot,Jump Shot,0,0
279,303,PT09M28.00S,3,0,,1610612762,,,0,0,0,,0,0,0,0,h,JAZZ Timeout: Regular (Full 3 Short 1),Timeout,Regular,0,0
280,305,PT09M09.00S,3,1610612762,UTA,2210,Jefferson,R. Jefferson,21,69,7,Made,1,54,69,123,h,Jefferson 7' Running Jump Shot (6 PTS),Made Shot,Running Jump Shot,0,0
281,306,PT09M09.00S,3,1610612750,MIN,201147,Brewer,C. Brewer,0,0,0,,0,0,0,0,v,Brewer S.FOUL (P1.T2),Foul,Shooting,0,0
282,307,PT09M09.00S,3,1610612762,UTA,2210,Jefferson,R. Jefferson,0,0,0,,0,55,69,124,h,Jefferson Free Throw 1 of 1 (7 PTS),Free Throw,Free Throw 1 of 1,0,0
283,309,PT08M57.00S,3,1610612762,UTA,101107,Williams,M. Williams,0,0,0,,0,0,0,0,h,Williams S.FOUL (P4.T2),Foul,Shooting,0,0
284,310,PT08M57.00S,3,1610612750,MIN,201567,Love,K. Love,0,0,0,,0,0,0,0,v,MISS Love Free Throw 1 of 2,Free Throw,Free Throw 1 of 2,0,0
285,311,PT08M57.00S,3,0,,1610612750,,,0,0,0,,0,0,0,0,v,Timberwolves Rebound,Rebound,Normal Rebound,0,0
286,313,PT08M57.00S,3,1610612762,UTA,101107,Williams,M. Williams,0,0,0,,0,0,0,0,h,SUB: Evans FOR Williams,Substitution,,0,0
287,314,PT08M57.00S,3,1610612750,MIN,201567,Love,K. Love,0,0,0,,0,55,70,125,v,Love Free Throw 2 of 2 (21 PTS),Free Throw,Free Throw 2 of 2,0,0
288,316,PT08M41.00S,3,1610612762,UTA,202330,Hayward,G. Hayward,173,101,20,Missed,1,0,0,0,h,MISS Hayward 20' Jump Shot,Missed Shot,Jump Shot,0,0
289,317,PT08M40.00S,3,1610612750,MIN,201937,Rubio,R. Rubio,0,0,0,,0,0,0,0,v,Rubio REBOUND (Off:3 Def:3),Rebound,Unknown,0,0
290,318,PT08M34.00S,3,1610612750,MIN,201978,Budinger,C. Budinger,114,217,25,Made,1,55,73,128,v,Budinger 25' 3PT Jump Shot (13 PTS) (Rubio 5 AST),Made Shot,Jump Shot,0,0
291,319,PT08M10.00S,3,1610612762,UTA,202330,Hayward,G. Hayward,7,186,19,Missed,1,0,0,0,h,MISS Hayward 19' Jump Shot,Missed Shot,Jump Shot,0,0
292,320,PT08M09.00S,3,1610612750,MIN,201567,Love,K. Love,0,0,0,,0,0,0,0,v,Love REBOUND (Off:1 Def:7),Rebound,Unknown,0,0
293,321,PT08M07.00S,3,1610612762,UTA,2210,Jefferson,R. Jefferson,0,0,0,,0,0,0,0,h,Jefferson S.FOUL (P2.T3),Foul,Shooting,0,0
294,322,PT08M07.00S,3,1610612750,MIN,201147,Brewer,C. Brewer,0,0,0,,0,55,74,129,v,Brewer Free Throw 1 of 2 (8 PTS),Free Throw,Free Throw 1 of 2,0,0
295,324,PT08M07.00S,3,1610612762,UTA,202330,Hayward,G. Hayward,0,0,0,,0,0,0,0,h,SUB: Burks FOR Hayward,Substitution,,0,0
296,325,PT08M07.00S,3,1610612750,MIN,201147,Brewer,C. Brewer,0,0,0,,0,55,75,130,v,Brewer Free Throw 2 of 2 (9 PTS),Free Throw,Free Throw 2 of 2,0,0
297,327,PT07M48.00S,3,1610612762,UTA,202692,Burks,A. Burks,-182,107,21,Made,1,57,75,132,h,Burks 21' Jump Shot (8 PTS) (Kanter 1 AST),Made Shot,Jump Shot,0,0
298,328,PT07M28.00S,3,1610612750,MIN,201567,Love,K. Love,78,241,25,Missed,1,0,0,0,v,MISS Love 25' 3PT Jump Shot,Missed Shot,Jump Shot,0,0
299,329,PT07M26.00S,3,1610612762,UTA,2210,Jefferson,R. Jefferson,0,0,0,,0,0,0,0,h,Jefferson REBOUND (Off:0 Def:2),Rebound,Unknown,0,0
300,330,PT07M16.00S,3,1610612762,UTA,202683,Freedom,E. Freedom,15,11,2,Made,1,59,75,134,h,Kanter 2' Reverse Layup (17 PTS) (Evans 2 AST),Made Shot,Reverse Layup Shot,0,0
301,331,PT07M03.00S,3,1610612750,MIN,201937,Rubio,R. Rubio,-15,6,2,Made,1,59,77,136,v,Rubio 2' Driving Layup (12 PTS),Made Shot,Driving Layup Shot,0,0
302,332,PT06M44.00S,3,1610612762,UTA,202683,Freedom,E. Freedom,-13,6,1,Made,1,61,77,138,h,Kanter 1' Layup (19 PTS),Made Shot,Layup Shot,0,0
303,333,PT06M31.00S,3,1610612750,MIN,201937,Rubio,R. Rubio,0,0,0,,0,0,0,0,v,Rubio Lost Ball Turnover (P4.T7),Turnover,Lost Ball,0,0
304,333,PT06M31.00S,3,1610612762,UTA,202683,Freedom,E. Freedom,0,0,0,,0,0,0,0,h,Kanter STEAL (1 STL),,,0,0
305,334,PT06M26.00S,3,1610612750,MIN,201967,Cunningham,D. Cunningham,0,0,0,,0,0,0,0,v,Cunningham S.FOUL (P3.T3),Foul,Shooting,0,0
306,335,PT06M26.00S,3,1610612762,UTA,202692,Burks,A. Burks,0,0,0,,0,62,77,139,h,Burks Free Throw 1 of 2 (9 PTS),Free Throw,Free Throw 1 of 2,0,0
307,337,PT06M26.00S,3,1610612762,UTA,202692,Burks,A. Burks,0,0,0,,0,0,0,0,h,MISS Burks Free Throw 2 of 2,Free Throw,Free Throw 2 of 2,0,0
308,339,PT06M25.00S,3,1610612750,MIN,201567,Love,K. Love,0,0,0,,0,0,0,0,v,Love REBOUND (Off:1 Def:8),Rebound,Unknown,0,0
309,340,PT06M08.00S,3,1610612750,MIN,201567,Love,K. Love,-134,176,22,Missed,1,0,0,0,v,MISS Love 22' Jump Shot,Missed Shot,Jump Shot,0,0
310,341,PT06M07.00S,3,1610612762,UTA,203504,Burke,T. Burke,0,0,0,,0,0,0,0,h,Burke REBOUND (Off:0 Def:3),Rebound,Unknown,0,0
311,342,PT06M01.00S,3,1610612750,MIN,201978,Budinger,C. Budinger,0,0,0,,0,0,0,0,v,Budinger P.FOUL (P3.T4),Foul,Personal,0,0
312,343,PT05M53.00S,3,1610612762,UTA,202692,Burks,A. Burks,0,0,0,,0,0,0,0,h,Burks Step Out of Bounds Turnover (P3.T7),Turnover,Step Out of Bounds Turnover,0,0
313,344,PT05M39.00S,3,1610612750,MIN,201967,Cunningham,D. Cunningham,26,7,3,Made,1,62,79,141,v,Cunningham 3' Layup (7 PTS) (Love 8 AST),Made Shot,Layup Shot,0,0
314,345,PT05M12.00S,3,1610612762,UTA,203504,Burke,T. Burke,42,0,4,Missed,1,0,0,0,h,MISS Burke 4' Jump Shot,Missed Shot,Jump Shot,0,0
315,346,PT05M12.00S,3,1610612762,UTA,202379,Evans,J. Evans,0,0,0,,0,0,0,0,h,Evans REBOUND (Off:1 Def:3),Rebound,Unknown,0,0
316,347,PT05M12.00S,3,1610612750,MIN,201937,Rubio,R. Rubio,0,0,0,,0,0,0,0,v,Rubio L.B.FOUL (P2.PN),Foul,Loose Ball,0,0
317,348,PT05M12.00S,3,1610612762,UTA,202379,Evans,J. Evans,0,0,0,,0,63,79,142,h,Evans Free Throw 1 of 2 (7 PTS),Free Throw,Free Throw 1 of 2,0,0
318,350,PT05M12.00S,3,1610612762,UTA,202379,Evans,J. Evans,0,0,0,,0,64,79,143,h,Evans Free Throw 2 of 2 (8 PTS),Free Throw,Free Throw 2 of 2,0,0
319,352,PT04M57.00S,3,1610612750,MIN,201567,Love,K. Love,-157,179,24,Made,1,64,82,146,v,Love 24' 3PT Jump Shot (24 PTS) (Rubio 6 AST),Made Shot,Jump Shot,0,0
320,353,PT04M41.00S,3,1610612762,UTA,202692,Burks,A. Burks,-82,233,25,Missed,1,0,0,0,h,MISS Burks 25' 3PT Jump Shot,Missed Shot,Jump Shot,0,0
321,354,PT04M40.00S,3,1610612750,MIN,201978,Budinger,C. Budinger,0,0,0,,0,0,0,0,v,Budinger REBOUND (Off:1 Def:3),Rebound,Unknown,0,0
322,355,PT04M24.00S,3,1610612750,MIN,201567,Love,K. Love,28,258,26,Made,1,64,85,149,v,Love 26' 3PT Jump Shot (27 PTS) (Cunningham 2 AST),Made Shot,Jump Shot,0,0
323,356,PT04M11.00S,3,1610612762,UTA,203504,Burke,T. Burke,135,140,19,Made,1,66,85,151,h,Burke 19' Jump Shot (6 PTS),Made Shot,Jump Shot,0,0
324,357,PT04M00.00S,3,0,,1610612750,,,0,0,0,,0,0,0,0,v,Timberwolves Timeout: Regular (Reg.3 Short 0),Timeout,Regular,0,0
325,359,PT03M50.00S,3,1610612750,MIN,201978,Budinger,C. Budinger,0,0,0,,0,0,0,0,v,Budinger Bad Pass Turnover (P2.T8),Turnover,Bad Pass,0,0
326,359,PT03M50.00S,3,1610612762,UTA,202692,Burks,A. Burks,0,0,0,,0,0,0,0,h,Burks STEAL (1 STL),,,0,0
327,360,PT03M47.00S,3,1610612750,MIN,201567,Love,K. Love,0,0,0,,0,0,0,0,v,Love S.FOUL (P1.PN),Foul,Shooting,0,0
328,361,PT03M47.00S,3,1610612762,UTA,202692,Burks,A. Burks,0,0,0,,0,67,85,152,h,Burks Free Throw 1 of 2 (10 PTS),Free Throw,Free Throw 1 of 2,0,0
329,363,PT03M47.00S,3,1610612762,UTA,202692,Burks,A. Burks,0,0,0,,0,68,85,153,h,Burks Free Throw 2 of 2 (11 PTS),Free Throw,Free Throw 2 of 2,0,0
330,365,PT03M28.00S,3,1610612750,MIN,201147,Brewer,C. Brewer,-5,7,1,Missed,1,0,0,0,v,MISS Brewer 1' Layup,Missed Shot,Layup Shot,0,0
331,366,PT03M27.00S,3,1610612762,UTA,202379,Evans,J. Evans,0,0,0,,0,0,0,0,h,Evans REBOUND (Off:1 Def:4),Rebound,Unknown,0,0
332,367,PT03M21.00S,3,1610612762,UTA,2210,Jefferson,R. Jefferson,102,17,10,Made,1,70,85,155,h,Jefferson 10' Jump Shot (9 PTS),Made Shot,Jump Shot,0,0
333,368,PT03M03.00S,3,1610612750,MIN,201567,Love,K. Love,-125,211,25,Missed,1,0,0,0,v,MISS Love 25' 3PT Jump Shot,Missed Shot,Jump Shot,0,0
334,369,PT03M02.00S,3,1610612762,UTA,202683,Freedom,E. Freedom,0,0,0,,0,0,0,0,h,Kanter REBOUND (Off:1 Def:5),Rebound,Unknown,0,0
335,370,PT02M54.00S,3,1610612762,UTA,202683,Freedom,E. Freedom,-18,7,2,Made,1,72,85,157,h,Kanter 2' Layup (21 PTS) (Burks 2 AST),Made Shot,Layup Shot,0,0
336,371,PT02M37.00S,3,1610612762,UTA,202379,Evans,J. Evans,0,0,0,,0,0,0,0,h,Evans P.FOUL (P3.T4),Foul,Personal,0,0
337,372,PT02M37.00S,3,1610612750,MIN,201978,Budinger,C. Budinger,0,0,0,,0,0,0,0,v,SUB: Mbah a Moute FOR Budinger,Substitution,,0,0
338,373,PT02M33.00S,3,1610612750,MIN,201147,Brewer,C. Brewer,18,4,2,Made,1,72,87,159,v,Brewer 2' Reverse Layup (11 PTS) (Love 9 AST),Made Shot,Reverse Layup Shot,0,0
339,374,PT02M14.00S,3,1610612762,UTA,2210,Jefferson,R. Jefferson,-5,75,8,Made,1,74,87,161,h,Jefferson 8' Turnaround Jump Shot (11 PTS),Made Shot,Turnaround Jump Shot,0,0
340,375,PT02M14.00S,3,1610612750,MIN,201147,Brewer,C. Brewer,0,0,0,,0,0,0,0,v,Brewer S.FOUL (P2.PN),Foul,Shooting,0,0
341,376,PT02M14.00S,3,1610612762,UTA,2210,Jefferson,R. Jefferson,0,0,0,,0,75,87,162,h,Jefferson Free Throw 1 of 1 (12 PTS),Free Throw,Free Throw 1 of 1,0,0
342,378,PT01M59.00S,3,1610612750,MIN,201967,Cunningham,D. Cunningham,-78,176,19,Missed,1,0,0,0,v,MISS Cunningham 19' Jump Shot,Missed Shot,Jump Shot,0,0
343,379,PT01M59.00S,3,1610612750,MIN,201567,Love,K. Love,0,0,0,,0,0,0,0,v,Love REBOUND (Off:2 Def:8),Rebound,Unknown,0,0
344,380,PT01M59.00S,3,1610612762,UTA,202379,Evans,J. Evans,0,0,0,,0,0,0,0,h,Evans P.FOUL (P4.PN),Foul,Personal,0,0
345,381,PT01M59.00S,3,1610612750,MIN,201567,Love,K. Love,0,0,0,,0,75,88,163,v,Love Free Throw 1 of 2 (28 PTS),Free Throw,Free Throw 1 of 2,0,0
346,383,PT01M59.00S,3,1610612750,MIN,201937,Rubio,R. Rubio,0,0,0,,0,0,0,0,v,SUB: Barea FOR Rubio,Substitution,,0,0
347,384,PT01M59.00S,3,1610612750,MIN,201567,Love,K. Love,0,0,0,,0,75,89,164,v,Love Free Throw 2 of 2 (29 PTS),Free Throw,Free Throw 2 of 2,0,0
348,386,PT01M38.00S,3,1610612762,UTA,203504,Burke,T. Burke,-101,173,20,Missed,1,0,0,0,h,MISS Burke 20' Jump Shot,Missed Shot,Jump Shot,0,0
349,387,PT01M37.00S,3,1610612762,UTA,202683,Freedom,E. Freedom,0,0,0,,0,0,0,0,h,Kanter REBOUND (Off:2 Def:5),Rebound,Unknown,0,0
350,388,PT01M37.00S,3,1610612750,MIN,201567,Love,K. Love,0,0,0,,0,0,0,0,v,Love P.FOUL (P2.PN),Foul,Personal,0,0
351,389,PT01M37.00S,3,1610612762,UTA,202683,Freedom,E. Freedom,0,0,0,,0,76,89,165,h,Kanter Free Throw 1 of 2 (22 PTS),Free Throw,Free Throw 1 of 2,0,0
352,391,PT01M37.00S,3,1610612762,UTA,202683,Freedom,E. Freedom,0,0,0,,0,0,0,0,h,MISS Kanter Free Throw 2 of 2,Free Throw,Free Throw 2 of 2,0,0
353,393,PT01M36.00S,3,1610612750,MIN,201967,Cunningham,D. Cunningham,0,0,0,,0,0,0,0,v,Cunningham REBOUND (Off:0 Def:4),Rebound,Unknown,0,0
354,394,PT01M18.00S,3,1610612750,MIN,200826,Barea,J. Barea,28,162,16,Missed,1,0,0,0,v,MISS Barea 16' Jump Shot,Missed Shot,Jump Shot,0,0
355,395,PT01M17.00S,3,1610612762,UTA,202379,Evans,J. Evans,0,0,0,,0,0,0,0,h,Evans REBOUND (Off:1 Def:5),Rebound,Unknown,0,0
356,396,PT01M09.00S,3,1610612750,MIN,201967,Cunningham,D. Cunningham,0,0,0,,0,0,0,0,v,Cunningham P.FOUL (P4.PN),Foul,Personal,0,0
357,397,PT01M09.00S,3,1610612762,UTA,202692,Burks,A. Burks,0,0,0,,0,77,89,166,h,Burks Free Throw 1 of 2 (12 PTS),Free Throw,Free Throw 1 of 2,0,0
358,399,PT01M09.00S,3,1610612750,MIN,201967,Cunningham,D. Cunningham,0,0,0,,0,0,0,0,v,SUB: Dieng FOR Cunningham,Substitution,,0,0
359,400,PT01M09.00S,3,1610612762,UTA,202692,Burks,A. Burks,0,0,0,,0,78,89,167,h,Burks Free Throw 2 of 2 (13 PTS),Free Throw,Free Throw 2 of 2,0,0
360,402,PT00M47.90S,3,1610612750,MIN,201567,Love,K. Love,-125,225,26,Made,1,78,92,170,v,Love 26' 3PT Jump Shot (32 PTS),Made Shot,Jump Shot,0,0
361,403,PT00M33.90S,3,1610612762,UTA,2210,Jefferson,R. Jefferson,56,244,25,Missed,1,0,0,0,h,MISS Jefferson 25' 3PT Jump Shot,Missed Shot,Jump Shot,0,0
362,404,PT00M32.50S,3,0,,1610612762,,,0,0,0,,0,0,0,0,h,JAZZ Rebound,Rebound,Unknown,0,0
363,405,PT00M32.50S,3,1610612750,MIN,201567,Love,K. Love,0,0,0,,0,0,0,0,v,Love P.FOUL (P3.PN),Foul,Personal,0,0
364,406,PT00M32.50S,3,1610612762,UTA,202683,Freedom,E. Freedom,0,0,0,,0,0,0,0,h,MISS Kanter Free Throw 1 of 2,Free Throw,Free Throw 1 of 2,0,0
365,407,PT00M32.50S,3,0,,1610612762,,,0,0,0,,0,0,0,0,h,JAZZ Rebound,Rebound,Normal Rebound,0,0
366,409,PT00M32.50S,3,1610612762,UTA,203504,Burke,T. Burke,0,0,0,,0,0,0,0,h,SUB: Garrett FOR Burke,Substitution,,0,0
367,410,PT00M32.50S,3,1610612762,UTA,202683,Freedom,E. Freedom,0,0,0,,0,79,92,171,h,Kanter Free Throw 2 of 2 (23 PTS),Free Throw,Free Throw 2 of 2,0,0
368,412,PT00M10.90S,3,1610612750,MIN,201147,Brewer,C. Brewer,12,17,2,Missed,1,0,0,0,v,MISS Brewer 2' Layup,Missed Shot,Layup Shot,0,0
369,413,PT00M09.60S,3,1610612750,MIN,201567,Love,K. Love,0,0,0,,0,0,0,0,v,Love REBOUND (Off:3 Def:8),Rebound,Unknown,0,0
370,414,PT00M08.80S,3,1610612750,MIN,201567,Love,K. Love,-15,3,2,Made,1,79,94,173,v,Love 2' Layup (34 PTS),Made Shot,Layup Shot,0,0
371,415,PT00M02.30S,3,1610612750,MIN,203476,Dieng,G. Dieng,0,0,0,,0,0,0,0,v,Dieng S.FOUL (P3.PN),Foul,Shooting,0,0
372,416,PT00M02.30S,3,1610612762,UTA,202692,Burks,A. Burks,0,0,0,,0,80,94,174,h,Burks Free Throw 1 of 2 (14 PTS),Free Throw,Free Throw 1 of 2,0,0
373,418,PT00M02.30S,3,1610612762,UTA,202692,Burks,A. Burks,0,0,0,,0,81,94,175,h,Burks Free Throw 2 of 2 (15 PTS),Free Throw,Free Throw 2 of 2,0,0
374,420,PT00M01.00S,3,1610612750,MIN,201147,Brewer,C. Brewer,201,484,52,Missed,1,0,0,0,v,MISS Brewer 52' 3PT Jump Shot,Missed Shot,Jump Shot,0,0
375,421,PT00M00.00S,3,0,,1610612750,,,0,0,0,,0,0,0,0,v,Timberwolves Rebound,Rebound,Unknown,0,0
376,422,PT00M00.00S,3,0,,0,,,0,0,0,,0,81,94,175,,End of 3rd Period (10:55 PM EST),period,end,0,0
377,424,PT12M00.00S,4,0,,0,,,0,0,0,,0,81,94,175,,Start of 4th Period (10:57 PM EST),period,start,0,0
378,425,PT11M48.00S,4,1610612750,MIN,200826,Barea,J. Barea,29,200,20,Made,1,81,96,177,v,Barea 20' Jump Shot (5 PTS),Made Shot,Jump Shot,0,0
379,426,PT11M34.00S,4,1610612750,MIN,200826,Barea,J. Barea,0,0,0,,0,0,0,0,v,Barea S.FOUL (P1.T1),Foul,Shooting,0,0
380,427,PT11M34.00S,4,1610612762,UTA,202379,Evans,J. Evans,0,0,0,,0,82,96,178,h,Evans Free Throw 1 of 2 (9 PTS),Free Throw,Free Throw 1 of 2,0,0
381,429,PT11M34.00S,4,1610612762,UTA,202379,Evans,J. Evans,0,0,0,,0,0,0,0,h,MISS Evans Free Throw 2 of 2,Free Throw,Free Throw 2 of 2,0,0
382,431,PT11M33.00S,4,1610612750,MIN,203476,Dieng,G. Dieng,0,0,0,,0,0,0,0,v,Dieng REBOUND (Off:0 Def:6),Rebound,Unknown,0,0
383,432,PT11M15.00S,4,1610612762,UTA,203197,Garrett,D. Garrett,0,0,0,,0,0,0,0,h,Garrett P.FOUL (P4.T1),Foul,Personal,0,0
384,433,PT11M06.00S,4,1610612750,MIN,201567,Love,K. Love,-141,195,24,Made,1,82,99,181,v,Love 24' 3PT Jump Shot (37 PTS),Made Shot,Jump Shot,0,0
385,434,PT10M48.00S,4,1610612762,UTA,202692,Burks,A. Burks,4,211,21,Missed,1,0,0,0,h,MISS Burks 21' Jump Shot,Missed Shot,Jump Shot,0,0
386,435,PT10M48.00S,4,0,,1610612750,,,0,0,0,,0,0,0,0,v,Timberwolves Rebound,Rebound,Unknown,0,0
387,436,PT10M37.00S,4,1610612750,MIN,200826,Barea,J. Barea,-45,44,6,Missed,1,0,0,0,v,MISS Barea 6' Jump Bank Shot,Missed Shot,Jump Bank Shot,0,0
388,437,PT10M36.00S,4,1610612750,MIN,201147,Brewer,C. Brewer,0,0,0,,0,0,0,0,v,Brewer REBOUND (Off:2 Def:2),Rebound,Unknown,0,0
389,438,PT10M16.00S,4,1610612750,MIN,201147,Brewer,C. Brewer,0,0,0,,0,0,0,0,v,Brewer Bad Pass Turnover (P1.T9),Turnover,Bad Pass,0,0
390,438,PT10M16.00S,4,1610612762,UTA,202379,Evans,J. Evans,0,0,0,,0,0,0,0,h,Evans STEAL (1 STL),,,0,0
391,439,PT10M02.00S,4,1610612762,UTA,202692,Burks,A. Burks,-117,160,20,Missed,1,0,0,0,h,MISS Burks 20' Jump Shot,Missed Shot,Jump Shot,0,0
392,440,PT10M01.00S,4,1610612750,MIN,201567,Love,K. Love,0,0,0,,0,0,0,0,v,Love REBOUND (Off:3 Def:9),Rebound,Unknown,0,0
393,441,PT09M56.00S,4,1610612750,MIN,201147,Brewer,C. Brewer,-10,12,2,Made,1,82,101,183,v,Brewer 2' Layup (13 PTS) (Love 10 AST),Made Shot,Layup Shot,0,0
394,442,PT09M34.00S,4,1610612762,UTA,2210,Jefferson,R. Jefferson,122,124,17,Made,1,84,101,185,h,Jefferson 17' Turnaround Fadeaway (14 PTS),Made Shot,Turnaround Fadeaway shot,0,0
395,443,PT09M17.00S,4,1610612750,MIN,200826,Barea,J. Barea,-30,0,3,Made,1,84,103,187,v,Barea 3' Running Layup (7 PTS),Made Shot,Running Layup Shot,0,0
396,444,PT08M58.00S,4,1610612762,UTA,203197,Garrett,D. Garrett,-35,14,4,Missed,1,0,0,0,h,MISS Garrett 4' Running Jump Shot,Missed Shot,Running Jump Shot,0,0
397,444,PT08M58.00S,4,1610612750,MIN,203476,Dieng,G. Dieng,0,0,0,,0,0,0,0,v,Dieng BLOCK (2 BLK),,,0,0
398,445,PT08M56.00S,4,1610612750,MIN,203476,Dieng,G. Dieng,0,0,0,,0,0,0,0,v,Dieng REBOUND (Off:0 Def:7),Rebound,Unknown,0,0
399,446,PT08M43.00S,4,1610612762,UTA,2210,Jefferson,R. Jefferson,0,0,0,,0,0,0,0,h,Jefferson S.FOUL (P3.T2),Foul,Shooting,0,0
400,447,PT08M43.00S,4,0,,0,,,0,0,0,,0,0,0,0,,Timeout: Official,Timeout,Official,0,0
401,449,PT08M43.00S,4,1610612762,UTA,202379,Evans,J. Evans,0,0,0,,0,0,0,0,h,SUB: Williams FOR Evans,Substitution,,0,0
402,450,PT08M43.00S,4,1610612762,UTA,2210,Jefferson,R. Jefferson,0,0,0,,0,0,0,0,h,SUB: Hayward FOR Jefferson,Substitution,,0,0
403,451,PT08M43.00S,4,1610612750,MIN,201567,Love,K. Love,0,0,0,,0,0,0,0,v,SUB: Cunningham FOR Love,Substitution,,0,0
404,452,PT08M43.00S,4,1610612762,UTA,203197,Garrett,D. Garrett,0,0,0,,0,0,0,0,h,SUB: Burke FOR Garrett,Substitution,,0,0
405,453,PT08M43.00S,4,1610612750,MIN,201601,Mbah a Moute,L. Mbah a Moute,0,0,0,,0,84,104,188,v,Mbah a Moute Free Throw 1 of 2 (2 PTS),Free Throw,Free Throw 1 of 2,0,0
406,455,PT08M43.00S,4,1610612750,MIN,201601,Mbah a Moute,L. Mbah a Moute,0,0,0,,0,84,105,189,v,Mbah a Moute Free Throw 2 of 2 (3 PTS),Free Throw,Free Throw 2 of 2,0,0
407,457,PT08M22.00S,4,1610612762,UTA,202692,Burks,A. Burks,-168,156,23,Missed,1,0,0,0,h,MISS Burks 23' Jump Shot,Missed Shot,Jump Shot,0,0
408,458,PT08M21.00S,4,1610612750,MIN,201601,Mbah a Moute,L. Mbah a Moute,0,0,0,,0,0,0,0,v,Mbah a Moute REBOUND (Off:0 Def:2),Rebound,Unknown,0,0
409,459,PT08M01.00S,4,1610612750,MIN,201967,Cunningham,D. Cunningham,-4,194,19,Made,1,84,107,191,v,Cunningham 19' Jump Shot (9 PTS) (Barea 5 AST),Made Shot,Jump Shot,0,0
410,460,PT07M37.00S,4,1610612762,UTA,202683,Freedom,E. Freedom,62,22,7,Made,1,86,107,193,h,Kanter 7' Jump Hook Shot (25 PTS) (Burks 3 AST),Made Shot,Jump Hook Shot,0,0
411,461,PT07M16.00S,4,1610612750,MIN,203476,Dieng,G. Dieng,4,1,0,Made,1,86,109,195,v,Dieng  Slam Dunk (8 PTS) (Barea 6 AST),Made Shot,Slam Dunk Shot,0,0
412,462,PT07M05.00S,4,1610612750,MIN,200826,Barea,J. Barea,0,0,0,,0,0,0,0,v,Barea S.FOUL (P2.T2),Foul,Shooting,0,0
413,463,PT07M05.00S,4,1610612762,UTA,202330,Hayward,G. Hayward,0,0,0,,0,87,109,196,h,Hayward Free Throw 1 of 2 (5 PTS),Free Throw,Free Throw 1 of 2,0,0
414,465,PT07M05.00S,4,1610612762,UTA,202683,Freedom,E. Freedom,0,0,0,,0,0,0,0,h,SUB: Gobert FOR Kanter,Substitution,,0,0
415,466,PT07M05.00S,4,1610612762,UTA,202330,Hayward,G. Hayward,0,0,0,,0,0,0,0,h,MISS Hayward Free Throw 2 of 2,Free Throw,Free Throw 2 of 2,0,0
416,468,PT07M02.00S,4,1610612750,MIN,201967,Cunningham,D. Cunningham,0,0,0,,0,0,0,0,v,Cunningham REBOUND (Off:0 Def:5),Rebound,Unknown,0,0
417,469,PT06M55.00S,4,1610612750,MIN,200826,Barea,J. Barea,-111,220,25,Missed,1,0,0,0,v,MISS Barea 25' 3PT Jump Shot,Missed Shot,Jump Shot,0,0
418,470,PT06M54.00S,4,0,,1610612762,,,0,0,0,,0,0,0,0,h,JAZZ Rebound,Rebound,Unknown,0,0
419,471,PT06M54.00S,4,1610612750,MIN,203476,Dieng,G. Dieng,0,0,0,,0,0,0,0,v,Dieng L.B.FOUL (P4.T3),Foul,Loose Ball,0,0
420,472,PT06M36.00S,4,1610612762,UTA,203504,Burke,T. Burke,-100,236,26,Made,1,90,109,199,h,Burke 26' 3PT Jump Shot (9 PTS) (Williams 1 AST),Made Shot,Jump Shot,0,0
421,473,PT06M20.00S,4,1610612750,MIN,201601,Mbah a Moute,L. Mbah a Moute,0,0,0,,0,0,0,0,v,Mbah a Moute Traveling Turnover (P1.T10),Turnover,Traveling,0,0
422,474,PT05M55.00S,4,1610612762,UTA,203504,Burke,T. Burke,-27,3,3,Made,1,92,109,201,h,Burke 3' Driving Layup (11 PTS),Made Shot,Driving Layup Shot,0,0
423,475,PT05M33.00S,4,1610612750,MIN,201601,Mbah a Moute,L. Mbah a Moute,-179,22,18,Made,1,92,111,203,v,Mbah a Moute 18' Jump Shot (5 PTS) (Dieng 1 AST),Made Shot,Jump Shot,0,0
424,476,PT05M11.00S,4,1610612762,UTA,202692,Burks,A. Burks,-15,0,2,Missed,1,0,0,0,h,MISS Burks 2' Reverse Layup,Missed Shot,Reverse Layup Shot,0,0
425,477,PT05M11.00S,4,0,,1610612762,,,0,0,0,,0,0,0,0,h,JAZZ Rebound,Rebound,Unknown,0,0
426,478,PT05M11.00S,4,0,,1610612762,,,0,0,0,,0,0,0,0,h,JAZZ Timeout: Regular (Full 4 Short 1),Timeout,Regular,0,0
427,482,PT05M11.00S,4,1610612762,UTA,101107,Williams,M. Williams,0,0,0,,0,0,0,0,h,SUB: Thomas FOR Williams,Substitution,,0,0
428,483,PT05M11.00S,4,1610612750,MIN,201147,Brewer,C. Brewer,0,0,0,,0,0,0,0,v,SUB: Rubio FOR Brewer,Substitution,,0,0
429,484,PT04M53.00S,4,1610612762,UTA,203504,Burke,T. Burke,29,208,21,Made,1,94,111,205,h,Burke 21' Jump Shot (13 PTS) (Thomas 1 AST),Made Shot,Jump Shot,0,0
430,485,PT04M35.00S,4,1610612750,MIN,200826,Barea,J. Barea,193,168,26,Missed,1,0,0,0,v,MISS Barea 26' 3PT Jump Shot,Missed Shot,Jump Shot,0,0
431,486,PT04M34.00S,4,1610612762,UTA,202952,Thomas,M. Thomas,0,0,0,,0,0,0,0,h,Thomas REBOUND (Off:0 Def:1),Rebound,Unknown,0,0
432,487,PT04M25.00S,4,1610612762,UTA,203504,Burke,T. Burke,108,231,26,Made,1,97,111,208,h,Burke 26' 3PT Jump Shot (16 PTS) (Thomas 2 AST),Made Shot,Jump Shot,0,0
433,488,PT04M04.00S,4,1610612750,MIN,201937,Rubio,R. Rubio,132,205,24,Made,1,97,114,211,v,Rubio 24' 3PT Jump Shot (15 PTS) (Cunningham 3 AST),Made Shot,Jump Shot,0,0
434,489,PT03M48.00S,4,1610612762,UTA,203504,Burke,T. Burke,15,58,6,Missed,1,0,0,0,h,MISS Burke 6' Jump Shot,Missed Shot,Jump Shot,0,0
435,490,PT03M48.00S,4,1610612762,UTA,203497,Gobert,R. Gobert,0,0,0,,0,0,0,0,h,Gobert REBOUND (Off:1 Def:6),Rebound,Unknown,0,0
436,491,PT03M48.00S,4,1610612750,MIN,201601,Mbah a Moute,L. Mbah a Moute,0,0,0,,0,0,0,0,v,Mbah a Moute S.FOUL (P2.T4),Foul,Shooting,0,0
437,492,PT03M48.00S,4,1610612762,UTA,203497,Gobert,R. Gobert,0,0,0,,0,98,114,212,h,Gobert Free Throw 1 of 2 (5 PTS),Free Throw,Free Throw 1 of 2,0,0
438,494,PT03M48.00S,4,1610612762,UTA,202330,Hayward,G. Hayward,0,0,0,,0,0,0,0,h,SUB: Garrett FOR Hayward,Substitution,,0,0
439,495,PT03M48.00S,4,1610612762,UTA,203497,Gobert,R. Gobert,0,0,0,,0,0,0,0,h,MISS Gobert Free Throw 2 of 2,Free Throw,Free Throw 2 of 2,0,0
440,497,PT03M46.00S,4,1610612750,MIN,203476,Dieng,G. Dieng,0,0,0,,0,0,0,0,v,Dieng REBOUND (Off:0 Def:8),Rebound,Unknown,0,0
441,498,PT03M28.00S,4,1610612750,MIN,201967,Cunningham,D. Cunningham,-78,167,18,Made,1,98,116,214,v,Cunningham 18' Jump Shot (11 PTS) (Rubio 7 AST),Made Shot,Jump Shot,0,0
442,499,PT03M09.00S,4,1610612762,UTA,203197,Garrett,D. Garrett,0,0,0,,0,0,0,0,h,Garrett Traveling Turnover (P2.T8),Turnover,Traveling,0,0
443,500,PT02M47.00S,4,1610612750,MIN,203476,Dieng,G. Dieng,-123,53,13,Missed,1,0,0,0,v,MISS Dieng 13' Jump Shot,Missed Shot,Jump Shot,0,0
444,501,PT02M44.00S,4,1610612762,UTA,203497,Gobert,R. Gobert,0,0,0,,0,0,0,0,h,Gobert REBOUND (Off:1 Def:7),Rebound,Unknown,0,0
445,502,PT02M38.00S,4,1610612762,UTA,202952,Thomas,M. Thomas,-8,244,24,Missed,1,0,0,0,h,MISS Thomas 24' 3PT Jump Shot,Missed Shot,Jump Shot,0,0
446,503,PT02M37.00S,4,0,,1610612750,,,0,0,0,,0,0,0,0,v,Timberwolves Rebound,Rebound,Unknown,0,0
447,504,PT02M37.00S,4,0,,1610612750,,,0,0,0,,0,0,0,0,v,Timberwolves Timeout: Regular (Reg.4 Short 0),Timeout,Regular,0,0
448,505,PT02M37.00S,4,1610612750,MIN,201967,Cunningham,D. Cunningham,0,0,0,,0,0,0,0,v,SUB: Price FOR Cunningham,Substitution,,0,0
449,506,PT02M37.00S,4,1610612750,MIN,201937,Rubio,R. Rubio,0,0,0,,0,0,0,0,v,SUB: Muhammad FOR Rubio,Substitution,,0,0
450,507,PT02M37.00S,4,1610612750,MIN,200826,Barea,J. Barea,0,0,0,,0,0,0,0,v,SUB: Hummel FOR Barea,Substitution,,0,0
451,508,PT02M18.00S,4,1610612750,MIN,203498,Muhammad,S. Muhammad,-27,20,3,Missed,1,0,0,0,v,MISS Muhammad 3' Jump Shot,Missed Shot,Jump Shot,0,0
452,510,PT02M16.00S,4,1610612750,MIN,203498,Muhammad,S. Muhammad,0,0,0,,0,0,0,0,v,Muhammad REBOUND (Off:1 Def:2),Rebound,Unknown,0,0
453,509,PT02M16.00S,4,1610612750,MIN,203498,Muhammad,S. Muhammad,18,3,2,Missed,1,0,0,0,v,MISS Muhammad 2' Layup,Missed Shot,Layup Shot,0,0
454,509,PT02M16.00S,4,1610612762,UTA,202952,Thomas,M. Thomas,0,0,0,,0,0,0,0,h,Thomas BLOCK (1 BLK),,,0,0
455,511,PT02M15.00S,4,1610612750,MIN,201601,Mbah a Moute,L. Mbah a Moute,0,0,0,,0,0,0,0,v,Mbah a Moute REBOUND (Off:1 Def:2),Rebound,Unknown,0,0
456,512,PT02M15.00S,4,1610612750,MIN,201601,Mbah a Moute,L. Mbah a Moute,-10,26,3,Made,1,98,118,216,v,Mbah a Moute 3' Layup (7 PTS),Made Shot,Layup Shot,0,0
457,513,PT02M15.00S,4,1610612762,UTA,202952,Thomas,M. Thomas,0,0,0,,0,0,0,0,h,Thomas S.FOUL (P1.T3),Foul,Shooting,0,0
458,514,PT02M15.00S,4,1610612750,MIN,201601,Mbah a Moute,L. Mbah a Moute,0,0,0,,0,98,119,217,v,Mbah a Moute Free Throw 1 of 1 (8 PTS),Free Throw,Free Throw 1 of 1,0,0
459,516,PT01M54.00S,4,1610612762,UTA,203504,Burke,T. Burke,23,11,3,Missed,1,0,0,0,h,MISS Burke 3' Layup,Missed Shot,Layup Shot,0,0
460,516,PT01M54.00S,4,1610612750,MIN,203476,Dieng,G. Dieng,0,0,0,,0,0,0,0,v,Dieng BLOCK (3 BLK),,,0,0
461,517,PT01M52.00S,4,1610612750,MIN,203498,Muhammad,S. Muhammad,0,0,0,,0,0,0,0,v,Muhammad REBOUND (Off:1 Def:3),Rebound,Unknown,0,0
462,518,PT01M49.00S,4,1610612750,MIN,203498,Muhammad,S. Muhammad,23,0,2,Missed,1,0,0,0,v,MISS Muhammad 2' Layup,Missed Shot,Layup Shot,0,0
463,519,PT01M47.00S,4,1610612762,UTA,202692,Burks,A. Burks,0,0,0,,0,0,0,0,h,Burks REBOUND (Off:0 Def:2),Rebound,Unknown,0,0
464,520,PT01M44.00S,4,1610612762,UTA,203504,Burke,T. Burke,133,206,25,Missed,1,0,0,0,h,MISS Burke 25' 3PT Jump Shot,Missed Shot,Jump Shot,0,0
465,522,PT01M44.00S,4,1610612762,UTA,202952,Thomas,M. Thomas,0,0,0,,0,0,0,0,h,Thomas REBOUND (Off:1 Def:1),Rebound,Unknown,0,0
466,521,PT01M44.00S,4,1610612762,UTA,202952,Thomas,M. Thomas,-2,0,0,Made,1,100,119,219,h,Thomas  Slam Dunk (2 PTS),Made Shot,Slam Dunk Shot,0,0
467,523,PT01M28.00S,4,1610612750,MIN,203133,Hummel,R. Hummel,36,11,4,Missed,1,0,0,0,v,MISS Hummel 4' Jump Shot,Missed Shot,Jump Shot,0,0
468,523,PT01M28.00S,4,1610612762,UTA,203497,Gobert,R. Gobert,0,0,0,,0,0,0,0,h,Gobert BLOCK (2 BLK),,,0,0
469,524,PT01M27.00S,4,1610612762,UTA,203497,Gobert,R. Gobert,0,0,0,,0,0,0,0,h,Gobert REBOUND (Off:1 Def:8),Rebound,Unknown,0,0
470,525,PT01M22.00S,4,1610612762,UTA,203504,Burke,T. Burke,-207,134,25,Missed,1,0,0,0,h,MISS Burke 25' 3PT Jump Shot,Missed Shot,Jump Shot,0,0
471,526,PT01M20.00S,4,1610612750,MIN,203133,Hummel,R. Hummel,0,0,0,,0,0,0,0,v,Hummel REBOUND (Off:0 Def:1),Rebound,Unknown,0,0
472,527,PT01M09.00S,4,1610612750,MIN,203476,Dieng,G. Dieng,0,0,0,,0,0,0,0,v,Dieng Traveling Turnover (P1.T11),Turnover,Traveling,0,0
473,528,PT00M58.00S,4,1610612762,UTA,203197,Garrett,D. Garrett,81,45,9,Made,1,102,119,221,h,Garrett 9' Floating Jump Shot (6 PTS),Made Shot,Floating Jump shot,0,0
474,529,PT00M44.90S,4,1610612750,MIN,203133,Hummel,R. Hummel,-228,55,0,Missed,1,0,0,0,v,MISS Hummel  3PT Jump Shot,Missed Shot,Jump Shot,0,0
475,530,PT00M42.50S,4,1610612762,UTA,202952,Thomas,M. Thomas,0,0,0,,0,0,0,0,h,Thomas REBOUND (Off:1 Def:2),Rebound,Unknown,0,0
476,531,PT00M33.00S,4,1610612762,UTA,202952,Thomas,M. Thomas,1,3,0,Made,1,104,119,223,h,Thomas  Slam Dunk (4 PTS),Made Shot,Slam Dunk Shot,0,0
477,532,PT00M14.90S,4,1610612750,MIN,201985,Price,A. Price,-89,224,24,Missed,1,0,0,0,v,MISS Price 24' 3PT Jump Shot,Missed Shot,Jump Shot,0,0
478,533,PT00M13.80S,4,1610612750,MIN,203498,Muhammad,S. Muhammad,0,0,0,,0,0,0,0,v,Muhammad REBOUND (Off:2 Def:3),Rebound,Unknown,0,0
479,534,PT00M12.90S,4,1610612750,MIN,203498,Muhammad,S. Muhammad,-13,1,1,Made,1,104,121,225,v,Muhammad 1' Layup (6 PTS),Made Shot,Layup Shot,0,0
480,535,PT00M05.90S,4,1610612762,UTA,203504,Burke,T. Burke,136,214,25,Missed,1,0,0,0,h,MISS Burke 25' 3PT Jump Shot,Missed Shot,Jump Shot,0,0
481,536,PT00M03.80S,4,1610612750,MIN,203498,Muhammad,S. Muhammad,0,0,0,,0,0,0,0,v,Muhammad REBOUND (Off:2 Def:4),Rebound,Unknown,0,0
482,537,PT00M00.00S,4,0,,0,,,0,0,0,,0,104,121,225,,End of 4th Period (11:22 PM EST),period,end,0,0
