actionId,actionNumber,clock,period,teamId,teamTricode,personId,playerName,playerNameI,xLegacy,yLegacy,shotDistance,shotResult,isFieldGoal,scoreHome,scoreAway,pointsTotal,location,description,actionType,subType,videoAvailable,shotValue
1,0,PT12M00.00S,1,0,,0,,,0,0,0,,0,0,0,0,,Start of 1st Period (7:41 PM EST),period,start,0,0
2,1,PT12M00.00S,1,1610612761,TOR,202685,Valanciunas,J. Valanciunas,0,0,0,,0,,,0,h,Jump Ball Valanciunas vs. Vucevic: Tip to A. Johnson,Jump Ball,,1,0
3,2,PT11M42.00S,1,1610612761,TOR,202685,Valanciunas,J. Valanciunas,-161,0,16,Made,1,2,0,2,h,Valanciunas 16' Jump Shot (2 PTS),Made Shot,Jump Shot,1,0
4,3,PT11M19.00S,1,1610612753,ORL,202699,Harris,T. Harris,13,201,20,Made,1,2,2,4,v,Harris 20' Pullup Jump Shot (2 PTS),Made Shot,Pullup Jump shot,1,0
5,4,PT11M03.00S,1,1610612761,TOR,202685,Valanciunas,J. Valanciunas,0,0,0,,0,,,0,h,Valanciunas Out of Bounds Lost Ball Turnover (P1.T1),Turnover,Out of Bounds Lost Ball Turnover,1,0
6,5,PT10M52.00S,1,1610612753,ORL,203506,Oladipo,V. Oladipo,31,17,4,Made,1,2,4,6,v,Oladipo 4' Driving Layup (2 PTS),Made Shot,Driving Layup Shot,1,0
7,6,PT10M35.00S,1,1610612761,TOR,203082,Ross,T. Ross,141,0,14,Missed,1,,,0,h,MISS Ross 14' Turnaround Fadeaway Shot,Missed Shot,Turnaround Fadeaway shot,1,0
8,7,PT10M34.00S,1,1610612753,ORL,101112,Frye,C. Frye,0,0,0,,0,,,0,v,Frye REBOUND (Off:0 Def:1),Rebound,Unknown,1,0
9,8,PT10M24.00S,1,1610612753,ORL,202699,Harris,T. Harris,69,104,12,Made,1,2,6,8,v,Harris 12' Pullup Jump Shot (4 PTS),Made Shot,Pullup Jump shot,1,0
10,9,PT09M58.00S,1,1610612761,TOR,203082,Ross,T. Ross,-27,252,25,Made,1,5,6,11,h,Ross 25' 3PT Jump Shot (3 PTS),Made Shot,Jump Shot,1,0
11,10,PT09M38.00S,1,1610612753,ORL,202696,Vucevic,N. Vucevic,0,39,4,Missed,1,,,0,v,MISS Vucevic 4' Driving Finger Roll Layup,Missed Shot,Driving Finger Roll Layup Shot,1,0
12,11,PT09M37.00S,1,1610612761,TOR,202685,Valanciunas,J. Valanciunas,0,0,0,,0,,,0,h,Valanciunas REBOUND (Off:0 Def:1),Rebound,Unknown,1,0
13,12,PT09M30.00S,1,1610612761,TOR,200768,Lowry,K. Lowry,0,0,0,,0,,,0,h,Lowry Bad Pass Turnover (P1.T2),Turnover,Bad Pass,1,0
14,12,PT09M30.00S,1,1610612753,ORL,203095,Fournier,E. Fournier,0,0,0,,0,,,0,v,Fournier STEAL (1 STL),,,1,0
15,13,PT09M26.00S,1,1610612753,ORL,202699,Harris,T. Harris,0,1,0,Made,1,5,8,13,v,Harris Driving Dunk (6 PTS) (Fournier 1 AST),Made Shot,Driving Dunk Shot,1,0
16,14,PT09M05.00S,1,1610612753,ORL,202699,Harris,T. Harris,0,0,0,,0,,,0,v,Harris S.FOUL (P1.T1),Foul,Shooting,1,0
17,15,PT09M05.00S,1,1610612761,TOR,202361,Fields,L. Fields,0,0,0,,0,6,8,14,h,Fields Free Throw 1 of 2 (1 PTS),Free Throw,Free Throw 1 of 2,0,0
18,17,PT09M05.00S,1,1610612761,TOR,202361,Fields,L. Fields,0,0,0,,0,,,0,h,MISS Fields Free Throw 2 of 2,Free Throw,Free Throw 2 of 2,0,0
19,19,PT09M04.00S,1,1610612753,ORL,101112,Frye,C. Frye,0,0,0,,0,,,0,v,Frye REBOUND (Off:0 Def:2),Rebound,Unknown,1,0
20,20,PT08M49.00S,1,1610612753,ORL,202696,Vucevic,N. Vucevic,146,-6,15,Made,1,6,10,16,v,Vucevic 15' Turnaround Jump Shot (2 PTS) (Harris 1 AST),Made Shot,Turnaround Jump Shot,1,0
21,21,PT08M32.00S,1,1610612761,TOR,202361,Fields,L. Fields,0,77,8,Missed,1,,,0,h,MISS Fields 8' Jump Shot,Missed Shot,Jump Shot,1,0
22,22,PT08M30.00S,1,1610612761,TOR,101161,Johnson,A. Johnson,0,0,0,,0,,,0,h,A. Johnson REBOUND (Off:1 Def:0),Rebound,Unknown,1,0
23,23,PT08M28.00S,1,1610612761,TOR,101161,Johnson,A. Johnson,0,48,5,Made,1,8,10,18,h,A. Johnson 5' Jump Hook Shot (2 PTS),Made Shot,Jump Hook Shot,1,0
24,24,PT08M17.00S,1,1610612753,ORL,202699,Harris,T. Harris,0,0,0,,0,,,0,v,Harris Bad Pass Turnover (P1.T1),Turnover,Bad Pass,1,0
25,24,PT08M17.00S,1,1610612761,TOR,200768,Lowry,K. Lowry,0,0,0,,0,,,0,h,Lowry STEAL (1 STL),,,1,0
26,25,PT08M12.00S,1,1610612761,TOR,202361,Fields,L. Fields,18,0,2,Made,1,10,10,20,h,Fields 2' Driving Layup (3 PTS) (Lowry 1 AST),Made Shot,Driving Layup Shot,1,0
27,26,PT07M58.00S,1,1610612753,ORL,101112,Frye,C. Frye,170,0,17,Missed,1,,,0,v,MISS Frye 17' Jump Shot,Missed Shot,Jump Shot,1,0
28,27,PT07M57.00S,1,1610612761,TOR,203082,Ross,T. Ross,0,0,0,,0,,,0,h,Ross REBOUND (Off:0 Def:1),Rebound,Unknown,1,0
29,28,PT07M47.00S,1,1610612761,TOR,101161,Johnson,A. Johnson,15,0,2,Missed,1,,,0,h,MISS A. Johnson 2' Layup,Missed Shot,Layup Shot,1,0
30,28,PT07M47.00S,1,1610612753,ORL,101112,Frye,C. Frye,0,0,0,,0,,,0,v,Frye BLOCK (1 BLK),,,1,0
31,29,PT07M44.00S,1,1610612753,ORL,203506,Oladipo,V. Oladipo,0,0,0,,0,,,0,v,Oladipo REBOUND (Off:0 Def:1),Rebound,Unknown,1,0
32,30,PT07M41.00S,1,1610612753,ORL,202699,Harris,T. Harris,241,85,26,Missed,1,,,0,v,MISS Harris 26' 3PT Jump Shot,Missed Shot,Jump Shot,1,0
33,31,PT07M40.00S,1,1610612753,ORL,203095,Fournier,E. Fournier,0,0,0,,0,,,0,v,Fournier REBOUND (Off:1 Def:0),Rebound,Unknown,1,0
34,32,PT07M35.00S,1,1610612753,ORL,101112,Frye,C. Frye,-120,239,27,Missed,1,,,0,v,MISS Frye 27' 3PT Jump Shot,Missed Shot,Jump Shot,1,0
35,33,PT07M34.00S,1,1610612761,TOR,203082,Ross,T. Ross,0,0,0,,0,,,0,h,Ross REBOUND (Off:0 Def:2),Rebound,Unknown,1,0
36,34,PT07M24.00S,1,1610612761,TOR,200768,Lowry,K. Lowry,-142,82,16,Missed,1,,,0,h,MISS Lowry 16' Turnaround Fadeaway Shot,Missed Shot,Turnaround Fadeaway shot,1,0
37,35,PT07M24.00S,1,0,,1610612753,,,0,0,0,,0,,,0,v,Magic Rebound,Rebound,Unknown,0,0
38,36,PT07M24.00S,1,1610612761,TOR,202685,Valanciunas,J. Valanciunas,0,0,0,,0,,,0,h,Valanciunas L.B.FOUL (P1.T1),Foul,Loose Ball,1,0
39,37,PT07M10.00S,1,1610612753,ORL,203095,Fournier,E. Fournier,69,9,7,Missed,1,,,0,v,MISS Fournier 7' Driving Bank Hook Shot,Missed Shot,Driving Bank Hook Shot,1,0
40,38,PT07M08.00S,1,1610612761,TOR,202685,Valanciunas,J. Valanciunas,0,0,0,,0,,,0,h,Valanciunas REBOUND (Off:0 Def:2),Rebound,Unknown,1,0
41,39,PT06M56.00S,1,1610612761,TOR,101161,Johnson,A. Johnson,-2,187,19,Missed,1,,,0,h,MISS A. Johnson 19' Jump Shot,Missed Shot,Jump Shot,1,0
42,40,PT06M56.00S,1,0,,1610612753,,,0,0,0,,0,,,0,v,Magic Rebound,Rebound,Unknown,0,0
43,41,PT06M40.00S,1,1610612753,ORL,202696,Vucevic,N. Vucevic,-30,165,17,Made,1,10,12,22,v,Vucevic 17' Jump Shot (4 PTS) (Fournier 2 AST),Made Shot,Jump Shot,1,0
44,42,PT06M20.00S,1,1610612761,TOR,200768,Lowry,K. Lowry,168,36,17,Missed,1,,,0,h,MISS Lowry 17' Fadeaway Jumper,Missed Shot,Fadeaway Jump Shot,1,0
45,43,PT06M19.00S,1,1610612753,ORL,101112,Frye,C. Frye,0,0,0,,0,,,0,v,Frye REBOUND (Off:0 Def:3),Rebound,Unknown,1,0
46,44,PT06M05.00S,1,1610612753,ORL,202699,Harris,T. Harris,40,89,10,Missed,1,,,0,v,MISS Harris 10' Fadeaway Jumper,Missed Shot,Fadeaway Jump Shot,1,0
47,45,PT06M04.00S,1,1610612761,TOR,203082,Ross,T. Ross,0,0,0,,0,,,0,h,Ross REBOUND (Off:0 Def:3),Rebound,Unknown,1,0
48,46,PT05M49.00S,1,1610612761,TOR,202685,Valanciunas,J. Valanciunas,0,1,0,Made,1,12,12,24,h,Valanciunas Slam Dunk (4 PTS) (Lowry 2 AST),Made Shot,Slam Dunk Shot,1,0
49,47,PT05M33.00S,1,1610612753,ORL,203506,Oladipo,V. Oladipo,73,129,15,Missed,1,,,0,v,MISS Oladipo 15' Jump Shot,Missed Shot,Jump Shot,1,0
50,48,PT05M31.00S,1,1610612761,TOR,202685,Valanciunas,J. Valanciunas,0,0,0,,0,,,0,h,Valanciunas REBOUND (Off:0 Def:3),Rebound,Unknown,1,0
51,49,PT05M14.00S,1,1610612761,TOR,203082,Ross,T. Ross,-243,19,24,Made,1,15,12,27,h,Ross 24' 3PT Jump Shot (6 PTS) (Lowry 3 AST),Made Shot,Jump Shot,1,0
52,50,PT04M54.00S,1,1610612753,ORL,202696,Vucevic,N. Vucevic,59,9,6,Missed,1,,,0,v,MISS Vucevic 6' Turnaround Hook Shot,Missed Shot,Turnaround Hook Shot,1,0
53,50,PT04M54.00S,1,1610612761,TOR,202685,Valanciunas,J. Valanciunas,0,0,0,,0,,,0,h,Valanciunas BLOCK (1 BLK),,,1,0
54,51,PT04M52.00S,1,1610612761,TOR,202361,Fields,L. Fields,0,0,0,,0,,,0,h,Fields REBOUND (Off:0 Def:1),Rebound,Unknown,1,0
55,52,PT04M47.00S,1,1610612761,TOR,101161,Johnson,A. Johnson,-19,-10,2,Made,1,17,12,29,h,A. Johnson 2' Hook Shot (4 PTS) (Fields 1 AST),Made Shot,Hook Shot,1,0
56,53,PT04M42.00S,1,0,,1610612753,,,0,0,0,,0,,,0,v,Magic Timeout: Regular (Reg.1 Short 0),Timeout,Regular,0,0
57,55,PT04M42.00S,1,1610612761,TOR,203082,Ross,T. Ross,0,0,0,,0,,,0,h,SUB: J. Johnson FOR Ross,Substitution,,0,0
58,56,PT04M42.00S,1,1610612761,TOR,101161,Johnson,A. Johnson,0,0,0,,0,,,0,h,SUB: Patterson FOR A. Johnson,Substitution,,0,0
59,57,PT04M42.00S,1,1610612761,TOR,202361,Fields,L. Fields,0,0,0,,0,,,0,h,SUB: Williams FOR Fields,Substitution,,0,0
60,58,PT04M42.00S,1,1610612753,ORL,101112,Frye,C. Frye,0,0,0,,0,,,0,v,SUB: Gordon FOR Frye,Substitution,,0,0
61,59,PT04M35.00S,1,1610612753,ORL,203095,Fournier,E. Fournier,0,0,0,,0,,,0,v,Fournier OFF.Foul (P1),Foul,Offensive,1,0
62,60,PT04M35.00S,1,1610612753,ORL,203095,Fournier,E. Fournier,0,0,0,,0,,,0,v,Fournier Foul Turnover (P1.T2),Turnover,Foul,1,0
63,61,PT04M26.00S,1,1610612761,TOR,201949,Johnson,J. Johnson,6,1,1,Made,1,19,12,31,h,J. Johnson 1' Running Reverse Layup (2 PTS) (Patterson 1 AST),Made Shot,Running Reverse Layup Shot,1,0
64,62,PT04M14.00S,1,1610612761,TOR,200768,Lowry,K. Lowry,0,0,0,,0,,,0,h,Lowry S.FOUL (P1.T2),Foul,Shooting,1,0
65,63,PT04M14.00S,1,1610612753,ORL,203095,Fournier,E. Fournier,0,0,0,,0,19,13,32,v,Fournier Free Throw 1 of 2 (1 PTS),Free Throw,Free Throw 1 of 2,0,0
66,65,PT04M14.00S,1,1610612753,ORL,203095,Fournier,E. Fournier,0,0,0,,0,19,14,33,v,Fournier Free Throw 2 of 2 (2 PTS),Free Throw,Free Throw 2 of 2,0,0
67,67,PT04M02.00S,1,1610612761,TOR,200768,Lowry,K. Lowry,-157,209,26,Made,1,22,14,36,h,Lowry 26' 3PT Jump Shot (3 PTS) (Patterson 2 AST),Made Shot,Jump Shot,1,0
68,68,PT03M47.00S,1,1610612753,ORL,2732,Gordon,B. Gordon,-67,247,26,Missed,1,,,0,v,MISS Gordon 26' 3PT Jump Shot,Missed Shot,Jump Shot,1,0
69,69,PT03M46.00S,1,1610612761,TOR,200768,Lowry,K. Lowry,0,0,0,,0,,,0,h,Lowry REBOUND (Off:0 Def:1),Rebound,Unknown,1,0
70,70,PT03M38.00S,1,1610612761,TOR,200768,Lowry,K. Lowry,18,192,19,Made,1,24,14,38,h,Lowry 19' Pullup Jump Shot (5 PTS),Made Shot,Pullup Jump shot,1,0
71,71,PT03M22.00S,1,1610612753,ORL,203506,Oladipo,V. Oladipo,61,48,8,Missed,1,,,0,v,MISS Oladipo 8' Jump Bank Shot,Missed Shot,Jump Bank Shot,1,0
72,72,PT03M21.00S,1,1610612753,ORL,203506,Oladipo,V. Oladipo,0,0,0,,0,,,0,v,Oladipo REBOUND (Off:1 Def:1),Rebound,Unknown,1,0
73,73,PT03M19.00S,1,1610612753,ORL,203506,Oladipo,V. Oladipo,10,-3,1,Made,1,24,16,40,v,Oladipo 1' Tip Shot (4 PTS),Made Shot,Tip Shot,1,0
74,74,PT03M04.00S,1,1610612761,TOR,101150,Williams,L. Williams,58,52,8,Missed,1,,,0,h,MISS Williams 8' Driving Jump Shot,Missed Shot,Driving Jump shot,1,0
75,75,PT03M03.00S,1,1610612761,TOR,101150,Williams,L. Williams,0,0,0,,0,,,0,h,Williams REBOUND (Off:1 Def:0),Rebound,Unknown,1,0
76,76,PT03M01.00S,1,1610612761,TOR,101150,Williams,L. Williams,10,7,1,Missed,1,,,0,h,MISS Williams 1' Tip Shot,Missed Shot,Tip Shot,1,0
77,77,PT03M00.00S,1,1610612761,TOR,202685,Valanciunas,J. Valanciunas,0,0,0,,0,,,0,h,Valanciunas REBOUND (Off:1 Def:3),Rebound,Unknown,1,0
78,78,PT02M58.00S,1,1610612761,TOR,202685,Valanciunas,J. Valanciunas,9,9,1,Missed,1,,,0,h,MISS Valanciunas 1' Layup,Missed Shot,Layup Shot,1,0
79,78,PT02M58.00S,1,1610612753,ORL,202696,Vucevic,N. Vucevic,0,0,0,,0,,,0,v,Vucevic BLOCK (1 BLK),,,1,0
80,79,PT02M56.00S,1,1610612753,ORL,202696,Vucevic,N. Vucevic,0,0,0,,0,,,0,v,Vucevic REBOUND (Off:0 Def:1),Rebound,Unknown,1,0
81,80,PT02M48.00S,1,1610612753,ORL,202696,Vucevic,N. Vucevic,0,1,0,Made,1,24,18,42,v,Vucevic Slam Dunk (6 PTS) (Oladipo 1 AST),Made Shot,Slam Dunk Shot,1,0
82,81,PT02M35.00S,1,0,,1610612761,,,0,0,0,,0,,,0,h,RAPTORS Timeout: Regular (Full 1 Short 0),Timeout,Regular,0,0
83,82,PT02M35.00S,1,1610612761,TOR,202685,Valanciunas,J. Valanciunas,0,0,0,,0,,,0,h,SUB: Vasquez FOR Valanciunas,Substitution,,0,0
84,83,PT02M35.00S,1,1610612761,TOR,200768,Lowry,K. Lowry,0,0,0,,0,,,0,h,SUB: Hansbrough FOR Lowry,Substitution,,0,0
85,84,PT02M35.00S,1,1610612753,ORL,202699,Harris,T. Harris,0,0,0,,0,,,0,v,SUB: Frye FOR Harris,Substitution,,0,0
86,85,PT02M35.00S,1,1610612753,ORL,202696,Vucevic,N. Vucevic,0,0,0,,0,,,0,v,SUB: Payton FOR Vucevic,Substitution,,0,0
87,86,PT02M35.00S,1,1610612753,ORL,203095,Fournier,E. Fournier,0,0,0,,0,,,0,v,SUB: Harkless FOR Fournier,Substitution,,0,0
88,87,PT02M35.00S,1,1610612753,ORL,203506,Oladipo,V. Oladipo,0,0,0,,0,,,0,v,SUB: O'Quinn FOR Oladipo,Substitution,,0,0
89,89,PT02M15.00S,1,0,,1610612761,,,0,0,0,,0,,,0,h,RAPTORS Turnover: Shot Clock (T#3),Turnover,Shot Clock Turnover,0,0
90,90,PT02M03.00S,1,1610612753,ORL,2732,Gordon,B. Gordon,0,0,0,,0,,,0,v,Gordon Bad Pass Turnover (P1.T3),Turnover,Bad Pass,1,0
91,90,PT02M03.00S,1,1610612761,TOR,202335,Patterson,P. Patterson,0,0,0,,0,,,0,h,Patterson STEAL (1 STL),,,1,0
92,91,PT01M58.00S,1,1610612761,TOR,101150,Williams,L. Williams,-32,-8,3,Missed,1,,,0,h,MISS Williams 3' Driving Layup,Missed Shot,Driving Layup Shot,1,0
93,91,PT01M58.00S,1,1610612753,ORL,203090,Harkless,M. Harkless,0,0,0,,0,,,0,v,Harkless BLOCK (1 BLK),,,1,0
94,92,PT01M56.00S,1,1610612753,ORL,203901,Payton,E. Payton,0,0,0,,0,,,0,v,Payton REBOUND (Off:0 Def:1),Rebound,Unknown,1,0
95,93,PT01M43.00S,1,1610612753,ORL,203901,Payton,E. Payton,43,-3,4,Made,1,24,20,44,v,Payton 4' Driving Layup (2 PTS),Made Shot,Driving Layup Shot,1,0
96,95,PT01M14.00S,1,1610612761,TOR,101150,Williams,L. Williams,155,1,16,Made,1,26,20,46,h,Williams 16' Jump Shot (2 PTS) (Patterson 3 AST),Made Shot,Jump Shot,1,0
97,96,PT01M00.00S,1,1610612753,ORL,2732,Gordon,B. Gordon,-136,217,26,Made,1,26,23,49,v,Gordon 26' 3PT Jump Shot (3 PTS),Made Shot,Jump Shot,1,0
98,97,PT00M40.90S,1,1610612761,TOR,201946,Hansbrough,T. Hansbrough,-10,31,3,Made,1,28,23,51,h,Hansbrough 3' Driving Finger Roll Layup (2 PTS) (Vasquez 1 AST),Made Shot,Driving Finger Roll Layup Shot,1,0
99,98,PT00M35.90S,1,1610612753,ORL,203901,Payton,E. Payton,0,1,0,Made,1,28,25,53,v,Payton Driving Slam Dunk (4 PTS),Made Shot,Driving Slam Dunk Shot,1,0
100,99,PT00M21.90S,1,1610612761,TOR,202349,Vasquez,G. Vasquez,37,249,25,Missed,1,,,0,h,MISS Vasquez 25' 3PT Jump Shot,Missed Shot,Jump Shot,1,0
101,100,PT00M20.40S,1,1610612753,ORL,203090,Harkless,M. Harkless,0,0,0,,0,,,0,v,Harkless REBOUND (Off:0 Def:1),Rebound,Unknown,1,0
102,101,PT00M05.20S,1,1610612761,TOR,202349,Vasquez,G. Vasquez,0,0,0,,0,,,0,h,Vasquez P.FOUL (P1.T3),Foul,Personal,1,0
103,102,PT00M00.00S,1,1610612753,ORL,101112,Frye,C. Frye,-32,247,25,Missed,1,,,0,v,MISS Frye 25' 3PT Jump Shot,Missed Shot,Jump Shot,1,0
104,103,PT00M00.00S,1,0,,1610612753,,,0,0,0,,0,,,0,v,Magic Rebound,Rebound,Unknown,0,0
105,104,PT00M00.00S,1,0,,0,,,0,0,0,,0,28,25,53,,End of 1st Period (8:02 PM EST),period,end,0,0
106,106,PT12M00.00S,2,0,,0,,,0,0,0,,0,28,25,53,,Start of 2nd Period (8:04 PM EST),period,start,0,0
107,107,PT11M43.00S,2,1610612761,TOR,202349,Vasquez,G. Vasquez,0,0,0,,0,,,0,h,Vasquez Violation:Kicked Ball,Violation,Kicked Ball,0,0
108,108,PT11M31.00S,2,1610612753,ORL,2732,Gordon,B. Gordon,42,7,4,Made,1,28,27,55,v,Gordon 4' Driving Layup (5 PTS),Made Shot,Driving Layup Shot,1,0
109,109,PT11M17.00S,2,1610612761,TOR,201949,Johnson,J. Johnson,0,1,0,Made,1,30,27,57,h,J. Johnson Driving Slam Dunk (4 PTS) (Vasquez 2 AST),Made Shot,Driving Slam Dunk Shot,1,0
110,111,PT10M53.00S,2,1610612753,ORL,203124,O'Quinn,K. O'Quinn,-4,41,4,Made,1,30,29,59,v,O'Quinn 4' Driving Jump Shot (2 PTS),Made Shot,Driving Jump shot,1,0
111,112,PT10M38.00S,2,1610612761,TOR,101150,Williams,L. Williams,185,190,27,Made,1,33,29,62,h,Williams 27' 3PT Jump Shot (5 PTS) (Vasquez 3 AST),Made Shot,Jump Shot,1,0
112,113,PT10M28.00S,2,1610612753,ORL,203901,Payton,E. Payton,0,0,0,,0,,,0,v,Payton Bad Pass Turnover (P1.T4),Turnover,Bad Pass,1,0
113,113,PT10M28.00S,2,1610612761,TOR,201949,Johnson,J. Johnson,0,0,0,,0,,,0,h,J. Johnson STEAL (1 STL),,,1,0
114,114,PT10M27.00S,2,1610612753,ORL,203090,Harkless,M. Harkless,0,0,0,,0,,,0,v,Harkless P.FOUL (P1.T1),Foul,Personal,1,0
115,115,PT10M15.00S,2,1610612761,TOR,201949,Johnson,J. Johnson,0,0,0,,0,,,0,h,J. Johnson Lost Ball Turnover (P1.T4),Turnover,Lost Ball,1,0
116,115,PT10M15.00S,2,1610612753,ORL,203090,Harkless,M. Harkless,0,0,0,,0,,,0,v,Harkless STEAL (1 STL),,,1,0
117,116,PT10M11.00S,2,1610612753,ORL,203090,Harkless,M. Harkless,15,28,3,Made,1,33,31,64,v,Harkless 3' Driving Jump Shot (2 PTS),Made Shot,Driving Jump shot,1,0
118,117,PT10M11.00S,2,1610612761,TOR,202349,Vasquez,G. Vasquez,0,0,0,,0,,,0,h,Vasquez S.FOUL (P2.T1),Foul,Shooting,1,0
119,118,PT10M11.00S,2,1610612753,ORL,2732,Gordon,B. Gordon,0,0,0,,0,,,0,v,SUB: Fournier FOR Gordon,Substitution,,0,0
120,119,PT10M11.00S,2,1610612761,TOR,201949,Johnson,J. Johnson,0,0,0,,0,,,0,h,SUB: Ross FOR J. Johnson,Substitution,,0,0
121,120,PT10M11.00S,2,1610612761,TOR,202349,Vasquez,G. Vasquez,0,0,0,,0,,,0,h,SUB: Lowry FOR Vasquez,Substitution,,0,0
122,121,PT10M11.00S,2,1610612753,ORL,203090,Harkless,M. Harkless,0,0,0,,0,33,32,65,v,Harkless Free Throw 1 of 1 (3 PTS),Free Throw,Free Throw 1 of 1,0,0
123,123,PT10M00.00S,2,1610612753,ORL,203901,Payton,E. Payton,0,0,0,,0,,,0,v,Payton Shooting Block Foul (P1.T2),Foul,Shooting Block,1,0
124,124,PT10M00.00S,2,1610612761,TOR,200768,Lowry,K. Lowry,0,0,0,,0,,,0,h,MISS Lowry Free Throw 1 of 2,Free Throw,Free Throw 1 of 2,0,0
125,125,PT10M00.00S,2,0,,1610612761,,,0,0,0,,0,,,0,h,RAPTORS Rebound,Rebound,Normal Rebound,0,0
126,126,PT10M00.00S,2,1610612761,TOR,200768,Lowry,K. Lowry,0,0,0,,0,34,32,66,h,Lowry Free Throw 2 of 2 (6 PTS),Free Throw,Free Throw 2 of 2,0,0
127,128,PT09M47.00S,2,1610612753,ORL,203124,O'Quinn,K. O'Quinn,0,0,0,,0,,,0,v,O'Quinn Bad Pass Turnover (P1.T5),Turnover,Bad Pass,1,0
128,128,PT09M47.00S,2,1610612761,TOR,101150,Williams,L. Williams,0,0,0,,0,,,0,h,Williams STEAL (1 STL),,,1,0
129,129,PT09M43.00S,2,1610612761,TOR,101150,Williams,L. Williams,0,-17,2,Made,1,36,32,68,h,Williams 2' Driving Layup (7 PTS),Made Shot,Driving Layup Shot,1,0
130,130,PT09M28.00S,2,1610612761,TOR,200768,Lowry,K. Lowry,0,0,0,,0,,,0,h,Lowry P.FOUL (P2.T2),Foul,Personal,1,0
131,131,PT09M28.00S,2,1610612761,TOR,202335,Patterson,P. Patterson,0,0,0,,0,,,0,h,SUB: A. Johnson FOR Patterson,Substitution,,0,0
132,132,PT09M20.00S,2,1610612753,ORL,203095,Fournier,E. Fournier,-13,-5,1,Made,1,36,34,70,v,Fournier 1' Reverse Layup (4 PTS) (Payton 1 AST),Made Shot,Reverse Layup Shot,1,0
133,133,PT09M00.00S,2,1610612753,ORL,203090,Harkless,M. Harkless,0,0,0,,0,,,0,v,Harkless P.FOUL (P2.T3),Foul,Personal,1,0
134,134,PT08M51.00S,2,1610612761,TOR,101150,Williams,L. Williams,-171,15,17,Made,1,38,34,72,h,Williams 17' Fadeaway Jumper (9 PTS),Made Shot,Fadeaway Jump Shot,1,0
135,135,PT08M44.00S,2,0,,1610612753,,,0,0,0,,0,,,0,v,Magic Timeout: Regular (Reg.2 Short 0),Timeout,Regular,0,0
136,138,PT08M44.00S,2,1610612753,ORL,203090,Harkless,M. Harkless,0,0,0,,0,,,0,v,SUB: Oladipo FOR Harkless,Substitution,,0,0
137,139,PT08M28.00S,2,1610612753,ORL,203901,Payton,E. Payton,40,45,6,Missed,1,,,0,v,MISS Payton 6' Driving Jump Shot,Missed Shot,Driving Jump shot,1,0
138,140,PT08M27.00S,2,0,,1610612761,,,0,0,0,,0,,,0,h,RAPTORS Rebound,Rebound,Unknown,0,0
139,141,PT08M19.00S,2,1610612753,ORL,203124,O'Quinn,K. O'Quinn,0,0,0,,0,,,0,v,O'Quinn S.FOUL (P1.T4),Foul,Shooting,1,0
140,142,PT08M19.00S,2,1610612761,TOR,101161,Johnson,A. Johnson,0,0,0,,0,,,0,h,MISS A. Johnson Free Throw 1 of 2,Free Throw,Free Throw 1 of 2,0,0
141,143,PT08M19.00S,2,0,,1610612761,,,0,0,0,,0,,,0,h,RAPTORS Rebound,Rebound,Normal Rebound,0,0
142,144,PT08M19.00S,2,1610612761,TOR,101161,Johnson,A. Johnson,0,0,0,,0,39,34,73,h,A. Johnson Free Throw 2 of 2 (5 PTS),Free Throw,Free Throw 2 of 2,0,0
143,146,PT08M00.00S,2,1610612753,ORL,101112,Frye,C. Frye,-199,20,20,Missed,1,,,0,v,MISS Frye 20' Jump Shot,Missed Shot,Jump Shot,1,0
144,147,PT07M58.00S,2,1610612761,TOR,203082,Ross,T. Ross,0,0,0,,0,,,0,h,Ross REBOUND (Off:0 Def:4),Rebound,Unknown,1,0
145,149,PT07M46.00S,2,1610612753,ORL,203901,Payton,E. Payton,0,0,0,,0,,,0,v,SUB: Harris FOR Payton,Substitution,,0,0
146,150,PT07M40.00S,2,1610612761,TOR,203082,Ross,T. Ross,86,250,26,Missed,1,,,0,h,MISS Ross 26' 3PT Jump Shot,Missed Shot,Jump Shot,1,0
147,151,PT07M39.00S,2,1610612753,ORL,203124,O'Quinn,K. O'Quinn,0,0,0,,0,,,0,v,O'Quinn REBOUND (Off:0 Def:1),Rebound,Unknown,1,0
148,152,PT07M38.00S,2,1610612753,ORL,203124,O'Quinn,K. O'Quinn,0,0,0,,0,,,0,v,O'Quinn Lost Ball Turnover (P2.T6),Turnover,Lost Ball,1,0
149,152,PT07M38.00S,2,1610612761,TOR,200768,Lowry,K. Lowry,0,0,0,,0,,,0,h,Lowry STEAL (2 STL),,,1,0
150,154,PT07M35.00S,2,1610612753,ORL,203095,Fournier,E. Fournier,0,0,0,,0,,,0,v,Fournier P.FOUL (P2.PN),Foul,Personal,1,0
151,155,PT07M35.00S,2,1610612761,TOR,101150,Williams,L. Williams,0,0,0,,0,,,0,h,MISS Williams Free Throw 1 of 2,Free Throw,Free Throw 1 of 2,0,0
152,156,PT07M35.00S,2,0,,1610612761,,,0,0,0,,0,,,0,h,RAPTORS Rebound,Rebound,Normal Rebound,0,0
153,157,PT07M35.00S,2,1610612761,TOR,101150,Williams,L. Williams,0,0,0,,0,40,34,74,h,Williams Free Throw 2 of 2 (10 PTS),Free Throw,Free Throw 2 of 2,0,0
154,159,PT07M19.00S,2,1610612761,TOR,101150,Williams,L. Williams,0,0,0,,0,,,0,h,Jump Ball Williams vs. Oladipo: Tip to O'Quinn,Jump Ball,,1,0
155,160,PT07M10.00S,2,1610612753,ORL,203506,Oladipo,V. Oladipo,-41,205,21,Made,1,40,36,76,v,Oladipo 21' Step Back Jump Shot (6 PTS),Made Shot,Step Back Jump shot,1,0
156,161,PT06M56.00S,2,1610612761,TOR,201946,Hansbrough,T. Hansbrough,-38,9,4,Missed,1,,,0,h,MISS Hansbrough 4' Jump Shot,Missed Shot,Jump Shot,1,0
157,162,PT06M55.00S,2,1610612761,TOR,201946,Hansbrough,T. Hansbrough,0,0,0,,0,,,0,h,Hansbrough REBOUND (Off:1 Def:0),Rebound,Unknown,1,0
158,163,PT06M52.00S,2,1610612761,TOR,201946,Hansbrough,T. Hansbrough,23,14,3,Made,1,42,36,78,h,Hansbrough 3' Hook Bank Shot (4 PTS),Made Shot,Hook Bank Shot,1,0
159,164,PT06M43.00S,2,0,,1610612753,,,0,0,0,,0,,,0,v,Magic Timeout: Regular (Reg.3 Short 0),Timeout,Regular,0,0
160,166,PT06M43.00S,2,1610612761,TOR,101150,Williams,L. Williams,0,0,0,,0,,,0,h,SUB: Valanciunas FOR Williams,Substitution,,0,0
161,167,PT06M43.00S,2,1610612761,TOR,201946,Hansbrough,T. Hansbrough,0,0,0,,0,,,0,h,SUB: Vasquez FOR Hansbrough,Substitution,,0,0
162,168,PT06M43.00S,2,1610612753,ORL,203095,Fournier,E. Fournier,0,0,0,,0,,,0,v,SUB: Gordon FOR Fournier,Substitution,,0,0
163,169,PT06M43.00S,2,1610612753,ORL,203124,O'Quinn,K. O'Quinn,0,0,0,,0,,,0,v,SUB: Vucevic FOR O'Quinn,Substitution,,0,0
164,171,PT06M40.00S,2,1610612761,TOR,101161,Johnson,A. Johnson,0,0,0,,0,,,0,h,A. Johnson P.FOUL (P1.T3),Foul,Personal,1,0
165,172,PT06M33.00S,2,1610612761,TOR,203082,Ross,T. Ross,0,0,0,,0,,,0,h,Ross S.FOUL (P1.T4),Foul,Shooting,1,0
166,173,PT06M33.00S,2,1610612753,ORL,202696,Vucevic,N. Vucevic,0,0,0,,0,,,0,v,MISS Vucevic Free Throw 1 of 2,Free Throw,Free Throw 1 of 2,0,0
167,174,PT06M33.00S,2,0,,1610612753,,,0,0,0,,0,,,0,v,Magic Rebound,Rebound,Normal Rebound,0,0
168,175,PT06M33.00S,2,1610612753,ORL,202696,Vucevic,N. Vucevic,0,0,0,,0,,,0,v,MISS Vucevic Free Throw 2 of 2,Free Throw,Free Throw 2 of 2,0,0
169,177,PT06M33.00S,2,1610612761,TOR,101161,Johnson,A. Johnson,0,0,0,,0,,,0,h,A. Johnson REBOUND (Off:1 Def:1),Rebound,Unknown,1,0
170,178,PT06M18.00S,2,1610612761,TOR,202349,Vasquez,G. Vasquez,0,0,0,,0,,,0,h,Vasquez Bad Pass Turnover (P1.T5),Turnover,Bad Pass,1,0
171,178,PT06M18.00S,2,1610612753,ORL,202696,Vucevic,N. Vucevic,0,0,0,,0,,,0,v,Vucevic STEAL (1 STL),,,1,0
172,179,PT06M09.00S,2,1610612753,ORL,202699,Harris,T. Harris,18,15,2,Made,1,42,38,80,v,Harris 2' Layup (8 PTS) (Vucevic 1 AST),Made Shot,Layup Shot,1,0
173,180,PT05M58.00S,2,1610612761,TOR,202685,Valanciunas,J. Valanciunas,-40,-2,4,Missed,1,,,0,h,MISS Valanciunas 4' Jump Bank Shot,Missed Shot,Jump Bank Shot,1,0
174,181,PT05M57.00S,2,0,,1610612761,,,0,0,0,,0,,,0,h,RAPTORS Rebound,Rebound,Unknown,1,0
175,182,PT05M43.00S,2,1610612761,TOR,203082,Ross,T. Ross,-70,50,9,Missed,1,,,0,h,MISS Ross 9' Turnaround Jump Shot,Missed Shot,Turnaround Jump Shot,1,0
176,182,PT05M43.00S,2,1610612753,ORL,202699,Harris,T. Harris,0,0,0,,0,,,0,v,Harris BLOCK (1 BLK),,,1,0
177,183,PT05M41.00S,2,1610612753,ORL,202696,Vucevic,N. Vucevic,0,0,0,,0,,,0,v,Vucevic REBOUND (Off:0 Def:2),Rebound,Unknown,1,0
178,184,PT05M32.00S,2,1610612753,ORL,202699,Harris,T. Harris,-32,3,3,Made,1,42,40,82,v,Harris 3' Jump Bank Shot (10 PTS),Made Shot,Jump Bank Shot,1,0
179,185,PT05M17.00S,2,1610612761,TOR,101161,Johnson,A. Johnson,21,12,2,Missed,1,,,0,h,MISS A. Johnson 2' Layup,Missed Shot,Layup Shot,1,0
180,185,PT05M17.00S,2,1610612753,ORL,202696,Vucevic,N. Vucevic,0,0,0,,0,,,0,v,Vucevic BLOCK (2 BLK),,,1,0
181,186,PT05M17.00S,2,1610612753,ORL,202696,Vucevic,N. Vucevic,0,0,0,,0,,,0,v,Vucevic REBOUND (Off:0 Def:3),Rebound,Unknown,1,0
182,187,PT05M17.00S,2,1610612753,ORL,101112,Frye,C. Frye,0,0,0,,0,,,0,v,SUB: O'Quinn FOR Frye,Substitution,,0,0
183,188,PT05M17.00S,2,1610612761,TOR,203082,Ross,T. Ross,0,0,0,,0,,,0,h,SUB: Fields FOR Ross,Substitution,,0,0
184,191,PT05M16.00S,2,1610612761,TOR,101161,Johnson,A. Johnson,0,0,0,,0,,,0,h,Jump Ball A. Johnson vs. Vucevic: Tip to O'Quinn,Jump Ball,,1,0
185,193,PT05M01.00S,2,1610612753,ORL,202696,Vucevic,N. Vucevic,165,25,17,Missed,1,,,0,v,MISS Vucevic 17' Jump Shot,Missed Shot,Jump Shot,1,0
186,194,PT05M01.00S,2,0,,1610612753,,,0,0,0,,0,,,0,v,Magic Rebound,Rebound,Unknown,0,0
187,195,PT05M01.00S,2,1610612761,TOR,202361,Fields,L. Fields,0,0,0,,0,,,0,h,Fields L.B.FOUL (P1.PN),Foul,Loose Ball,1,0
188,196,PT05M01.00S,2,1610612753,ORL,202699,Harris,T. Harris,0,0,0,,0,42,41,83,v,Harris Free Throw 1 of 2 (11 PTS),Free Throw,Free Throw 1 of 2,0,0
189,198,PT05M01.00S,2,1610612761,TOR,101161,Johnson,A. Johnson,0,0,0,,0,,,0,h,SUB: Patterson FOR A. Johnson,Substitution,,0,0
190,199,PT05M01.00S,2,1610612753,ORL,202699,Harris,T. Harris,0,0,0,,0,42,42,84,v,Harris Free Throw 2 of 2 (12 PTS),Free Throw,Free Throw 2 of 2,0,0
191,201,PT04M44.00S,2,1610612761,TOR,202335,Patterson,P. Patterson,62,249,26,Missed,1,,,0,h,MISS Patterson 26' 3PT Jump Shot,Missed Shot,Jump Shot,1,0
192,202,PT04M43.00S,2,1610612761,TOR,202361,Fields,L. Fields,0,0,0,,0,,,0,h,Fields REBOUND (Off:1 Def:1),Rebound,Unknown,1,0
193,203,PT04M37.00S,2,0,,1610612761,,,0,0,0,,0,,,0,h,RAPTORS Turnover: Shot Clock (T#6),Turnover,Shot Clock Turnover,0,0
194,204,PT04M27.00S,2,1610612753,ORL,203506,Oladipo,V. Oladipo,102,244,26,Missed,1,,,0,v,MISS Oladipo 26' 3PT Jump Shot,Missed Shot,Jump Shot,1,0
195,205,PT04M26.00S,2,1610612761,TOR,202685,Valanciunas,J. Valanciunas,0,0,0,,0,,,0,h,Valanciunas REBOUND (Off:1 Def:4),Rebound,Unknown,1,0
196,206,PT04M15.00S,2,1610612761,TOR,202349,Vasquez,G. Vasquez,19,0,2,Missed,1,,,0,h,MISS Vasquez 2' Driving Layup,Missed Shot,Driving Layup Shot,1,0
197,207,PT04M14.00S,2,1610612761,TOR,202361,Fields,L. Fields,0,0,0,,0,,,0,h,Fields REBOUND (Off:2 Def:1),Rebound,Unknown,1,0
198,208,PT04M05.00S,2,1610612761,TOR,200768,Lowry,K. Lowry,-81,250,26,Missed,1,,,0,h,MISS Lowry 26' 3PT Jump Shot,Missed Shot,Jump Shot,1,0
199,209,PT04M04.00S,2,1610612753,ORL,202699,Harris,T. Harris,0,0,0,,0,,,0,v,Harris REBOUND (Off:0 Def:1),Rebound,Unknown,1,0
200,210,PT03M55.00S,2,1610612753,ORL,202699,Harris,T. Harris,-57,14,6,Made,1,42,44,86,v,Harris 6' Driving Bank Shot (14 PTS),Made Shot,Driving Bank shot,1,0
201,211,PT03M50.00S,2,0,,1610612761,,,0,0,0,,0,,,0,h,RAPTORS Timeout: Regular (Full 2 Short 0),Timeout,Regular,0,0
202,213,PT03M50.00S,2,1610612761,TOR,200768,Lowry,K. Lowry,0,0,0,,0,,,0,h,SUB: Williams FOR Lowry,Substitution,,0,0
203,215,PT03M34.00S,2,1610612761,TOR,202349,Vasquez,G. Vasquez,-24,178,18,Missed,1,,,0,h,MISS Vasquez 18' Pullup Jump Shot,Missed Shot,Pullup Jump shot,1,0
204,216,PT03M33.00S,2,1610612753,ORL,203124,O'Quinn,K. O'Quinn,0,0,0,,0,,,0,v,O'Quinn REBOUND (Off:0 Def:2),Rebound,Unknown,1,0
205,217,PT03M15.00S,2,1610612753,ORL,2732,Gordon,B. Gordon,-177,4,18,Made,1,42,46,88,v,Gordon 18' Pullup Jump Shot (7 PTS) (Oladipo 2 AST),Made Shot,Pullup Jump shot,1,0
206,218,PT03M03.00S,2,1610612753,ORL,202699,Harris,T. Harris,0,0,0,,0,,,0,v,Harris S.FOUL (P2.PN),Foul,Shooting,1,0
207,219,PT03M03.00S,2,1610612761,TOR,202685,Valanciunas,J. Valanciunas,0,0,0,,0,43,46,89,h,Valanciunas Free Throw 1 of 2 (5 PTS),Free Throw,Free Throw 1 of 2,0,0
208,221,PT03M03.00S,2,1610612761,TOR,202685,Valanciunas,J. Valanciunas,0,0,0,,0,44,46,90,h,Valanciunas Free Throw 2 of 2 (6 PTS),Free Throw,Free Throw 2 of 2,0,0
209,223,PT02M47.00S,2,1610612753,ORL,202696,Vucevic,N. Vucevic,0,0,0,,0,,,0,v,Vucevic Bad Pass Turnover (P1.T7),Turnover,Bad Pass,1,0
210,224,PT02M27.00S,2,1610612761,TOR,101150,Williams,L. Williams,0,0,0,,0,,,0,h,Williams Traveling Turnover (P1.T7),Turnover,Traveling,1,0
211,225,PT02M07.00S,2,1610612753,ORL,2732,Gordon,B. Gordon,-141,64,15,Made,1,44,48,92,v,Gordon 15' Pullup Jump Shot (9 PTS) (Harris 2 AST),Made Shot,Pullup Jump shot,1,0
212,226,PT01M46.00S,2,1610612761,TOR,202685,Valanciunas,J. Valanciunas,-24,47,5,Missed,1,,,0,h,MISS Valanciunas 5' Jump Shot,Missed Shot,Jump Shot,1,0
213,226,PT01M46.00S,2,1610612753,ORL,203124,O'Quinn,K. O'Quinn,0,0,0,,0,,,0,v,O'Quinn BLOCK (1 BLK),,,1,0
214,227,PT01M44.00S,2,1610612753,ORL,2732,Gordon,B. Gordon,0,0,0,,0,,,0,v,Gordon REBOUND (Off:0 Def:1),Rebound,Unknown,1,0
215,228,PT01M36.00S,2,1610612753,ORL,2732,Gordon,B. Gordon,24,223,22,Made,1,44,50,94,v,Gordon 22' Pullup Jump Shot (11 PTS),Made Shot,Pullup Jump shot,1,0
216,229,PT01M22.00S,2,1610612761,TOR,202361,Fields,L. Fields,47,33,6,Missed,1,,,0,h,MISS Fields 6' Driving Hook Shot,Missed Shot,Driving Hook Shot,1,0
217,230,PT01M20.00S,2,1610612753,ORL,203124,O'Quinn,K. O'Quinn,0,0,0,,0,,,0,v,O'Quinn REBOUND (Off:0 Def:3),Rebound,Unknown,1,0
218,231,PT00M58.90S,2,1610612753,ORL,203506,Oladipo,V. Oladipo,102,255,27,Missed,1,,,0,v,MISS Oladipo 27' 3PT Jump Shot,Missed Shot,Jump Shot,1,0
219,232,PT00M57.80S,2,1610612761,TOR,202685,Valanciunas,J. Valanciunas,0,0,0,,0,,,0,h,Valanciunas REBOUND (Off:1 Def:5),Rebound,Unknown,1,0
220,233,PT00M48.90S,2,1610612761,TOR,202349,Vasquez,G. Vasquez,12,260,26,Missed,1,,,0,h,MISS Vasquez 26' 3PT Jump Shot,Missed Shot,Jump Shot,1,0
221,234,PT00M47.50S,2,1610612761,TOR,202685,Valanciunas,J. Valanciunas,0,0,0,,0,,,0,h,Valanciunas REBOUND (Off:2 Def:5),Rebound,Unknown,1,0
222,235,PT00M44.20S,2,0,,1610612761,,,0,0,0,,0,,,0,h,RAPTORS Timeout: Short (Full 2 Short 1),Timeout,Short,0,0
223,238,PT00M35.80S,2,1610612761,TOR,101150,Williams,L. Williams,0,272,27,Missed,1,,,0,h,MISS Williams 27' 3PT Jump Shot,Missed Shot,Jump Shot,1,0
224,239,PT00M34.80S,2,1610612753,ORL,202696,Vucevic,N. Vucevic,0,0,0,,0,,,0,v,Vucevic REBOUND (Off:0 Def:4),Rebound,Unknown,1,0
225,240,PT00M20.90S,2,1610612753,ORL,202696,Vucevic,N. Vucevic,1,179,18,Made,1,44,52,96,v,Vucevic 18' Jump Shot (8 PTS) (Harris 3 AST),Made Shot,Jump Shot,1,0
226,241,PT00M00.90S,2,1610612761,TOR,202335,Patterson,P. Patterson,189,183,26,Missed,1,,,0,h,MISS Patterson 26' 3PT Jump Shot,Missed Shot,Jump Shot,1,0
227,242,PT00M00.20S,2,1610612753,ORL,202699,Harris,T. Harris,0,0,0,,0,,,0,v,Harris REBOUND (Off:0 Def:2),Rebound,Unknown,1,0
228,245,PT00M00.00S,2,0,,228,Keefe,A. Keefe,0,0,0,,0,,,0,,Support Ruling,Instant Replay,Support Ruling,0,0
229,246,PT00M00.00S,2,0,,0,,,0,0,0,,0,44,52,96,,End of 2nd Period (8:40 PM EST),period,end,0,0
230,248,PT12M00.00S,3,0,,0,,,0,0,0,,0,44,52,96,,Start of 3rd Period (8:54 PM EST),period,start,0,0
231,249,PT11M47.00S,3,1610612753,ORL,202699,Harris,T. Harris,-5,154,15,Missed,1,,,0,v,MISS Harris 15' Pullup Jump Shot,Missed Shot,Pullup Jump shot,1,0
232,250,PT11M46.00S,3,1610612761,TOR,202685,Valanciunas,J. Valanciunas,0,0,0,,0,,,0,h,Valanciunas REBOUND (Off:2 Def:6),Rebound,Unknown,1,0
233,251,PT11M25.00S,3,1610612761,TOR,200768,Lowry,K. Lowry,-116,9,12,Made,1,46,52,98,h,Lowry 12' Fadeaway Jumper (8 PTS),Made Shot,Fadeaway Jump Shot,1,0
234,252,PT11M14.00S,3,1610612753,ORL,203506,Oladipo,V. Oladipo,0,0,0,,0,,,0,v,Oladipo OFF.Foul (P1),Foul,Offensive,1,0
235,253,PT11M14.00S,3,1610612753,ORL,203506,Oladipo,V. Oladipo,0,0,0,,0,,,0,v,Oladipo Foul Turnover (P1.T8),Turnover,Foul,1,0
236,254,PT11M00.00S,3,1610612761,TOR,200768,Lowry,K. Lowry,-224,30,0,Made,1,49,52,101,h,Lowry 3PT Jump Shot (11 PTS) (Ross 1 AST),Made Shot,Jump Shot,1,0
237,255,PT10M38.00S,3,1610612753,ORL,2732,Gordon,B. Gordon,-146,214,26,Missed,1,,,0,v,MISS Gordon 26' 3PT Jump Shot,Missed Shot,Jump Shot,1,0
238,256,PT10M37.00S,3,1610612761,TOR,203082,Ross,T. Ross,0,0,0,,0,,,0,h,Ross REBOUND (Off:0 Def:5),Rebound,Unknown,1,0
239,257,PT10M30.00S,3,1610612761,TOR,101161,Johnson,A. Johnson,0,1,0,Made,1,51,52,103,h,A. Johnson Running Dunk (7 PTS) (Lowry 4 AST),Made Shot,Running Dunk Shot,1,0
240,258,PT10M29.00S,3,0,,1610612753,,,0,0,0,,0,,,0,v,Magic Timeout: Regular (Reg.4 Short 0),Timeout,Regular,0,0
241,262,PT10M12.00S,3,1610612753,ORL,202696,Vucevic,N. Vucevic,100,36,11,Missed,1,,,0,v,MISS Vucevic 11' Turnaround Fadeaway Shot,Missed Shot,Turnaround Fadeaway shot,1,0
242,263,PT10M11.00S,3,1610612761,TOR,200768,Lowry,K. Lowry,0,0,0,,0,,,0,h,Lowry REBOUND (Off:0 Def:2),Rebound,Unknown,1,0
243,264,PT10M03.00S,3,1610612753,ORL,203506,Oladipo,V. Oladipo,0,0,0,,0,,,0,v,Oladipo P.FOUL (P2.T1),Foul,Personal,1,0
244,265,PT09M54.00S,3,1610612761,TOR,203082,Ross,T. Ross,-5,255,26,Missed,1,,,0,h,MISS Ross 26' 3PT Step Back Jump Shot,Missed Shot,Step Back Jump shot,1,0
245,266,PT09M53.00S,3,1610612753,ORL,202696,Vucevic,N. Vucevic,0,0,0,,0,,,0,v,Vucevic REBOUND (Off:0 Def:5),Rebound,Unknown,1,0
246,267,PT09M42.00S,3,1610612753,ORL,203506,Oladipo,V. Oladipo,-100,173,20,Made,1,51,54,105,v,Oladipo 20' Step Back Jump Shot (8 PTS),Made Shot,Step Back Jump shot,1,0
247,268,PT09M26.00S,3,1610612761,TOR,200768,Lowry,K. Lowry,0,0,0,,0,,,0,h,Lowry OFF.Foul (P3),Foul,Offensive,1,0
248,269,PT09M26.00S,3,1610612761,TOR,200768,Lowry,K. Lowry,0,0,0,,0,,,0,h,Lowry Foul Turnover (P2.T8),Turnover,Foul,1,0
249,270,PT09M05.00S,3,1610612753,ORL,202696,Vucevic,N. Vucevic,-153,1,15,Missed,1,,,0,v,MISS Vucevic 15' Turnaround Fadeaway Shot,Missed Shot,Turnaround Fadeaway shot,1,0
250,271,PT09M04.00S,3,1610612761,TOR,202361,Fields,L. Fields,0,0,0,,0,,,0,h,Fields REBOUND (Off:2 Def:2),Rebound,Unknown,1,0
251,272,PT08M54.00S,3,1610612761,TOR,101161,Johnson,A. Johnson,6,61,6,Made,1,53,54,107,h,A. Johnson 6' Jump Hook Shot (9 PTS) (Lowry 5 AST),Made Shot,Jump Hook Shot,1,0
252,273,PT08M39.00S,3,1610612753,ORL,202696,Vucevic,N. Vucevic,-35,-13,4,Missed,1,,,0,v,MISS Vucevic 4' Hook Shot,Missed Shot,Hook Shot,1,0
253,274,PT08M39.00S,3,1610612761,TOR,200768,Lowry,K. Lowry,0,0,0,,0,,,0,h,Lowry REBOUND (Off:0 Def:3),Rebound,Unknown,1,0
254,275,PT08M24.00S,3,1610612761,TOR,203082,Ross,T. Ross,217,134,26,Missed,1,,,0,h,MISS Ross 26' 3PT Step Back Jump Shot,Missed Shot,Step Back Jump shot,1,0
255,276,PT08M23.00S,3,1610612753,ORL,2732,Gordon,B. Gordon,0,0,0,,0,,,0,v,Gordon REBOUND (Off:0 Def:2),Rebound,Unknown,1,0
256,277,PT08M00.00S,3,1610612753,ORL,203506,Oladipo,V. Oladipo,34,20,4,Missed,1,,,0,v,MISS Oladipo 4' Driving Layup,Missed Shot,Driving Layup Shot,1,0
257,278,PT07M59.00S,3,1610612753,ORL,202696,Vucevic,N. Vucevic,0,0,0,,0,,,0,v,Vucevic REBOUND (Off:1 Def:5),Rebound,Unknown,1,0
258,279,PT07M57.00S,3,1610612753,ORL,202696,Vucevic,N. Vucevic,0,1,0,Made,1,53,56,109,v,Vucevic Putback Dunk (10 PTS),Made Shot,Putback Dunk Shot,1,0
259,280,PT07M40.00S,3,1610612761,TOR,203082,Ross,T. Ross,73,131,15,Missed,1,,,0,h,MISS Ross 15' Pullup Jump Shot,Missed Shot,Pullup Jump shot,1,0
260,281,PT07M39.00S,3,1610612761,TOR,200768,Lowry,K. Lowry,0,0,0,,0,,,0,h,Lowry REBOUND (Off:1 Def:3),Rebound,Unknown,1,0
261,282,PT07M29.00S,3,1610612761,TOR,203082,Ross,T. Ross,-237,48,24,Made,1,56,56,112,h,Ross 24' 3PT Jump Shot (9 PTS) (Lowry 6 AST),Made Shot,Jump Shot,1,0
262,283,PT07M17.00S,3,1610612753,ORL,2732,Gordon,B. Gordon,9,156,16,Made,1,56,58,114,v,Gordon 16' Step Back Jump Shot (13 PTS),Made Shot,Step Back Jump shot,1,0
263,284,PT06M57.00S,3,1610612761,TOR,101161,Johnson,A. Johnson,166,15,17,Made,1,58,58,116,h,A. Johnson 17' Jump Shot (11 PTS) (Fields 2 AST),Made Shot,Jump Shot,1,0
264,285,PT06M40.00S,3,1610612753,ORL,2732,Gordon,B. Gordon,2,44,4,Missed,1,,,0,v,MISS Gordon 4' Floating Jump Shot,Missed Shot,Floating Jump shot,1,0
265,286,PT06M39.00S,3,1610612753,ORL,2732,Gordon,B. Gordon,0,0,0,,0,,,0,v,Gordon REBOUND (Off:1 Def:2),Rebound,Unknown,1,0
266,287,PT06M33.00S,3,1610612753,ORL,2732,Gordon,B. Gordon,-106,11,11,Missed,1,,,0,v,MISS Gordon 11' Floating Jump Shot,Missed Shot,Floating Jump shot,1,0
267,288,PT06M32.00S,3,1610612761,TOR,101161,Johnson,A. Johnson,0,0,0,,0,,,0,h,A. Johnson REBOUND (Off:1 Def:2),Rebound,Unknown,1,0
268,289,PT06M26.00S,3,1610612761,TOR,202361,Fields,L. Fields,-5,0,1,Made,1,60,58,118,h,Fields 1' Running Layup (5 PTS) (Lowry 7 AST),Made Shot,Running Layup Shot,1,0
269,290,PT06M16.00S,3,1610612761,TOR,101161,Johnson,A. Johnson,0,0,0,,0,,,0,h,A. Johnson P.FOUL (P2.T1),Foul,Personal,1,0
270,291,PT06M08.00S,3,1610612753,ORL,202699,Harris,T. Harris,-242,1,24,Missed,1,,,0,v,MISS Harris 24' 3PT Jump Shot,Missed Shot,Jump Shot,1,0
271,292,PT06M07.00S,3,1610612761,TOR,203082,Ross,T. Ross,0,0,0,,0,,,0,h,Ross REBOUND (Off:0 Def:6),Rebound,Unknown,1,0
272,293,PT05M58.00S,3,1610612761,TOR,200768,Lowry,K. Lowry,-153,140,21,Missed,1,,,0,h,MISS Lowry 21' Floating Jump Shot,Missed Shot,Floating Jump shot,1,0
273,294,PT05M57.00S,3,1610612753,ORL,202696,Vucevic,N. Vucevic,0,0,0,,0,,,0,v,Vucevic REBOUND (Off:1 Def:6),Rebound,Unknown,1,0
274,295,PT05M49.00S,3,1610612753,ORL,203506,Oladipo,V. Oladipo,0,0,0,,0,,,0,v,Oladipo OFF.Foul (P3),Foul,Offensive,1,0
275,296,PT05M49.00S,3,1610612753,ORL,203506,Oladipo,V. Oladipo,0,0,0,,0,,,0,v,Oladipo Foul Turnover (P2.T9),Turnover,Foul,1,0
276,297,PT05M49.00S,3,1610612753,ORL,202696,Vucevic,N. Vucevic,0,0,0,,0,,,0,v,SUB: O'Quinn FOR Vucevic,Substitution,,0,0
277,298,PT05M36.00S,3,1610612761,TOR,202685,Valanciunas,J. Valanciunas,13,26,3,Missed,1,,,0,h,MISS Valanciunas 3' Driving Hook Shot,Missed Shot,Driving Hook Shot,1,0
278,299,PT05M35.00S,3,1610612753,ORL,202699,Harris,T. Harris,0,0,0,,0,,,0,v,Harris REBOUND (Off:0 Def:3),Rebound,Unknown,1,0
279,300,PT05M30.00S,3,1610612753,ORL,202699,Harris,T. Harris,0,0,0,,0,,,0,v,Harris Bad Pass Turnover (P2.T10),Turnover,Bad Pass,1,0
280,300,PT05M30.00S,3,1610612761,TOR,202361,Fields,L. Fields,0,0,0,,0,,,0,h,Fields STEAL (1 STL),,,1,0
281,301,PT05M29.00S,3,1610612753,ORL,101112,Frye,C. Frye,0,0,0,,0,,,0,v,Frye P.FOUL (P1.T2),Foul,Personal,1,0
282,302,PT05M29.00S,3,1610612761,TOR,202685,Valanciunas,J. Valanciunas,0,0,0,,0,,,0,h,SUB: Hansbrough FOR Valanciunas,Substitution,,0,0
283,303,PT05M29.00S,3,1610612753,ORL,101112,Frye,C. Frye,0,0,0,,0,,,0,v,SUB: Fournier FOR Frye,Substitution,,0,0
284,304,PT05M10.00S,3,1610612761,TOR,203082,Ross,T. Ross,0,1,0,Missed,1,,,0,h,MISS Ross Driving Slam Dunk,Missed Shot,Driving Slam Dunk Shot,1,0
285,305,PT05M09.00S,3,1610612753,ORL,203124,O'Quinn,K. O'Quinn,0,0,0,,0,,,0,v,O'Quinn REBOUND (Off:0 Def:4),Rebound,Unknown,1,0
286,306,PT04M56.00S,3,1610612753,ORL,202699,Harris,T. Harris,24,11,3,Missed,1,,,0,v,MISS Harris 3' Reverse Layup,Missed Shot,Reverse Layup Shot,1,0
287,306,PT04M56.00S,3,1610612761,TOR,200768,Lowry,K. Lowry,0,0,0,,0,,,0,h,Lowry BLOCK (1 BLK),,,1,0
288,307,PT04M54.00S,3,1610612761,TOR,200768,Lowry,K. Lowry,0,0,0,,0,,,0,h,Lowry REBOUND (Off:1 Def:4),Rebound,Unknown,1,0
289,308,PT04M34.00S,3,1610612761,TOR,202361,Fields,L. Fields,231,1,0,Made,1,63,58,121,h,Fields 3PT Jump Shot (8 PTS) (Lowry 8 AST),Made Shot,Jump Shot,1,0
290,309,PT04M13.00S,3,1610612753,ORL,2732,Gordon,B. Gordon,214,134,25,Made,1,63,61,124,v,Gordon 25' 3PT Jump Shot (16 PTS),Made Shot,Jump Shot,1,0
291,310,PT03M55.00S,3,1610612761,TOR,101161,Johnson,A. Johnson,0,0,0,,0,,,0,h,A. Johnson Offensive Charge Foul (P3),Foul,Offensive Charge,1,0
292,311,PT03M55.00S,3,1610612761,TOR,101161,Johnson,A. Johnson,0,0,0,,0,,,0,h,A. Johnson Foul Turnover (P1.T9),Turnover,Foul,1,0
293,312,PT03M55.00S,3,1610612761,TOR,101161,Johnson,A. Johnson,0,0,0,,0,,,0,h,SUB: Patterson FOR A. Johnson,Substitution,,0,0
294,313,PT03M45.00S,3,1610612753,ORL,202699,Harris,T. Harris,-144,78,16,Made,1,63,63,126,v,Harris 16' Jump Shot (16 PTS) (Oladipo 3 AST),Made Shot,Jump Shot,1,0
295,314,PT03M15.00S,3,1610612761,TOR,203082,Ross,T. Ross,-240,31,24,Missed,1,,,0,h,MISS Ross 24' 3PT Jump Bank Shot,Missed Shot,Jump Bank Shot,1,0
296,315,PT03M15.00S,3,1610612753,ORL,203124,O'Quinn,K. O'Quinn,0,0,0,,0,,,0,v,O'Quinn REBOUND (Off:0 Def:5),Rebound,Unknown,1,0
297,316,PT02M53.00S,3,1610612753,ORL,203095,Fournier,E. Fournier,0,0,0,,0,,,0,v,Fournier Bad Pass Turnover (P2.T11),Turnover,Bad Pass,1,0
298,316,PT02M53.00S,3,1610612761,TOR,201946,Hansbrough,T. Hansbrough,0,0,0,,0,,,0,h,Hansbrough STEAL (1 STL),,,1,0
299,317,PT02M32.00S,3,1610612761,TOR,202361,Fields,L. Fields,9,60,6,Missed,1,,,0,h,MISS Fields 6' Floating Jump Shot,Missed Shot,Floating Jump shot,1,0
300,318,PT02M32.00S,3,0,,1610612761,,,0,0,0,,0,,,0,h,RAPTORS Rebound,Rebound,Unknown,0,0
301,319,PT02M32.00S,3,0,,1610612761,,,0,0,0,,0,,,0,h,RAPTORS Timeout: Regular (Full 3 Short 1),Timeout,Regular,0,0
302,321,PT02M32.00S,3,1610612761,TOR,203082,Ross,T. Ross,0,0,0,,0,,,0,h,SUB: J. Johnson FOR Ross,Substitution,,0,0
303,322,PT02M32.00S,3,1610612761,TOR,202361,Fields,L. Fields,0,0,0,,0,,,0,h,SUB: Williams FOR Fields,Substitution,,0,0
304,323,PT02M32.00S,3,1610612753,ORL,2732,Gordon,B. Gordon,0,0,0,,0,,,0,v,SUB: Harkless FOR Gordon,Substitution,,0,0
305,325,PT02M26.00S,3,1610612761,TOR,200768,Lowry,K. Lowry,140,224,26,Made,1,66,63,129,h,Lowry 26' 3PT Jump Shot (14 PTS) (Patterson 4 AST),Made Shot,Jump Shot,1,0
306,326,PT02M08.00S,3,1610612753,ORL,203090,Harkless,M. Harkless,40,14,4,Missed,1,,,0,v,MISS Harkless 4' Jump Shot,Missed Shot,Jump Shot,1,0
307,326,PT02M08.00S,3,1610612761,TOR,201949,Johnson,J. Johnson,0,0,0,,0,,,0,h,J. Johnson BLOCK (1 BLK),,,1,0
308,327,PT02M06.00S,3,1610612761,TOR,201949,Johnson,J. Johnson,0,0,0,,0,,,0,h,J. Johnson REBOUND (Off:0 Def:1),Rebound,Unknown,1,0
309,328,PT02M00.00S,3,1610612761,TOR,101150,Williams,L. Williams,-221,134,26,Missed,1,,,0,h,MISS Williams 26' 3PT Jump Shot,Missed Shot,Jump Shot,1,0
310,329,PT01M59.00S,3,1610612753,ORL,202699,Harris,T. Harris,0,0,0,,0,,,0,v,Harris REBOUND (Off:0 Def:4),Rebound,Unknown,1,0
311,330,PT01M41.00S,3,1610612753,ORL,203506,Oladipo,V. Oladipo,0,0,0,,0,,,0,v,Oladipo Offensive Charge Foul (P4),Foul,Offensive Charge,1,0
312,331,PT01M41.00S,3,1610612753,ORL,203506,Oladipo,V. Oladipo,0,0,0,,0,,,0,v,Oladipo Foul Turnover (P3.T12),Turnover,Foul,1,0
313,332,PT01M41.00S,3,1610612761,TOR,200768,Lowry,K. Lowry,0,0,0,,0,,,0,h,SUB: Vasquez FOR Lowry,Substitution,,0,0
314,333,PT01M41.00S,3,1610612753,ORL,203506,Oladipo,V. Oladipo,0,0,0,,0,,,0,v,SUB: Payton FOR Oladipo,Substitution,,0,0
315,334,PT01M41.00S,3,1610612753,ORL,202699,Harris,T. Harris,0,0,0,,0,,,0,v,SUB: Vucevic FOR Harris,Substitution,,0,0
316,335,PT01M18.00S,3,1610612761,TOR,202349,Vasquez,G. Vasquez,4,67,7,Made,1,68,63,131,h,Vasquez 7' Floating Jump Shot (2 PTS) (Patterson 5 AST),Made Shot,Floating Jump shot,1,0
317,336,PT01M06.00S,3,1610612761,TOR,201946,Hansbrough,T. Hansbrough,0,0,0,,0,,,0,h,Hansbrough P.FOUL (P1.T2),Foul,Personal,1,0
318,337,PT00M56.90S,3,1610612753,ORL,203095,Fournier,E. Fournier,26,20,3,Made,1,68,65,133,v,Fournier 3' Driving Bank Shot (6 PTS),Made Shot,Driving Bank shot,1,0
319,338,PT00M38.90S,3,1610612761,TOR,202335,Patterson,P. Patterson,-174,190,26,Made,1,71,65,136,h,Patterson 26' 3PT Jump Shot (3 PTS) (Williams 1 AST),Made Shot,Jump Shot,1,0
320,339,PT00M26.90S,3,1610612753,ORL,202696,Vucevic,N. Vucevic,9,69,7,Missed,1,,,0,v,MISS Vucevic 7' Turnaround Fadeaway Shot,Missed Shot,Turnaround Fadeaway shot,1,0
321,340,PT00M26.30S,3,1610612761,TOR,202349,Vasquez,G. Vasquez,0,0,0,,0,,,0,h,Vasquez REBOUND (Off:0 Def:1),Rebound,Unknown,1,0
322,341,PT00M03.90S,3,1610612761,TOR,101150,Williams,L. Williams,-18,249,25,Missed,1,,,0,h,MISS Williams 25' 3PT Jump Shot,Missed Shot,Jump Shot,1,0
323,342,PT00M02.80S,3,1610612753,ORL,203124,O'Quinn,K. O'Quinn,0,0,0,,0,,,0,v,O'Quinn REBOUND (Off:0 Def:6),Rebound,Unknown,1,0
324,343,PT00M00.00S,3,0,,0,,,0,0,0,,0,71,65,136,,End of 3rd Period (9:15 PM EST),period,end,0,0
325,345,PT12M00.00S,4,0,,0,,,0,0,0,,0,71,65,136,,Start of 4th Period (9:17 PM EST),period,start,0,0
326,346,PT11M47.00S,4,1610612761,TOR,202349,Vasquez,G. Vasquez,0,0,0,,0,,,0,h,Vasquez Bad Pass Turnover (P2.T10),Turnover,Bad Pass,1,0
327,347,PT11M36.00S,4,1610612761,TOR,201946,Hansbrough,T. Hansbrough,0,0,0,,0,,,0,h,Hansbrough P.FOUL (P2.T1),Foul,Personal,1,0
328,348,PT11M28.00S,4,1610612753,ORL,203095,Fournier,E. Fournier,36,-5,4,Missed,1,,,0,v,MISS Fournier 4' Reverse Layup,Missed Shot,Reverse Layup Shot,1,0
329,348,PT11M28.00S,4,1610612761,TOR,201949,Johnson,J. Johnson,0,0,0,,0,,,0,h,J. Johnson BLOCK (2 BLK),,,1,0
330,349,PT11M26.00S,4,1610612761,TOR,101150,Williams,L. Williams,0,0,0,,0,,,0,h,Williams REBOUND (Off:1 Def:1),Rebound,Unknown,1,0
331,350,PT11M09.00S,4,1610612761,TOR,202349,Vasquez,G. Vasquez,-19,255,26,Missed,1,,,0,h,MISS Vasquez 26' 3PT Jump Shot,Missed Shot,Jump Shot,1,0
332,351,PT11M08.00S,4,1610612761,TOR,202335,Patterson,P. Patterson,0,0,0,,0,,,0,h,Patterson REBOUND (Off:1 Def:0),Rebound,Unknown,1,0
333,352,PT11M08.00S,4,1610612753,ORL,202696,Vucevic,N. Vucevic,0,0,0,,0,,,0,v,Vucevic P.FOUL (P1.T1),Foul,Personal,1,0
334,353,PT10M59.00S,4,1610612761,TOR,201949,Johnson,J. Johnson,-218,134,26,Missed,1,,,0,h,MISS J. Johnson 26' 3PT Jump Shot,Missed Shot,Jump Shot,1,0
335,354,PT10M58.00S,4,1610612753,ORL,203901,Payton,E. Payton,0,0,0,,0,,,0,v,Payton REBOUND (Off:0 Def:2),Rebound,Unknown,1,0
336,355,PT10M45.00S,4,1610612753,ORL,203095,Fournier,E. Fournier,-30,61,7,Missed,1,,,0,v,MISS Fournier 7' Floating Jump Shot,Missed Shot,Floating Jump shot,1,0
337,356,PT10M44.00S,4,1610612761,TOR,202335,Patterson,P. Patterson,0,0,0,,0,,,0,h,Patterson REBOUND (Off:1 Def:1),Rebound,Unknown,1,0
338,357,PT10M23.00S,4,1610612761,TOR,202335,Patterson,P. Patterson,231,0,0,Made,1,74,65,139,h,Patterson 3PT Jump Shot (6 PTS) (Vasquez 4 AST),Made Shot,Jump Shot,1,0
339,358,PT10M09.00S,4,1610612753,ORL,203090,Harkless,M. Harkless,0,1,0,Missed,1,,,0,v,MISS Harkless Alley Oop Dunk,Missed Shot,Alley Oop Dunk Shot,1,0
340,359,PT10M07.00S,4,1610612753,ORL,202696,Vucevic,N. Vucevic,0,0,0,,0,,,0,v,Vucevic REBOUND (Off:2 Def:6),Rebound,Unknown,1,0
341,360,PT10M02.00S,4,1610612753,ORL,203095,Fournier,E. Fournier,-221,123,25,Made,1,74,68,142,v,Fournier 25' 3PT Jump Shot (9 PTS) (Vucevic 2 AST),Made Shot,Jump Shot,1,0
342,361,PT10M02.00S,4,1610612761,TOR,201946,Hansbrough,T. Hansbrough,0,0,0,,0,,,0,h,Hansbrough AWAY.FROM.PLAY.FOUL (P3.T2),Foul,Away From Play,1,0
343,363,PT10M02.00S,4,1610612753,ORL,202696,Vucevic,N. Vucevic,0,0,0,,0,74,69,143,v,Vucevic Free Throw 1 of 1 (11 PTS),Free Throw,Free Throw 1 of 1,0,0
344,368,PT09M43.00S,4,1610612761,TOR,202349,Vasquez,G. Vasquez,139,223,26,Missed,1,,,0,h,MISS Vasquez 26' 3PT Jump Shot,Missed Shot,Jump Shot,1,0
345,366,PT09M39.00S,4,1610612753,ORL,101112,Frye,C. Frye,0,0,0,,0,,,0,v,Frye REBOUND (Off:0 Def:4),Rebound,Unknown,1,0
346,367,PT09M28.00S,4,1610612753,ORL,101112,Frye,C. Frye,-210,151,26,Made,1,74,72,146,v,Frye 26' 3PT Jump Shot (3 PTS) (Payton 2 AST),Made Shot,Jump Shot,1,0
347,369,PT09M13.00S,4,1610612753,ORL,202696,Vucevic,N. Vucevic,0,0,0,,0,,,0,v,Vucevic S.FOUL (P2.T2),Foul,Shooting,1,0
348,370,PT09M13.00S,4,1610612761,TOR,101150,Williams,L. Williams,0,0,0,,0,,,0,h,MISS Williams Free Throw 1 of 3,Free Throw,Free Throw 1 of 3,0,0
349,371,PT09M13.00S,4,0,,1610612761,,,0,0,0,,0,,,0,h,RAPTORS Rebound,Rebound,Normal Rebound,0,0
350,372,PT09M13.00S,4,1610612761,TOR,101150,Williams,L. Williams,0,0,0,,0,75,72,147,h,Williams Free Throw 2 of 3 (11 PTS),Free Throw,Free Throw 2 of 3,0,0
351,374,PT09M13.00S,4,1610612761,TOR,101150,Williams,L. Williams,0,0,0,,0,76,72,148,h,Williams Free Throw 3 of 3 (12 PTS),Free Throw,Free Throw 3 of 3,0,0
352,377,PT09M03.00S,4,1610612753,ORL,202696,Vucevic,N. Vucevic,0,0,0,,0,,,0,v,Vucevic Traveling Turnover (P2.T13),Turnover,Traveling,1,0
353,378,PT08M43.00S,4,1610612761,TOR,201949,Johnson,J. Johnson,72,23,8,Made,1,78,72,150,h,J. Johnson 8' Driving Jump Shot (6 PTS),Made Shot,Driving Jump shot,1,0
354,379,PT08M23.00S,4,1610612753,ORL,203901,Payton,E. Payton,0,0,0,,0,,,0,v,Payton Bad Pass Turnover (P2.T14),Turnover,Bad Pass,1,0
355,380,PT08M23.00S,4,0,,0,,,0,0,0,,0,,,0,,Timeout: Official,Timeout,Official,0,0
356,382,PT08M23.00S,4,1610612753,ORL,202696,Vucevic,N. Vucevic,0,0,0,,0,,,0,v,SUB: Harris FOR Vucevic,Substitution,,0,0
357,383,PT08M23.00S,4,1610612753,ORL,203090,Harkless,M. Harkless,0,0,0,,0,,,0,v,SUB: Oladipo FOR Harkless,Substitution,,0,0
358,385,PT08M13.00S,4,1610612761,TOR,101150,Williams,L. Williams,-138,231,27,Missed,1,,,0,h,MISS Williams 27' 3PT Jump Shot,Missed Shot,Jump Shot,1,0
359,386,PT08M12.00S,4,1610612761,TOR,202349,Vasquez,G. Vasquez,0,0,0,,0,,,0,h,Vasquez REBOUND (Off:1 Def:1),Rebound,Unknown,1,0
360,387,PT08M00.00S,4,1610612761,TOR,201946,Hansbrough,T. Hansbrough,28,0,3,Missed,1,,,0,h,MISS Hansbrough 3' Layup,Missed Shot,Layup Shot,1,0
361,387,PT08M00.00S,4,1610612753,ORL,203901,Payton,E. Payton,0,0,0,,0,,,0,v,Payton BLOCK (1 BLK),,,1,0
362,388,PT08M00.00S,4,0,,1610612761,,,0,0,0,,0,,,0,h,RAPTORS Rebound,Rebound,Unknown,0,0
363,389,PT07M53.00S,4,1610612761,TOR,101150,Williams,L. Williams,-160,9,16,Missed,1,,,0,h,MISS Williams 16' Turnaround Fadeaway Shot,Missed Shot,Turnaround Fadeaway shot,1,0
364,390,PT07M52.00S,4,1610612753,ORL,202699,Harris,T. Harris,0,0,0,,0,,,0,v,Harris REBOUND (Off:0 Def:5),Rebound,Unknown,1,0
365,392,PT07M37.00S,4,1610612753,ORL,203095,Fournier,E. Fournier,-5,257,26,Missed,1,,,0,v,MISS Fournier 26' 3PT Jump Shot,Missed Shot,Jump Shot,1,0
366,393,PT07M37.00S,4,0,,1610612761,,,0,0,0,,0,,,0,h,RAPTORS Rebound,Rebound,Unknown,0,0
367,394,PT07M18.00S,4,1610612761,TOR,202335,Patterson,P. Patterson,113,58,13,Made,1,80,72,152,h,Patterson 13' Fadeaway Jumper (8 PTS) (J. Johnson 1 AST),Made Shot,Fadeaway Jump Shot,1,0
368,395,PT07M03.00S,4,1610612753,ORL,101112,Frye,C. Frye,0,0,0,,0,,,0,v,Frye Bad Pass Turnover (P1.T15),Turnover,Bad Pass,1,0
369,395,PT07M03.00S,4,1610612761,TOR,202335,Patterson,P. Patterson,0,0,0,,0,,,0,h,Patterson STEAL (2 STL),,,1,0
370,396,PT06M58.00S,4,1610612761,TOR,202349,Vasquez,G. Vasquez,73,247,26,Missed,1,,,0,h,MISS Vasquez 26' 3PT Pullup Jump Shot,Missed Shot,Pullup Jump shot,1,0
371,397,PT06M57.00S,4,1610612761,TOR,201949,Johnson,J. Johnson,0,0,0,,0,,,0,h,J. Johnson REBOUND (Off:1 Def:1),Rebound,Unknown,1,0
372,398,PT06M56.00S,4,1610612761,TOR,201949,Johnson,J. Johnson,12,-11,2,Made,1,82,72,154,h,J. Johnson 2' Tip Shot (8 PTS),Made Shot,Tip Shot,1,0
373,399,PT06M56.00S,4,0,,1610612753,,,0,0,0,,0,,,0,v,Magic Timeout: Regular (Reg.5 Short 0),Timeout,Regular,0,0
374,402,PT06M56.00S,4,1610612753,ORL,203901,Payton,E. Payton,0,0,0,,0,,,0,v,SUB: Vucevic FOR Payton,Substitution,,0,0
375,403,PT06M40.00S,4,1610612753,ORL,203506,Oladipo,V. Oladipo,0,0,0,,0,,,0,v,Oladipo Out of Bounds Lost Ball Turnover (P4.T16),Turnover,Out of Bounds Lost Ball Turnover,1,0
376,404,PT06M23.00S,4,1610612761,TOR,202335,Patterson,P. Patterson,34,37,5,Made,1,84,72,156,h,Patterson 5' Jump Hook Shot (10 PTS) (Williams 2 AST),Made Shot,Jump Hook Shot,1,0
377,405,PT06M08.00S,4,1610612753,ORL,203506,Oladipo,V. Oladipo,-27,6,3,Missed,1,,,0,v,MISS Oladipo 3' Driving Reverse Layup,Missed Shot,Driving Reverse Layup Shot,1,0
378,406,PT06M06.00S,4,1610612761,TOR,201946,Hansbrough,T. Hansbrough,0,0,0,,0,,,0,h,Hansbrough REBOUND (Off:1 Def:1),Rebound,Unknown,1,0
379,407,PT06M00.00S,4,1610612761,TOR,202349,Vasquez,G. Vasquez,1,53,5,Made,1,86,72,158,h,Vasquez 5' Floating Jump Shot (4 PTS) (Hansbrough 1 AST),Made Shot,Floating Jump shot,1,0
380,408,PT05M35.00S,4,1610612753,ORL,203506,Oladipo,V. Oladipo,0,1,0,Made,1,86,74,160,v,Oladipo Driving Slam Dunk (10 PTS),Made Shot,Driving Slam Dunk Shot,1,0
381,409,PT05M15.00S,4,1610612761,TOR,202349,Vasquez,G. Vasquez,0,0,0,,0,,,0,h,Vasquez Bad Pass Turnover (P3.T11),Turnover,Bad Pass,1,0
382,409,PT05M15.00S,4,1610612753,ORL,101112,Frye,C. Frye,0,0,0,,0,,,0,v,Frye STEAL (1 STL),,,1,0
383,410,PT05M15.00S,4,1610612761,TOR,202349,Vasquez,G. Vasquez,0,0,0,,0,,,0,h,SUB: Lowry FOR Vasquez,Substitution,,0,0
384,411,PT05M15.00S,4,1610612761,TOR,201946,Hansbrough,T. Hansbrough,0,0,0,,0,,,0,h,,Jump Ball,,1,0
385,412,PT05M15.00S,4,1610612761,TOR,201949,Johnson,J. Johnson,0,0,0,,0,,,0,h,J. Johnson Violation:Jump Ball,Violation,Jump Ball,1,0
386,413,PT05M05.00S,4,1610612753,ORL,202696,Vucevic,N. Vucevic,0,0,0,,0,,,0,v,Vucevic OFF.Foul (P3),Foul,Offensive,1,0
387,414,PT05M05.00S,4,1610612753,ORL,202696,Vucevic,N. Vucevic,0,0,0,,0,,,0,v,Vucevic Foul Turnover (P3.T17),Turnover,Foul,1,0
388,416,PT04M44.00S,4,1610612761,TOR,201946,Hansbrough,T. Hansbrough,170,0,17,Missed,1,,,0,h,MISS Hansbrough 17' Jump Shot,Missed Shot,Jump Shot,1,0
389,417,PT04M43.00S,4,1610612753,ORL,203095,Fournier,E. Fournier,0,0,0,,0,,,0,v,Fournier REBOUND (Off:1 Def:1),Rebound,Unknown,1,0
390,418,PT04M31.00S,4,1610612753,ORL,202699,Harris,T. Harris,0,0,0,,0,,,0,v,Harris Bad Pass Turnover (P3.T18),Turnover,Bad Pass,1,0
391,419,PT04M26.00S,4,1610612753,ORL,203095,Fournier,E. Fournier,0,0,0,,0,,,0,v,Fournier S.FOUL (P3.T3),Foul,Shooting,1,0
392,420,PT04M26.00S,4,1610612761,TOR,101150,Williams,L. Williams,0,0,0,,0,87,74,161,h,Williams Free Throw 1 of 2 (13 PTS),Free Throw,Free Throw 1 of 2,0,0
393,422,PT04M26.00S,4,1610612761,TOR,101150,Williams,L. Williams,0,0,0,,0,88,74,162,h,Williams Free Throw 2 of 2 (14 PTS),Free Throw,Free Throw 2 of 2,0,0
394,424,PT04M12.00S,4,1610612753,ORL,101112,Frye,C. Frye,-5,247,25,Missed,1,,,0,v,MISS Frye 25' 3PT Jump Shot,Missed Shot,Jump Shot,1,0
395,425,PT04M11.00S,4,1610612761,TOR,202335,Patterson,P. Patterson,0,0,0,,0,,,0,h,Patterson REBOUND (Off:1 Def:2),Rebound,Unknown,1,0
396,426,PT03M54.00S,4,1610612761,TOR,101150,Williams,L. Williams,-27,7,3,Made,1,90,74,164,h,Williams 3' Driving Layup (16 PTS),Made Shot,Driving Layup Shot,1,0
397,427,PT03M37.00S,4,1610612753,ORL,202696,Vucevic,N. Vucevic,0,0,0,,0,,,0,v,Vucevic OFF.Foul (P4),Foul,Offensive,1,0
398,428,PT03M37.00S,4,1610612753,ORL,202696,Vucevic,N. Vucevic,0,0,0,,0,,,0,v,Vucevic Foul Turnover (P4.T19),Turnover,Foul,1,0
399,429,PT03M32.00S,4,1610612761,TOR,200768,Lowry,K. Lowry,0,0,0,,0,,,0,h,Lowry Bad Pass Turnover (P3.T12),Turnover,Bad Pass,1,0
400,429,PT03M32.00S,4,1610612753,ORL,202696,Vucevic,N. Vucevic,0,0,0,,0,,,0,v,Vucevic STEAL (2 STL),,,1,0
401,430,PT03M27.00S,4,1610612753,ORL,203095,Fournier,E. Fournier,4,4,1,Made,1,90,76,166,v,Fournier 1' Driving Layup (11 PTS) (Oladipo 4 AST),Made Shot,Driving Layup Shot,1,0
402,431,PT03M21.00S,4,1610612761,TOR,200768,Lowry,K. Lowry,0,0,0,,0,,,0,h,Lowry Bad Pass Turnover (P4.T13),Turnover,Bad Pass,1,0
403,433,PT02M59.00S,4,1610612753,ORL,203506,Oladipo,V. Oladipo,-82,186,20,Made,1,90,78,168,v,Oladipo 20' Pullup Jump Shot (12 PTS),Made Shot,Pullup Jump shot,1,0
404,434,PT02M48.00S,4,1610612753,ORL,203506,Oladipo,V. Oladipo,0,0,0,,0,,,0,v,Oladipo P.FOUL (P5.T4),Foul,Personal,1,0
405,435,PT02M48.00S,4,0,,1610612761,,,0,0,0,,0,,,0,h,RAPTORS Timeout: Regular (Full 4 Short 1),Timeout,Regular,0,0
406,439,PT02M33.00S,4,1610612761,TOR,200768,Lowry,K. Lowry,-21,159,16,Missed,1,,,0,h,MISS Lowry 16' Step Back Jump Shot,Missed Shot,Step Back Jump shot,1,0
407,440,PT02M32.00S,4,1610612753,ORL,203095,Fournier,E. Fournier,0,0,0,,0,,,0,v,Fournier REBOUND (Off:1 Def:2),Rebound,Unknown,1,0
408,441,PT02M13.00S,4,1610612753,ORL,202699,Harris,T. Harris,-21,37,4,Made,1,90,80,170,v,Harris 4' Driving Jump Shot (18 PTS),Made Shot,Driving Jump shot,1,0
409,443,PT01M52.00S,4,0,,442,Ellison,P. Ellison,0,0,0,,0,,,0,,Overturn Ruling,Instant Replay,Overturn Ruling,0,0
410,444,PT01M47.00S,4,1610612761,TOR,200768,Lowry,K. Lowry,48,265,27,Made,1,93,80,173,h,Lowry 27' 3PT Jump Bank Shot (17 PTS) (Patterson 6 AST),Made Shot,Jump Bank Shot,1,0
411,445,PT01M33.00S,4,1610612753,ORL,202699,Harris,T. Harris,-217,-3,22,Missed,1,,,0,v,MISS Harris 22' Jump Shot,Missed Shot,Jump Shot,1,0
412,446,PT01M32.00S,4,1610612761,TOR,101150,Williams,L. Williams,0,0,0,,0,,,0,h,Williams REBOUND (Off:1 Def:2),Rebound,Unknown,1,0
413,447,PT01M07.00S,4,1610612761,TOR,101150,Williams,L. Williams,-108,146,18,Made,1,95,80,175,h,Williams 18' Floating Jump Shot (18 PTS),Made Shot,Floating Jump shot,1,0
414,448,PT01M02.00S,4,1610612753,ORL,203095,Fournier,E. Fournier,23,9,2,Missed,1,,,0,v,MISS Fournier 2' Driving Layup,Missed Shot,Driving Layup Shot,1,0
415,449,PT01M01.00S,4,1610612753,ORL,202696,Vucevic,N. Vucevic,0,0,0,,0,,,0,v,Vucevic REBOUND (Off:3 Def:6),Rebound,Unknown,1,0
416,450,PT01M00.00S,4,1610612753,ORL,202696,Vucevic,N. Vucevic,0,9,1,Made,1,95,82,177,v,Vucevic 1' Tip Shot (13 PTS),Made Shot,Tip Shot,1,0
417,451,PT00M39.90S,4,1610612761,TOR,200768,Lowry,K. Lowry,-152,222,27,Missed,1,,,0,h,MISS Lowry 27' 3PT Jump Shot,Missed Shot,Jump Shot,1,0
418,452,PT00M39.40S,4,1610612761,TOR,201949,Johnson,J. Johnson,0,0,0,,0,,,0,h,J. Johnson REBOUND (Off:2 Def:1),Rebound,Unknown,1,0
419,454,PT00M20.90S,4,1610612761,TOR,201946,Hansbrough,T. Hansbrough,225,-6,0,Missed,1,,,0,h,MISS Hansbrough 3PT Jump Shot,Missed Shot,Jump Shot,1,0
420,455,PT00M20.40S,4,1610612753,ORL,202699,Harris,T. Harris,0,0,0,,0,,,0,v,Harris REBOUND (Off:0 Def:6),Rebound,Unknown,1,0
421,456,PT00M03.90S,4,1610612753,ORL,203095,Fournier,E. Fournier,-234,86,25,Missed,1,,,0,v,MISS Fournier 25' 3PT Step Back Jump Shot,Missed Shot,Step Back Jump shot,1,0
422,457,PT00M03.30S,4,0,,1610612753,,,0,0,0,,0,,,0,v,Magic Rebound,Rebound,Unknown,0,0
423,458,PT00M00.00S,4,1610612753,ORL,202699,Harris,T. Harris,13,222,22,Missed,1,,,0,v,MISS Harris 22' Jump Shot,Missed Shot,Jump Shot,1,0
424,459,PT00M00.00S,4,0,,1610612753,,,0,0,0,,0,,,0,v,Magic Rebound,Rebound,Unknown,0,0
425,460,PT00M00.00S,4,0,,0,,,0,0,0,,0,95,82,177,,End of 4th Period (9:46 PM EST),period,end,0,0
