actionId,actionNumber,clock,period,teamId,teamTricode,personId,playerName,playerNameI,xLegacy,yLegacy,shotDistance,shotResult,isFieldGoal,scoreHome,scoreAway,pointsTotal,location,description,actionType,subType,videoAvailable,shotValue
1,0,PT12M00.00S,1,0,,0,,,0,0,0,,0,0,0,0,,Start of 1st Period (7:08 PM EST),period,start,0,0
2,1,PT12M00.00S,1,1610612753,ORL,202696,Vucevic,N. Vucevic,0,0,0,,0,,,0,h,Jump Ball Vucevic vs. Valanciunas: Tip to Frye,Jump Ball,,1,0
3,2,PT11M35.00S,1,1610612761,TOR,203082,Ross,T. Ross,0,0,0,,0,,,0,v,Ross S.FOUL (P1.T1),Foul,Shooting,1,0
4,3,PT11M35.00S,1,1610612753,ORL,203901,Payton,E. Payton,0,0,0,,0,1,0,1,h,Payton Free Throw 1 of 2 (1 PTS),Free Throw,Free Throw 1 of 2,0,0
5,5,PT11M35.00S,1,1610612753,ORL,203901,Payton,E. Payton,0,0,0,,0,2,0,2,h,Payton Free Throw 2 of 2 (2 PTS),Free Throw,Free Throw 2 of 2,0,0
6,7,PT11M22.00S,1,1610612761,TOR,200768,Lowry,K. Lowry,-13,-2,1,Made,1,2,2,4,v,Lowry 1' Driving Layup (2 PTS),Made Shot,Driving Layup Shot,1,0
7,8,PT10M58.00S,1,1610612753,ORL,202696,Vucevic,N. Vucevic,-119,86,15,Made,1,4,2,6,h,Vucevic 15' Jump Shot (2 PTS) (Harris 1 AST),Made Shot,Jump Shot,1,0
8,9,PT10M40.00S,1,1610612761,TOR,201942,DeRozan,D. DeRozan,-62,127,14,Made,1,4,4,8,v,DeRozan 14' Pullup Jump Shot (2 PTS),Made Shot,Pullup Jump shot,1,0
9,10,PT10M30.00S,1,1610612753,ORL,101112,Frye,C. Frye,125,214,25,Made,1,7,4,11,h,Frye 25' 3PT Jump Shot (3 PTS) (Vucevic 1 AST),Made Shot,Jump Shot,1,0
10,11,PT10M10.00S,1,1610612761,TOR,202685,Valanciunas,J. Valanciunas,0,25,3,Made,1,7,6,13,v,Valanciunas 3' Hook Shot (2 PTS),Made Shot,Hook Shot,1,0
11,12,PT09M56.00S,1,1610612753,ORL,101112,Frye,C. Frye,-232,28,0,Missed,1,,,0,h,MISS Frye 3PT Jump Shot,Missed Shot,Jump Shot,1,0
12,13,PT09M54.00S,1,1610612761,TOR,201942,DeRozan,D. DeRozan,0,0,0,,0,,,0,v,DeRozan REBOUND (Off:0 Def:1),Rebound,Unknown,1,0
13,14,PT09M40.00S,1,1610612761,TOR,101161,Johnson,A. Johnson,135,246,28,Missed,1,,,0,v,MISS A. Johnson 28' 3PT Jump Shot,Missed Shot,Jump Shot,1,0
14,15,PT09M39.00S,1,1610612753,ORL,203901,Payton,E. Payton,0,0,0,,0,,,0,h,Payton REBOUND (Off:0 Def:1),Rebound,Unknown,1,0
15,16,PT09M33.00S,1,1610612753,ORL,202699,Harris,T. Harris,-21,4,2,Missed,1,,,0,h,MISS Harris 2' Driving Layup,Missed Shot,Driving Layup Shot,1,0
16,17,PT09M31.00S,1,1610612761,TOR,200768,Lowry,K. Lowry,0,0,0,,0,,,0,v,Lowry REBOUND (Off:0 Def:1),Rebound,Unknown,1,0
17,18,PT09M17.00S,1,1610612761,TOR,201942,DeRozan,D. DeRozan,2,15,2,Made,1,7,8,15,v,DeRozan 2' Layup (4 PTS),Made Shot,Layup Shot,1,0
18,19,PT09M05.00S,1,1610612761,TOR,101161,Johnson,A. Johnson,0,0,0,,0,,,0,v,A. Johnson P.FOUL (P1.T2),Foul,Personal,1,0
19,20,PT08M57.00S,1,1610612753,ORL,203901,Payton,E. Payton,37,44,6,Missed,1,,,0,h,MISS Payton 6' Jump Shot,Missed Shot,Jump Shot,1,0
20,22,PT08M55.00S,1,1610612753,ORL,202696,Vucevic,N. Vucevic,0,0,0,,0,,,0,h,Vucevic REBOUND (Off:1 Def:0),Rebound,Unknown,1,0
21,21,PT08M55.00S,1,1610612753,ORL,202696,Vucevic,N. Vucevic,-5,14,1,Made,1,9,8,17,h,Vucevic 1' Putback Layup (4 PTS),Made Shot,Putback Layup Shot,1,0
22,23,PT08M43.00S,1,1610612761,TOR,203082,Ross,T. Ross,28,116,12,Missed,1,,,0,v,MISS Ross 12' Jump Shot,Missed Shot,Jump Shot,1,0
23,23,PT08M43.00S,1,1610612753,ORL,202699,Harris,T. Harris,0,0,0,,0,,,0,h,Harris BLOCK (1 BLK),,,1,0
24,24,PT08M41.00S,1,1610612761,TOR,101161,Johnson,A. Johnson,0,0,0,,0,,,0,v,A. Johnson REBOUND (Off:1 Def:0),Rebound,Unknown,1,0
25,25,PT08M40.00S,1,1610612761,TOR,101161,Johnson,A. Johnson,-14,14,2,Made,1,9,10,19,v,A. Johnson 2' Layup (2 PTS),Made Shot,Layup Shot,1,0
26,26,PT08M32.00S,1,1610612753,ORL,202696,Vucevic,N. Vucevic,0,1,0,Made,1,11,10,21,h,Vucevic Driving Dunk (6 PTS) (Payton 1 AST),Made Shot,Driving Dunk Shot,1,0
27,27,PT08M13.00S,1,1610612761,TOR,201942,DeRozan,D. DeRozan,-150,1,15,Missed,1,,,0,v,MISS DeRozan 15' Jump Shot,Missed Shot,Jump Shot,1,0
28,28,PT08M12.00S,1,1610612753,ORL,202696,Vucevic,N. Vucevic,0,0,0,,0,,,0,h,Vucevic REBOUND (Off:1 Def:1),Rebound,Unknown,1,0
29,29,PT07M59.00S,1,1610612753,ORL,202699,Harris,T. Harris,0,0,0,,0,,,0,h,Harris Bad Pass Turnover (P1.T1),Turnover,Bad Pass,1,0
30,30,PT07M38.00S,1,1610612761,TOR,202685,Valanciunas,J. Valanciunas,-30,52,6,Missed,1,,,0,v,MISS Valanciunas 6' Hook Shot,Missed Shot,Hook Shot,1,0
31,31,PT07M35.00S,1,1610612753,ORL,202696,Vucevic,N. Vucevic,0,0,0,,0,,,0,h,Vucevic REBOUND (Off:1 Def:2),Rebound,Unknown,1,0
32,32,PT07M30.00S,1,1610612753,ORL,203901,Payton,E. Payton,0,1,0,Made,1,13,10,23,h,Payton Driving Dunk (4 PTS),Made Shot,Driving Dunk Shot,1,0
33,33,PT07M14.00S,1,1610612753,ORL,203095,Fournier,E. Fournier,0,0,0,,0,,,0,h,Fournier P.FOUL (P1.T1),Foul,Personal,1,0
34,34,PT06M59.00S,1,1610612761,TOR,203082,Ross,T. Ross,-226,20,0,Missed,1,,,0,v,MISS Ross 3PT Jump Shot,Missed Shot,Jump Shot,1,0
35,36,PT06M57.00S,1,1610612761,TOR,202685,Valanciunas,J. Valanciunas,0,0,0,,0,,,0,v,Valanciunas REBOUND (Off:1 Def:0),Rebound,Unknown,1,0
36,35,PT06M57.00S,1,1610612761,TOR,202685,Valanciunas,J. Valanciunas,-2,11,1,Made,1,13,12,25,v,Valanciunas 1' Putback Layup (4 PTS),Made Shot,Putback Layup Shot,1,0
37,37,PT06M45.00S,1,1610612753,ORL,203901,Payton,E. Payton,0,0,0,,0,,,0,h,Payton Bad Pass Turnover (P1.T2),Turnover,Bad Pass,1,0
38,38,PT06M34.00S,1,1610612753,ORL,203901,Payton,E. Payton,0,0,0,,0,,,0,h,Payton S.FOUL (P1.T2),Foul,Shooting,1,0
39,39,PT06M34.00S,1,1610612761,TOR,200768,Lowry,K. Lowry,0,0,0,,0,13,13,26,v,Lowry Free Throw 1 of 2 (3 PTS),Free Throw,Free Throw 1 of 2,0,0
40,41,PT06M34.00S,1,1610612761,TOR,200768,Lowry,K. Lowry,0,0,0,,0,13,14,27,v,Lowry Free Throw 2 of 2 (4 PTS),Free Throw,Free Throw 2 of 2,0,0
41,43,PT06M17.00S,1,1610612753,ORL,202699,Harris,T. Harris,-49,20,5,Missed,1,,,0,h,MISS Harris 5' Jump Shot,Missed Shot,Jump Shot,1,0
42,43,PT06M17.00S,1,1610612761,TOR,203082,Ross,T. Ross,0,0,0,,0,,,0,v,Ross BLOCK (1 BLK),,,1,0
43,44,PT06M17.00S,1,0,,1610612753,,,0,0,0,,0,,,0,h,MAGIC Rebound,Rebound,Unknown,0,0
44,45,PT06M14.00S,1,1610612753,ORL,202699,Harris,T. Harris,-131,156,20,Missed,1,,,0,h,MISS Harris 20' Jump Shot,Missed Shot,Jump Shot,1,0
45,46,PT06M13.00S,1,1610612761,TOR,201942,DeRozan,D. DeRozan,0,0,0,,0,,,0,v,DeRozan REBOUND (Off:0 Def:2),Rebound,Unknown,1,0
46,47,PT06M09.00S,1,1610612753,ORL,203901,Payton,E. Payton,0,0,0,,0,,,0,h,Payton P.FOUL (P2.T3),Foul,Personal,1,0
47,48,PT06M09.00S,1,1610612753,ORL,203901,Payton,E. Payton,0,0,0,,0,,,0,h,SUB: Ridnour FOR Payton,Substitution,,0,0
48,49,PT06M02.00S,1,1610612761,TOR,201942,DeRozan,D. DeRozan,-133,99,17,Missed,1,,,0,v,MISS DeRozan 17' Turnaround Jump Shot,Missed Shot,Turnaround Jump Shot,1,0
49,50,PT06M01.00S,1,0,,1610612761,,,0,0,0,,0,,,0,v,Raptors Rebound,Rebound,Unknown,0,0
50,51,PT05M54.00S,1,1610612761,TOR,202685,Valanciunas,J. Valanciunas,0,0,0,,0,,,0,v,Valanciunas Traveling Turnover (P1.T1),Turnover,Traveling,1,0
51,52,PT05M54.00S,1,0,,1610612753,,,0,0,0,,0,,,0,h,MAGIC Timeout: Regular (Full 1 Short 0),Timeout,Regular,0,0
52,57,PT05M43.00S,1,1610612753,ORL,101112,Frye,C. Frye,140,236,27,Missed,1,,,0,h,MISS Frye 27' 3PT Jump Shot,Missed Shot,Jump Shot,1,0
53,58,PT05M41.00S,1,1610612761,TOR,202685,Valanciunas,J. Valanciunas,0,0,0,,0,,,0,v,Valanciunas REBOUND (Off:1 Def:1),Rebound,Unknown,1,0
54,59,PT05M33.00S,1,1610612753,ORL,202696,Vucevic,N. Vucevic,0,0,0,,0,,,0,h,MAGIC T.Foul (Def. 3 Sec Vucevic ),Foul,Defense 3 Second,1,0
55,60,PT05M33.00S,1,1610612761,TOR,201942,DeRozan,D. DeRozan,0,0,0,,0,13,15,28,v,DeRozan Free Throw Technical (5 PTS),Free Throw,Free Throw Technical,0,0
56,62,PT05M21.00S,1,1610612761,TOR,201942,DeRozan,D. DeRozan,-141,96,17,Missed,1,,,0,v,MISS DeRozan 17' Jump Shot,Missed Shot,Jump Shot,1,0
57,63,PT05M19.00S,1,1610612761,TOR,201942,DeRozan,D. DeRozan,0,0,0,,0,,,0,v,DeRozan REBOUND (Off:1 Def:2),Rebound,Unknown,1,0
58,64,PT05M15.00S,1,1610612761,TOR,201942,DeRozan,D. DeRozan,0,1,0,Made,1,13,17,30,v,DeRozan Driving Dunk (7 PTS),Made Shot,Driving Dunk Shot,1,0
59,65,PT05M02.00S,1,1610612753,ORL,203095,Fournier,E. Fournier,-4,7,1,Made,1,15,17,32,h,Fournier 1' Driving Layup (2 PTS),Made Shot,Driving Layup Shot,1,0
60,66,PT04M45.00S,1,1610612761,TOR,101161,Johnson,A. Johnson,-8,179,18,Made,1,15,19,34,v,A. Johnson 18' Jump Shot (4 PTS),Made Shot,Jump Shot,1,0
61,67,PT04M25.00S,1,1610612753,ORL,202699,Harris,T. Harris,1,137,14,Missed,1,,,0,h,MISS Harris 14' Jump Shot,Missed Shot,Jump Shot,1,0
62,68,PT04M23.00S,1,1610612761,TOR,101161,Johnson,A. Johnson,0,0,0,,0,,,0,v,A. Johnson REBOUND (Off:1 Def:1),Rebound,Unknown,1,0
63,69,PT04M16.00S,1,1610612761,TOR,200768,Lowry,K. Lowry,-133,249,28,Missed,1,,,0,v,MISS Lowry 28' 3PT Jump Shot,Missed Shot,Jump Shot,1,0
64,70,PT04M15.00S,1,1610612753,ORL,202699,Harris,T. Harris,0,0,0,,0,,,0,h,Harris REBOUND (Off:0 Def:1),Rebound,Unknown,1,0
65,71,PT04M08.00S,1,1610612753,ORL,202699,Harris,T. Harris,0,0,0,,0,,,0,h,Harris Bad Pass Turnover (P2.T3),Turnover,Bad Pass,1,0
66,71,PT04M08.00S,1,1610612761,TOR,203082,Ross,T. Ross,0,0,0,,0,,,0,v,Ross STEAL (1 STL),,,1,0
67,72,PT03M51.00S,1,1610612761,TOR,202685,Valanciunas,J. Valanciunas,0,0,0,,0,,,0,v,Valanciunas Lost Ball Turnover (P2.T2),Turnover,Lost Ball,1,0
68,72,PT03M51.00S,1,1610612753,ORL,202696,Vucevic,N. Vucevic,0,0,0,,0,,,0,h,Vucevic STEAL (1 STL),,,1,0
69,73,PT03M46.00S,1,1610612753,ORL,202699,Harris,T. Harris,9,19,2,Missed,1,,,0,h,MISS Harris 2' Layup,Missed Shot,Layup Shot,1,0
70,75,PT03M43.00S,1,1610612753,ORL,2557,Ridnour,L. Ridnour,0,0,0,,0,,,0,h,Ridnour REBOUND (Off:1 Def:0),Rebound,Unknown,1,0
71,74,PT03M43.00S,1,1610612753,ORL,2557,Ridnour,L. Ridnour,-7,-3,1,Made,1,17,19,36,h,Ridnour 1' Putback Layup (2 PTS),Made Shot,Putback Layup Shot,1,0
72,76,PT03M36.00S,1,0,,1610612761,,,0,0,0,,0,,,0,v,Raptors Timeout: Regular (Reg.1 Short 0),Timeout,Regular,0,0
73,79,PT03M36.00S,1,1610612761,TOR,101161,Johnson,A. Johnson,0,0,0,,0,,,0,v,SUB: Patterson FOR A. Johnson,Substitution,,0,0
74,80,PT03M36.00S,1,1610612761,TOR,202685,Valanciunas,J. Valanciunas,0,0,0,,0,,,0,v,SUB: Hansbrough FOR Valanciunas,Substitution,,0,0
75,81,PT03M36.00S,1,1610612753,ORL,101112,Frye,C. Frye,0,0,0,,0,,,0,h,SUB: A. Gordon FOR Frye,Substitution,,0,0
76,82,PT03M28.00S,1,1610612753,ORL,203932,Gordon,A. Gordon,0,0,0,,0,,,0,h,A. Gordon S.FOUL (P1.T4),Foul,Shooting,1,0
77,83,PT03M28.00S,1,1610612761,TOR,201942,DeRozan,D. DeRozan,0,0,0,,0,17,20,37,v,DeRozan Free Throw 1 of 2 (8 PTS),Free Throw,Free Throw 1 of 2,0,0
78,85,PT03M28.00S,1,1610612761,TOR,203082,Ross,T. Ross,0,0,0,,0,,,0,v,SUB: Williams FOR Ross,Substitution,,0,0
79,86,PT03M28.00S,1,1610612761,TOR,201942,DeRozan,D. DeRozan,0,0,0,,0,17,21,38,v,DeRozan Free Throw 2 of 2 (9 PTS),Free Throw,Free Throw 2 of 2,0,0
80,88,PT03M17.00S,1,1610612753,ORL,202696,Vucevic,N. Vucevic,6,12,1,Made,1,19,21,40,h,Vucevic 1' Hook Shot (8 PTS) (Ridnour 1 AST),Made Shot,Hook Shot,1,0
81,89,PT02M55.00S,1,1610612761,TOR,200768,Lowry,K. Lowry,-78,170,19,Missed,1,,,0,v,MISS Lowry 19' Jump Shot,Missed Shot,Jump Shot,1,0
82,90,PT02M53.00S,1,1610612761,TOR,201946,Hansbrough,T. Hansbrough,0,0,0,,0,,,0,v,Hansbrough REBOUND (Off:1 Def:0),Rebound,Unknown,1,0
83,91,PT02M51.00S,1,1610612753,ORL,203932,Gordon,A. Gordon,0,0,0,,0,,,0,h,A. Gordon S.FOUL (P2.PN),Foul,Shooting,1,0
84,92,PT02M51.00S,1,1610612761,TOR,101150,Williams,L. Williams,0,0,0,,0,19,22,41,v,Williams Free Throw 1 of 3 (1 PTS),Free Throw,Free Throw 1 of 3,0,0
85,94,PT02M51.00S,1,1610612761,TOR,101150,Williams,L. Williams,0,0,0,,0,19,23,42,v,Williams Free Throw 2 of 3 (2 PTS),Free Throw,Free Throw 2 of 3,0,0
86,96,PT02M51.00S,1,1610612761,TOR,201942,DeRozan,D. DeRozan,0,0,0,,0,,,0,v,SUB: J. Johnson FOR DeRozan,Substitution,,0,0
87,97,PT02M51.00S,1,1610612753,ORL,203095,Fournier,E. Fournier,0,0,0,,0,,,0,h,SUB: B. Gordon FOR Fournier,Substitution,,0,0
88,98,PT02M51.00S,1,1610612761,TOR,101150,Williams,L. Williams,0,0,0,,0,19,24,43,v,Williams Free Throw 3 of 3 (3 PTS),Free Throw,Free Throw 3 of 3,0,0
89,100,PT02M41.00S,1,1610612753,ORL,2557,Ridnour,L. Ridnour,0,0,0,,0,,,0,h,Ridnour Bad Pass Turnover (P1.T4),Turnover,Bad Pass,1,0
90,100,PT02M41.00S,1,1610612761,TOR,200768,Lowry,K. Lowry,0,0,0,,0,,,0,v,Lowry STEAL (1 STL),,,1,0
91,101,PT02M39.00S,1,1610612753,ORL,2557,Ridnour,L. Ridnour,0,0,0,,0,,,0,h,Ridnour P.FOUL (P1.PN),Foul,Personal,1,0
92,102,PT02M39.00S,1,1610612761,TOR,200768,Lowry,K. Lowry,0,0,0,,0,,,0,v,MISS Lowry Free Throw 1 of 2,Free Throw,Free Throw 1 of 2,0,0
93,103,PT02M39.00S,1,0,,1610612761,,,0,0,0,,0,,,0,v,Raptors Rebound,Rebound,Normal Rebound,0,0
94,104,PT02M39.00S,1,1610612761,TOR,200768,Lowry,K. Lowry,0,0,0,,0,19,25,44,v,Lowry Free Throw 2 of 2 (5 PTS),Free Throw,Free Throw 2 of 2,0,0
95,106,PT02M28.00S,1,1610612753,ORL,202699,Harris,T. Harris,0,7,1,Made,1,21,25,46,h,Harris 1' Driving Layup (2 PTS) (A. Gordon 1 AST),Made Shot,Driving Layup Shot,1,0
96,107,PT02M12.00S,1,1610612753,ORL,203932,Gordon,A. Gordon,0,0,0,,0,,,0,h,A. Gordon S.FOUL (P3.PN),Foul,Shooting,0,0
97,108,PT02M12.00S,1,1610612761,TOR,201949,Johnson,J. Johnson,0,0,0,,0,21,26,47,v,J. Johnson Free Throw 1 of 2 (1 PTS),Free Throw,Free Throw 1 of 2,0,0
98,110,PT02M12.00S,1,1610612753,ORL,202696,Vucevic,N. Vucevic,0,0,0,,0,,,0,h,SUB: Dedmon FOR Vucevic,Substitution,,0,0
99,111,PT02M12.00S,1,1610612761,TOR,200768,Lowry,K. Lowry,0,0,0,,0,,,0,v,SUB: Vasquez FOR Lowry,Substitution,,0,0
100,112,PT02M12.00S,1,1610612753,ORL,203932,Gordon,A. Gordon,0,0,0,,0,,,0,h,SUB: Harkless FOR A. Gordon,Substitution,,0,0
101,113,PT02M12.00S,1,1610612761,TOR,201949,Johnson,J. Johnson,0,0,0,,0,21,27,48,v,J. Johnson Free Throw 2 of 2 (2 PTS),Free Throw,Free Throw 2 of 2,0,0
102,115,PT01M57.00S,1,1610612761,TOR,201949,Johnson,J. Johnson,0,0,0,,0,,,0,v,J. Johnson S.FOUL (P1.T3),Foul,Shooting,1,0
103,116,PT01M57.00S,1,1610612753,ORL,202699,Harris,T. Harris,0,0,0,,0,22,27,49,h,Harris Free Throw 1 of 2 (3 PTS),Free Throw,Free Throw 1 of 2,0,0
104,118,PT01M57.00S,1,1610612753,ORL,202699,Harris,T. Harris,0,0,0,,0,,,0,h,MISS Harris Free Throw 2 of 2,Free Throw,Free Throw 2 of 2,0,0
105,120,PT01M57.00S,1,1610612761,TOR,202335,Patterson,P. Patterson,0,0,0,,0,,,0,v,Patterson REBOUND (Off:0 Def:1),Rebound,Unknown,1,0
106,121,PT01M39.00S,1,1610612761,TOR,201946,Hansbrough,T. Hansbrough,0,26,3,Missed,1,,,0,v,MISS Hansbrough 3' Layup,Missed Shot,Layup Shot,1,0
107,122,PT01M38.00S,1,1610612753,ORL,202699,Harris,T. Harris,0,0,0,,0,,,0,h,Harris REBOUND (Off:0 Def:2),Rebound,Unknown,1,0
108,123,PT01M28.00S,1,1610612753,ORL,2557,Ridnour,L. Ridnour,2,39,4,Made,1,24,27,51,h,Ridnour 4' Running Jump Shot (4 PTS),Made Shot,Running Jump Shot,1,0
109,124,PT01M18.00S,1,1610612761,TOR,202349,Vasquez,G. Vasquez,32,41,5,Made,1,24,29,53,v,Vasquez 5' Floating Jump Shot (2 PTS) (Williams 1 AST),Made Shot,Floating Jump shot,1,0
110,125,PT01M09.00S,1,1610612753,ORL,202699,Harris,T. Harris,0,0,0,,0,,,0,h,Harris OFF.Foul (P1),Foul,Offensive,1,0
111,126,PT01M09.00S,1,1610612753,ORL,202699,Harris,T. Harris,0,0,0,,0,,,0,h,Harris Foul Turnover (P3.T5),Turnover,Foul,1,0
112,127,PT00M56.90S,1,1610612761,TOR,101150,Williams,L. Williams,-155,61,17,Missed,1,,,0,v,MISS Williams 17' Jump Shot,Missed Shot,Jump Shot,1,0
113,128,PT00M55.90S,1,1610612753,ORL,203473,Dedmon,D. Dedmon,0,0,0,,0,,,0,h,Dedmon REBOUND (Off:0 Def:1),Rebound,Unknown,1,0
114,129,PT00M44.90S,1,1610612753,ORL,2557,Ridnour,L. Ridnour,144,132,20,Missed,1,,,0,h,MISS Ridnour 20' Jump Shot,Missed Shot,Jump Shot,1,0
115,130,PT00M43.80S,1,1610612761,TOR,202349,Vasquez,G. Vasquez,0,0,0,,0,,,0,v,Vasquez REBOUND (Off:0 Def:1),Rebound,Unknown,1,0
116,131,PT00M36.80S,1,1610612761,TOR,202349,Vasquez,G. Vasquez,155,217,27,Missed,1,,,0,v,MISS Vasquez 27' 3PT Jump Shot,Missed Shot,Jump Shot,1,0
117,132,PT00M34.90S,1,1610612753,ORL,202699,Harris,T. Harris,0,0,0,,0,,,0,h,Harris REBOUND (Off:0 Def:3),Rebound,Unknown,1,0
118,133,PT00M17.90S,1,1610612753,ORL,2732,Gordon,B. Gordon,141,153,21,Made,1,26,29,55,h,B. Gordon 21' Jump Shot (2 PTS) (Ridnour 2 AST),Made Shot,Jump Shot,1,0
119,134,PT00M00.70S,1,1610612761,TOR,101150,Williams,L. Williams,34,105,11,Missed,1,,,0,v,MISS Williams 11' Jump Shot,Missed Shot,Jump Shot,1,0
120,134,PT00M00.70S,1,1610612753,ORL,203473,Dedmon,D. Dedmon,0,0,0,,0,,,0,h,Dedmon BLOCK (1 BLK),,,1,0
121,135,PT00M00.20S,1,0,,1610612761,,,0,0,0,,0,,,0,v,Raptors Rebound,Rebound,Unknown,0,0
122,136,PT00M00.00S,1,0,,0,,,0,0,0,,0,26,29,55,,End of 1st Period (7:35 PM EST),period,end,0,0
123,138,PT12M00.00S,2,0,,0,,,0,0,0,,0,26,29,55,,Start of 2nd Period (7:37 PM EST),period,start,0,0
124,139,PT11M50.00S,2,1610612753,ORL,101112,Frye,C. Frye,0,0,0,,0,,,0,h,Frye P.FOUL (P1.T1),Foul,Personal,1,0
125,140,PT11M37.00S,2,1610612761,TOR,202335,Patterson,P. Patterson,-111,246,27,Missed,1,,,0,v,MISS Patterson 27' 3PT Jump Shot,Missed Shot,Jump Shot,1,0
126,141,PT11M36.00S,2,1610612761,TOR,201946,Hansbrough,T. Hansbrough,0,0,0,,0,,,0,v,Hansbrough REBOUND (Off:2 Def:0),Rebound,Unknown,1,0
127,142,PT11M34.00S,2,1610612761,TOR,201949,Johnson,J. Johnson,0,0,0,,0,,,0,v,J. Johnson Bad Pass Turnover (P1.T3),Turnover,Bad Pass,1,0
128,143,PT11M15.00S,2,1610612753,ORL,101112,Frye,C. Frye,121,183,22,Missed,1,,,0,h,MISS Frye 22' Jump Shot,Missed Shot,Jump Shot,1,0
129,144,PT11M14.00S,2,1610612761,TOR,202335,Patterson,P. Patterson,0,0,0,,0,,,0,v,Patterson REBOUND (Off:0 Def:2),Rebound,Unknown,1,0
130,145,PT11M09.00S,2,1610612753,ORL,203090,Harkless,M. Harkless,0,0,0,,0,,,0,h,Harkless P.FOUL (P1.T2),Foul,Personal,1,0
131,146,PT11M01.00S,2,1610612753,ORL,203473,Dedmon,D. Dedmon,0,0,0,,0,,,0,h,Dedmon S.FOUL (P1.T3),Foul,Shooting,1,0
132,147,PT11M01.00S,2,1610612761,TOR,201949,Johnson,J. Johnson,0,0,0,,0,,,0,v,MISS J. Johnson Free Throw 1 of 2,Free Throw,Free Throw 1 of 2,0,0
133,148,PT11M01.00S,2,0,,1610612761,,,0,0,0,,0,,,0,v,Raptors Rebound,Rebound,Normal Rebound,0,0
134,149,PT11M01.00S,2,1610612761,TOR,201949,Johnson,J. Johnson,0,0,0,,0,26,30,56,v,J. Johnson Free Throw 2 of 2 (3 PTS),Free Throw,Free Throw 2 of 2,0,0
135,151,PT10M45.00S,2,1610612753,ORL,2732,Gordon,B. Gordon,122,26,12,Missed,1,,,0,h,MISS B. Gordon 12' Jump Shot,Missed Shot,Jump Shot,1,0
136,152,PT10M44.00S,2,1610612761,TOR,202335,Patterson,P. Patterson,0,0,0,,0,,,0,v,Patterson REBOUND (Off:0 Def:3),Rebound,Unknown,1,0
137,153,PT10M26.00S,2,1610612761,TOR,201949,Johnson,J. Johnson,0,20,2,Made,1,26,32,58,v,J. Johnson 2' Driving Layup (5 PTS) (Patterson 1 AST),Made Shot,Driving Layup Shot,1,0
138,154,PT10M11.00S,2,1610612761,TOR,201946,Hansbrough,T. Hansbrough,0,0,0,,0,,,0,v,Hansbrough P.FOUL (P1.T1),Foul,Personal,1,0
139,155,PT10M09.00S,2,1610612761,TOR,101150,Williams,L. Williams,0,0,0,,0,,,0,v,Williams S.FOUL (P1.T2),Foul,Shooting,1,0
140,156,PT10M09.00S,2,1610612753,ORL,203901,Payton,E. Payton,0,0,0,,0,,,0,h,MISS Payton Free Throw 1 of 2,Free Throw,Free Throw 1 of 2,0,0
141,157,PT10M09.00S,2,0,,1610612753,,,0,0,0,,0,,,0,h,MAGIC Rebound,Rebound,Normal Rebound,0,0
142,158,PT10M09.00S,2,1610612753,ORL,203901,Payton,E. Payton,0,0,0,,0,,,0,h,MISS Payton Free Throw 2 of 2,Free Throw,Free Throw 2 of 2,0,0
143,160,PT10M08.00S,2,1610612761,TOR,201949,Johnson,J. Johnson,0,0,0,,0,,,0,v,J. Johnson REBOUND (Off:0 Def:1),Rebound,Unknown,1,0
144,161,PT09M49.00S,2,1610612761,TOR,101150,Williams,L. Williams,0,0,0,,0,,,0,v,Williams Bad Pass Turnover (P1.T4),Turnover,Bad Pass,1,0
145,161,PT09M49.00S,2,1610612753,ORL,203090,Harkless,M. Harkless,0,0,0,,0,,,0,h,Harkless STEAL (1 STL),,,1,0
146,162,PT09M45.00S,2,1610612753,ORL,203901,Payton,E. Payton,10,1,1,Made,1,28,32,60,h,Payton 1' Layup (6 PTS) (Harkless 1 AST),Made Shot,Layup Shot,1,0
147,163,PT09M27.00S,2,1610612761,TOR,201946,Hansbrough,T. Hansbrough,0,0,0,,0,,,0,v,Hansbrough OFF.Foul (P2),Foul,Offensive,1,0
148,164,PT09M27.00S,2,1610612761,TOR,201946,Hansbrough,T. Hansbrough,0,0,0,,0,,,0,v,Hansbrough Foul Turnover (P1.T5),Turnover,Foul,1,0
149,165,PT09M12.00S,2,1610612753,ORL,203901,Payton,E. Payton,0,1,0,Missed,1,,,0,h,MISS Payton Driving Layup,Missed Shot,Driving Layup Shot,1,0
150,167,PT09M10.00S,2,1610612753,ORL,203901,Payton,E. Payton,0,0,0,,0,,,0,h,Payton REBOUND (Off:1 Def:1),Rebound,Unknown,1,0
151,166,PT09M10.00S,2,1610612753,ORL,203090,Harkless,M. Harkless,18,-2,2,Missed,1,,,0,h,MISS Harkless 2' Tip Shot,Missed Shot,Tip Shot,1,0
152,169,PT09M07.00S,2,1610612753,ORL,203473,Dedmon,D. Dedmon,0,0,0,,0,,,0,h,Dedmon REBOUND (Off:1 Def:1),Rebound,Unknown,1,0
153,168,PT09M07.00S,2,1610612753,ORL,203473,Dedmon,D. Dedmon,4,55,6,Made,1,30,32,62,h,Dedmon 6' Hook Shot (2 PTS),Made Shot,Hook Shot,1,0
154,170,PT09M01.00S,2,0,,1610612761,,,0,0,0,,0,,,0,v,Raptors Timeout: Regular (Reg.2 Short 0),Timeout,Regular,0,0
155,173,PT08M47.00S,2,1610612761,TOR,202349,Vasquez,G. Vasquez,50,63,8,Missed,1,,,0,v,MISS Vasquez 8' Floating Jump Shot,Missed Shot,Floating Jump shot,1,0
156,174,PT08M45.00S,2,1610612753,ORL,203090,Harkless,M. Harkless,0,0,0,,0,,,0,h,Harkless REBOUND (Off:0 Def:1),Rebound,Unknown,1,0
157,175,PT08M25.00S,2,1610612753,ORL,203473,Dedmon,D. Dedmon,12,14,2,Made,1,32,32,64,h,Dedmon 2' Layup (4 PTS) (Payton 2 AST),Made Shot,Layup Shot,1,0
158,176,PT07M58.00S,2,1610612761,TOR,202335,Patterson,P. Patterson,-5,124,12,Made,1,32,34,66,v,Patterson 12' Jump Shot (2 PTS) (Williams 2 AST),Made Shot,Jump Shot,1,0
159,177,PT07M58.00S,2,1610612753,ORL,101112,Frye,C. Frye,0,0,0,,0,,,0,h,Frye AWAY.FROM.PLAY.FOUL (P2.T4),Foul,Away From Play,1,0
160,178,PT07M58.00S,2,1610612761,TOR,201946,Hansbrough,T. Hansbrough,0,0,0,,0,,,0,v,MISS Hansbrough Free Throw 1 of 1,Free Throw,Free Throw 1 of 1,0,0
161,180,PT07M55.00S,2,1610612753,ORL,2732,Gordon,B. Gordon,0,0,0,,0,,,0,h,B. Gordon REBOUND (Off:0 Def:1),Rebound,Unknown,0,0
162,182,PT07M48.00S,2,1610612753,ORL,203901,Payton,E. Payton,-5,11,1,Made,1,34,34,68,h,Payton 1' Driving Reverse Layup (8 PTS),Made Shot,Driving Reverse Layup Shot,1,0
163,184,PT07M24.00S,2,1610612761,TOR,202335,Patterson,P. Patterson,62,123,14,Missed,1,,,0,v,MISS Patterson 14' Jump Shot,Missed Shot,Jump Shot,1,0
164,185,PT07M23.00S,2,1610612753,ORL,2732,Gordon,B. Gordon,0,0,0,,0,,,0,h,B. Gordon REBOUND (Off:0 Def:2),Rebound,Unknown,1,0
165,186,PT07M13.00S,2,1610612753,ORL,203090,Harkless,M. Harkless,0,0,0,,0,,,0,h,Harkless Bad Pass Turnover (P1.T6),Turnover,Bad Pass,1,0
166,186,PT07M13.00S,2,1610612761,TOR,202349,Vasquez,G. Vasquez,0,0,0,,0,,,0,v,Vasquez STEAL (1 STL),,,1,0
167,187,PT07M06.00S,2,1610612761,TOR,201949,Johnson,J. Johnson,1,6,1,Made,1,34,36,70,v,J. Johnson 1' Layup (7 PTS) (Vasquez 1 AST),Made Shot,Layup Shot,1,0
168,188,PT06M48.00S,2,1610612753,ORL,2732,Gordon,B. Gordon,233,47,24,Made,1,37,36,73,h,B. Gordon 24' 3PT Jump Shot (5 PTS) (Payton 3 AST),Made Shot,Jump Shot,1,0
169,189,PT06M27.00S,2,1610612761,TOR,201946,Hansbrough,T. Hansbrough,-131,6,13,Missed,1,,,0,v,MISS Hansbrough 13' Jump Shot,Missed Shot,Jump Shot,1,0
170,190,PT06M26.00S,2,1610612753,ORL,203090,Harkless,M. Harkless,0,0,0,,0,,,0,h,Harkless REBOUND (Off:0 Def:2),Rebound,Unknown,1,0
171,191,PT06M21.00S,2,1610612753,ORL,203473,Dedmon,D. Dedmon,0,1,0,Made,1,39,36,75,h,Dedmon Alley Oop Dunk (6 PTS) (Payton 4 AST),Made Shot,Alley Oop Dunk Shot,1,0
172,192,PT06M12.00S,2,0,,1610612761,,,0,0,0,,0,,,0,v,Raptors Timeout: Short (Reg.2 Short 1),Timeout,Short,0,0
173,193,PT06M12.00S,2,1610612761,TOR,201946,Hansbrough,T. Hansbrough,0,0,0,,0,,,0,v,SUB: DeRozan FOR Hansbrough,Substitution,,0,0
174,194,PT06M12.00S,2,1610612761,TOR,101150,Williams,L. Williams,0,0,0,,0,,,0,v,SUB: Lowry FOR Williams,Substitution,,0,0
175,195,PT06M12.00S,2,1610612761,TOR,201949,Johnson,J. Johnson,0,0,0,,0,,,0,v,SUB: Ross FOR J. Johnson,Substitution,,0,0
176,196,PT06M12.00S,2,1610612761,TOR,202349,Vasquez,G. Vasquez,0,0,0,,0,,,0,v,SUB: A. Johnson FOR Vasquez,Substitution,,0,0
177,197,PT06M12.00S,2,1610612753,ORL,203473,Dedmon,D. Dedmon,0,0,0,,0,,,0,h,SUB: Vucevic FOR Dedmon,Substitution,,0,0
178,198,PT06M04.00S,2,1610612761,TOR,200768,Lowry,K. Lowry,29,37,5,Missed,1,,,0,v,MISS Lowry 5' Running Jump Shot,Missed Shot,Running Jump Shot,1,0
179,199,PT06M01.00S,2,1610612753,ORL,202696,Vucevic,N. Vucevic,0,0,0,,0,,,0,h,Vucevic REBOUND (Off:1 Def:3),Rebound,Unknown,1,0
180,200,PT05M56.00S,2,1610612753,ORL,101112,Frye,C. Frye,163,156,23,Made,1,41,36,77,h,Frye 23' Jump Shot (5 PTS) (Payton 5 AST),Made Shot,Jump Shot,1,0
181,201,PT05M37.00S,2,1610612761,TOR,201942,DeRozan,D. DeRozan,-180,-8,18,Missed,1,,,0,v,MISS DeRozan 18' Jump Shot,Missed Shot,Jump Shot,1,0
182,202,PT05M34.00S,2,1610612753,ORL,202696,Vucevic,N. Vucevic,0,0,0,,0,,,0,h,Vucevic REBOUND (Off:1 Def:4),Rebound,Unknown,1,0
183,203,PT05M19.00S,2,1610612753,ORL,203901,Payton,E. Payton,-75,170,19,Missed,1,,,0,h,MISS Payton 19' Jump Shot,Missed Shot,Jump Shot,1,0
184,204,PT05M18.00S,2,1610612761,TOR,201942,DeRozan,D. DeRozan,0,0,0,,0,,,0,v,DeRozan REBOUND (Off:1 Def:3),Rebound,Unknown,1,0
185,205,PT05M02.00S,2,1610612761,TOR,202335,Patterson,P. Patterson,-175,190,26,Missed,1,,,0,v,MISS Patterson 26' 3PT Jump Shot,Missed Shot,Jump Shot,1,0
186,206,PT05M00.00S,2,1610612753,ORL,202696,Vucevic,N. Vucevic,0,0,0,,0,,,0,h,Vucevic REBOUND (Off:1 Def:5),Rebound,Unknown,1,0
187,207,PT04M52.00S,2,1610612753,ORL,101112,Frye,C. Frye,159,208,26,Missed,1,,,0,h,MISS Frye 26' 3PT Jump Shot,Missed Shot,Jump Shot,1,0
188,208,PT04M51.00S,2,1610612761,TOR,201942,DeRozan,D. DeRozan,0,0,0,,0,,,0,v,DeRozan REBOUND (Off:1 Def:4),Rebound,Unknown,1,0
189,209,PT04M37.00S,2,1610612761,TOR,101161,Johnson,A. Johnson,0,1,0,Made,1,41,38,79,v,A. Johnson Dunk (6 PTS) (Lowry 1 AST),Made Shot,Dunk Shot,1,0
190,210,PT04M28.00S,2,0,,1610612753,,,0,0,0,,0,,,0,h,MAGIC Timeout: Regular (Full 2 Short 0),Timeout,Regular,0,0
191,212,PT04M25.00S,2,0,,200,,,0,0,0,,0,,,0,,Support Ruling,Instant Replay,Support Ruling,0,0
192,213,PT04M25.00S,2,1610612761,TOR,202335,Patterson,P. Patterson,0,0,0,,0,,,0,v,SUB: Valanciunas FOR Patterson,Substitution,,0,0
193,214,PT04M25.00S,2,1610612753,ORL,2732,Gordon,B. Gordon,0,0,0,,0,,,0,h,SUB: Harris FOR B. Gordon,Substitution,,0,0
194,215,PT04M25.00S,2,1610612753,ORL,203090,Harkless,M. Harkless,0,0,0,,0,,,0,h,SUB: Fournier FOR Harkless,Substitution,,0,0
195,217,PT04M08.00S,2,1610612753,ORL,203095,Fournier,E. Fournier,184,181,26,Missed,1,,,0,h,MISS Fournier 26' 3PT Jump Shot,Missed Shot,Jump Shot,1,0
196,218,PT04M07.00S,2,1610612761,TOR,202685,Valanciunas,J. Valanciunas,0,0,0,,0,,,0,v,Valanciunas REBOUND (Off:1 Def:2),Rebound,Unknown,1,0
197,220,PT03M47.00S,2,1610612761,TOR,203082,Ross,T. Ross,-73,127,15,Made,1,41,40,81,v,Ross 15' Jump Shot (2 PTS) (Valanciunas 1 AST),Made Shot,Jump Shot,1,0
198,221,PT03M39.00S,2,1610612761,TOR,101161,Johnson,A. Johnson,0,0,0,,0,,,0,v,A. Johnson S.FOUL (P2.T3),Foul,Shooting,1,0
199,222,PT03M39.00S,2,1610612753,ORL,203095,Fournier,E. Fournier,0,0,0,,0,42,40,82,h,Fournier Free Throw 1 of 2 (3 PTS),Free Throw,Free Throw 1 of 2,0,0
200,224,PT03M39.00S,2,1610612753,ORL,101112,Frye,C. Frye,0,0,0,,0,,,0,h,SUB: A. Gordon FOR Frye,Substitution,,0,0
201,225,PT03M39.00S,2,1610612753,ORL,203095,Fournier,E. Fournier,0,0,0,,0,43,40,83,h,Fournier Free Throw 2 of 2 (4 PTS),Free Throw,Free Throw 2 of 2,0,0
202,227,PT03M26.00S,2,1610612761,TOR,203082,Ross,T. Ross,-232,3,0,Missed,1,,,0,v,MISS Ross 3PT Jump Shot,Missed Shot,Jump Shot,1,0
203,229,PT03M25.00S,2,1610612761,TOR,202685,Valanciunas,J. Valanciunas,0,0,0,,0,,,0,v,Valanciunas REBOUND (Off:2 Def:2),Rebound,Unknown,1,0
204,228,PT03M25.00S,2,1610612761,TOR,202685,Valanciunas,J. Valanciunas,-2,20,2,Missed,1,,,0,v,MISS Valanciunas 2' Tip Shot,Missed Shot,Tip Shot,1,0
205,230,PT03M23.00S,2,1610612761,TOR,203082,Ross,T. Ross,0,0,0,,0,,,0,v,Ross REBOUND (Off:1 Def:0),Rebound,Unknown,1,0
206,231,PT03M17.00S,2,1610612753,ORL,202696,Vucevic,N. Vucevic,0,0,0,,0,,,0,h,Vucevic S.FOUL (P1.PN),Foul,Shooting,1,0
207,232,PT03M17.00S,2,1610612761,TOR,202685,Valanciunas,J. Valanciunas,0,0,0,,0,43,41,84,v,Valanciunas Free Throw 1 of 2 (5 PTS),Free Throw,Free Throw 1 of 2,0,0
208,234,PT03M17.00S,2,1610612761,TOR,202685,Valanciunas,J. Valanciunas,0,0,0,,0,43,42,85,v,Valanciunas Free Throw 2 of 2 (6 PTS),Free Throw,Free Throw 2 of 2,0,0
209,236,PT03M05.00S,2,1610612761,TOR,201942,DeRozan,D. DeRozan,0,0,0,,0,,,0,v,DeRozan P.FOUL (P1.T4),Foul,Personal,1,0
210,237,PT03M00.00S,2,1610612753,ORL,203901,Payton,E. Payton,-4,17,2,Made,1,45,42,87,h,Payton 2' Driving Layup (10 PTS),Made Shot,Driving Layup Shot,1,0
211,238,PT02M50.00S,2,1610612761,TOR,200768,Lowry,K. Lowry,122,224,26,Made,1,45,45,90,v,Lowry 26' 3PT Pullup Jump Shot (8 PTS),Made Shot,Pullup Jump shot,1,0
212,239,PT02M36.00S,2,1610612753,ORL,203095,Fournier,E. Fournier,-11,11,2,Made,1,47,45,92,h,Fournier 2' Driving Layup (6 PTS),Made Shot,Driving Layup Shot,1,0
213,240,PT02M28.00S,2,1610612761,TOR,200768,Lowry,K. Lowry,2,11,1,Made,1,47,47,94,v,Lowry 1' Driving Reverse Layup (10 PTS),Made Shot,Driving Reverse Layup Shot,1,0
214,241,PT02M24.00S,2,0,,1610612753,,,0,0,0,,0,,,0,h,MAGIC Timeout: Short (Full 2 Short 1),Timeout,Short,0,0
215,242,PT02M24.00S,2,0,,0,,,0,0,0,,0,,,0,,Timeout: Official,Timeout,Official,0,0
216,244,PT02M24.00S,2,1610612753,ORL,203901,Payton,E. Payton,0,0,0,,0,,,0,h,SUB: Ridnour FOR Payton,Substitution,,0,0
217,245,PT02M15.00S,2,1610612753,ORL,202699,Harris,T. Harris,69,41,8,Missed,1,,,0,h,MISS Harris 8' Jump Shot,Missed Shot,Jump Shot,1,0
218,246,PT02M13.00S,2,1610612761,TOR,200768,Lowry,K. Lowry,0,0,0,,0,,,0,v,Lowry REBOUND (Off:0 Def:2),Rebound,Unknown,1,0
219,247,PT02M09.00S,2,1610612753,ORL,2557,Ridnour,L. Ridnour,0,0,0,,0,,,0,h,Ridnour S.FOUL (P2.PN),Foul,Shooting,1,0
220,248,PT02M09.00S,2,1610612761,TOR,200768,Lowry,K. Lowry,0,0,0,,0,47,48,95,v,Lowry Free Throw 1 of 2 (11 PTS),Free Throw,Free Throw 1 of 2,0,0
221,250,PT02M09.00S,2,1610612761,TOR,101161,Johnson,A. Johnson,0,0,0,,0,,,0,v,SUB: Patterson FOR A. Johnson,Substitution,,0,0
222,251,PT02M09.00S,2,1610612761,TOR,200768,Lowry,K. Lowry,0,0,0,,0,47,49,96,v,Lowry Free Throw 2 of 2 (12 PTS),Free Throw,Free Throw 2 of 2,0,0
223,253,PT01M51.00S,2,1610612753,ORL,203095,Fournier,E. Fournier,1,55,6,Missed,1,,,0,h,MISS Fournier 6' Running Jump Shot,Missed Shot,Running Jump Shot,1,0
224,254,PT01M49.00S,2,1610612761,TOR,201942,DeRozan,D. DeRozan,0,0,0,,0,,,0,v,DeRozan REBOUND (Off:1 Def:5),Rebound,Unknown,1,0
225,255,PT01M31.00S,2,1610612761,TOR,202685,Valanciunas,J. Valanciunas,193,31,20,Missed,1,,,0,v,MISS Valanciunas 20' Jump Shot,Missed Shot,Jump Shot,1,0
226,256,PT01M30.00S,2,1610612753,ORL,202699,Harris,T. Harris,0,0,0,,0,,,0,h,Harris REBOUND (Off:0 Def:4),Rebound,Unknown,1,0
227,257,PT01M24.00S,2,1610612761,TOR,202685,Valanciunas,J. Valanciunas,0,0,0,,0,,,0,v,Valanciunas P.FOUL (P1.PN),Foul,Personal,1,0
228,258,PT01M24.00S,2,1610612753,ORL,202696,Vucevic,N. Vucevic,0,0,0,,0,,,0,h,MISS Vucevic Free Throw 1 of 2,Free Throw,Free Throw 1 of 2,0,0
229,259,PT01M24.00S,2,0,,1610612753,,,0,0,0,,0,,,0,h,MAGIC Rebound,Rebound,Normal Rebound,0,0
230,260,PT01M24.00S,2,1610612753,ORL,202696,Vucevic,N. Vucevic,0,0,0,,0,,,0,h,MISS Vucevic Free Throw 2 of 2,Free Throw,Free Throw 2 of 2,0,0
231,262,PT01M22.00S,2,1610612761,TOR,202685,Valanciunas,J. Valanciunas,0,0,0,,0,,,0,v,Valanciunas REBOUND (Off:2 Def:3),Rebound,Unknown,1,0
232,263,PT01M09.00S,2,1610612761,TOR,202335,Patterson,P. Patterson,0,0,0,,0,,,0,v,Patterson OFF.Foul (P1),Foul,Offensive,1,0
233,264,PT01M09.00S,2,1610612761,TOR,202335,Patterson,P. Patterson,0,0,0,,0,,,0,v,Patterson Foul Turnover (P1.T6),Turnover,Foul,1,0
234,265,PT01M01.00S,2,1610612753,ORL,2557,Ridnour,L. Ridnour,0,0,0,,0,,,0,h,Ridnour Bad Pass Turnover (P2.T7),Turnover,Bad Pass,1,0
235,266,PT00M52.90S,2,1610612761,TOR,202685,Valanciunas,J. Valanciunas,-49,28,6,Missed,1,,,0,v,MISS Valanciunas 6' Jump Shot,Missed Shot,Jump Shot,1,0
236,267,PT00M48.90S,2,1610612753,ORL,203932,Gordon,A. Gordon,0,0,0,,0,,,0,h,A. Gordon REBOUND (Off:0 Def:1),Rebound,Unknown,1,0
237,268,PT00M34.90S,2,1610612753,ORL,202696,Vucevic,N. Vucevic,174,-10,17,Missed,1,,,0,h,MISS Vucevic 17' Jump Shot,Missed Shot,Jump Shot,1,0
238,269,PT00M33.70S,2,1610612753,ORL,203932,Gordon,A. Gordon,0,0,0,,0,,,0,h,A. Gordon REBOUND (Off:1 Def:1),Rebound,Unknown,1,0
239,270,PT00M30.90S,2,1610612753,ORL,202699,Harris,T. Harris,-18,44,5,Missed,1,,,0,h,MISS Harris 5' Jump Shot,Missed Shot,Jump Shot,1,0
240,270,PT00M30.90S,2,1610612761,TOR,202335,Patterson,P. Patterson,0,0,0,,0,,,0,v,Patterson BLOCK (1 BLK),,,1,0
241,271,PT00M27.90S,2,1610612753,ORL,202696,Vucevic,N. Vucevic,0,0,0,,0,,,0,h,Vucevic REBOUND (Off:2 Def:5),Rebound,Unknown,1,0
242,272,PT00M27.50S,2,1610612753,ORL,203095,Fournier,E. Fournier,106,225,25,Made,1,50,49,99,h,Fournier 25' 3PT Jump Shot (9 PTS) (Vucevic 2 AST),Made Shot,Jump Shot,1,0
243,273,PT00M07.90S,2,1610612761,TOR,200768,Lowry,K. Lowry,-138,101,17,Missed,1,,,0,v,MISS Lowry 17' Jump Shot,Missed Shot,Jump Shot,1,0
244,274,PT00M06.90S,2,1610612753,ORL,202696,Vucevic,N. Vucevic,0,0,0,,0,,,0,h,Vucevic REBOUND (Off:2 Def:6),Rebound,Unknown,1,0
245,276,PT00M02.40S,2,1610612761,TOR,201942,DeRozan,D. DeRozan,0,0,0,,0,,,0,v,DeRozan Violation:Defensive Goaltending,Violation,Defensive Goaltending,0,0
246,275,PT00M02.40S,2,1610612753,ORL,203095,Fournier,E. Fournier,-5,23,2,Made,1,52,49,101,h,Fournier 2' Layup (11 PTS) (Vucevic 3 AST),Made Shot,Layup Shot,1,0
247,277,PT00M00.00S,2,1610612761,TOR,200768,Lowry,K. Lowry,23,530,53,Missed,1,,,0,v,MISS Lowry 53' 3PT Jump Shot,Missed Shot,Jump Shot,1,0
248,278,PT00M00.00S,2,0,,1610612761,,,0,0,0,,0,,,0,v,Raptors Rebound,Rebound,Unknown,0,0
249,279,PT00M00.00S,2,0,,0,,,0,0,0,,0,52,49,101,,End of 2nd Period (8:06 PM EST),period,end,0,0
250,281,PT12M00.00S,3,0,,0,,,0,0,0,,0,52,49,101,,Start of 3rd Period (8:21 PM EST),period,start,0,0
251,282,PT11M45.00S,3,1610612761,TOR,201942,DeRozan,D. DeRozan,-19,137,14,Missed,1,,,0,v,MISS DeRozan 14' Pullup Jump Shot,Missed Shot,Pullup Jump shot,1,0
252,283,PT11M44.00S,3,1610612753,ORL,202696,Vucevic,N. Vucevic,0,0,0,,0,,,0,h,Vucevic REBOUND (Off:2 Def:7),Rebound,Unknown,1,0
253,285,PT11M21.00S,3,1610612753,ORL,202696,Vucevic,N. Vucevic,130,227,26,Made,1,55,49,104,h,Vucevic 26' 3PT Jump Shot (11 PTS) (Frye 1 AST),Made Shot,Jump Shot,1,0
254,286,PT11M01.00S,3,1610612761,TOR,101161,Johnson,A. Johnson,1,14,1,Made,1,55,51,106,v,A. Johnson 1' Driving Layup (8 PTS) (DeRozan 1 AST),Made Shot,Driving Layup Shot,1,0
255,287,PT10M40.00S,3,1610612753,ORL,101112,Frye,C. Frye,141,222,26,Missed,1,,,0,h,MISS Frye 26' 3PT Jump Shot,Missed Shot,Jump Shot,1,0
256,288,PT10M39.00S,3,1610612761,TOR,202685,Valanciunas,J. Valanciunas,0,0,0,,0,,,0,v,Valanciunas REBOUND (Off:2 Def:4),Rebound,Unknown,1,0
257,289,PT10M26.00S,3,1610612753,ORL,101112,Frye,C. Frye,0,0,0,,0,,,0,h,Frye S.FOUL (P3.T1),Foul,Shooting,1,0
258,290,PT10M26.00S,3,1610612761,TOR,101161,Johnson,A. Johnson,0,0,0,,0,,,0,v,MISS A. Johnson Free Throw 1 of 2,Free Throw,Free Throw 1 of 2,0,0
259,291,PT10M26.00S,3,0,,1610612761,,,0,0,0,,0,,,0,v,Raptors Rebound,Rebound,Normal Rebound,0,0
260,292,PT10M26.00S,3,1610612761,TOR,101161,Johnson,A. Johnson,0,0,0,,0,,,0,v,MISS A. Johnson Free Throw 2 of 2,Free Throw,Free Throw 2 of 2,0,0
261,294,PT10M25.00S,3,1610612753,ORL,202696,Vucevic,N. Vucevic,0,0,0,,0,,,0,h,Vucevic REBOUND (Off:2 Def:8),Rebound,Unknown,1,0
262,296,PT10M05.00S,3,1610612753,ORL,202699,Harris,T. Harris,-5,11,1,Made,1,57,51,108,h,Harris 1' Layup (5 PTS) (Vucevic 4 AST),Made Shot,Layup Shot,1,0
263,297,PT09M57.00S,3,1610612753,ORL,203095,Fournier,E. Fournier,0,0,0,,0,,,0,h,Fournier S.FOUL (P2.T2),Foul,Shooting,1,0
264,298,PT09M57.00S,3,1610612761,TOR,200768,Lowry,K. Lowry,0,0,0,,0,,,0,v,MISS Lowry Free Throw 1 of 2,Free Throw,Free Throw 1 of 2,0,0
265,299,PT09M57.00S,3,0,,1610612761,,,0,0,0,,0,,,0,v,Raptors Rebound,Rebound,Normal Rebound,0,0
266,300,PT09M57.00S,3,1610612761,TOR,200768,Lowry,K. Lowry,0,0,0,,0,57,52,109,v,Lowry Free Throw 2 of 2 (13 PTS),Free Throw,Free Throw 2 of 2,0,0
267,302,PT09M39.00S,3,1610612753,ORL,203095,Fournier,E. Fournier,4,12,1,Made,1,59,52,111,h,Fournier 1' Layup (13 PTS) (Payton 6 AST),Made Shot,Layup Shot,1,0
268,303,PT09M39.00S,3,1610612761,TOR,203082,Ross,T. Ross,0,0,0,,0,,,0,v,Ross S.FOUL (P2.T1),Foul,Shooting,1,0
269,304,PT09M39.00S,3,1610612753,ORL,203095,Fournier,E. Fournier,0,0,0,,0,60,52,112,h,Fournier Free Throw 1 of 1 (14 PTS),Free Throw,Free Throw 1 of 1,0,0
270,307,PT09M31.00S,3,1610612753,ORL,203095,Fournier,E. Fournier,0,0,0,,0,,,0,h,Fournier P.FOUL (P3.T3),Foul,Personal,1,0
271,308,PT09M19.00S,3,1610612761,TOR,201942,DeRozan,D. DeRozan,152,61,16,Made,1,60,54,114,v,DeRozan 16' Jump Shot (11 PTS),Made Shot,Jump Shot,1,0
272,309,PT09M19.00S,3,1610612753,ORL,203095,Fournier,E. Fournier,0,0,0,,0,,,0,h,Fournier S.FOUL (P4.T4),Foul,Shooting,1,0
273,310,PT09M19.00S,3,1610612761,TOR,201942,DeRozan,D. DeRozan,0,0,0,,0,60,55,115,v,DeRozan Free Throw 1 of 1 (12 PTS),Free Throw,Free Throw 1 of 1,0,0
274,312,PT09M08.00S,3,1610612753,ORL,202696,Vucevic,N. Vucevic,36,189,19,Made,1,62,55,117,h,Vucevic 19' Jump Shot (13 PTS) (Payton 7 AST),Made Shot,Jump Shot,1,0
275,313,PT08M44.00S,3,1610612761,TOR,202685,Valanciunas,J. Valanciunas,-18,34,4,Missed,1,,,0,v,MISS Valanciunas 4' Hook Shot,Missed Shot,Hook Shot,1,0
276,315,PT08M42.00S,3,1610612761,TOR,101161,Johnson,A. Johnson,0,0,0,,0,,,0,v,A. Johnson REBOUND (Off:2 Def:1),Rebound,Unknown,1,0
277,314,PT08M42.00S,3,1610612761,TOR,101161,Johnson,A. Johnson,2,14,1,Made,1,62,57,119,v,A. Johnson 1' Putback Layup (10 PTS),Made Shot,Putback Layup Shot,1,0
278,316,PT08M22.00S,3,1610612753,ORL,101112,Frye,C. Frye,154,3,15,Made,1,64,57,121,h,Frye 15' Jump Shot (7 PTS) (Payton 8 AST),Made Shot,Jump Shot,1,0
279,317,PT08M07.00S,3,1610612761,TOR,200768,Lowry,K. Lowry,15,255,26,Made,1,64,60,124,v,Lowry 26' 3PT Jump Shot (16 PTS),Made Shot,Jump Shot,1,0
280,318,PT08M07.00S,3,1610612753,ORL,203901,Payton,E. Payton,0,0,0,,0,,,0,h,Payton S.FOUL (P3.PN),Foul,Shooting,1,0
281,319,PT08M07.00S,3,1610612753,ORL,203095,Fournier,E. Fournier,0,0,0,,0,,,0,h,SUB: B. Gordon FOR Fournier,Substitution,,0,0
282,320,PT08M07.00S,3,1610612761,TOR,200768,Lowry,K. Lowry,0,0,0,,0,64,61,125,v,Lowry Free Throw 1 of 1 (17 PTS),Free Throw,Free Throw 1 of 1,0,0
283,322,PT07M50.00S,3,1610612753,ORL,202699,Harris,T. Harris,-8,20,2,Missed,1,,,0,h,MISS Harris 2' Driving Layup,Missed Shot,Driving Layup Shot,1,0
284,323,PT07M50.00S,3,0,,1610612761,,,0,0,0,,0,,,0,v,Raptors Rebound,Rebound,Unknown,0,0
285,324,PT07M37.00S,3,1610612761,TOR,201942,DeRozan,D. DeRozan,-155,63,17,Made,1,64,63,127,v,DeRozan 17' Turnaround Jump Shot (14 PTS),Made Shot,Turnaround Jump Shot,1,0
286,325,PT07M35.00S,3,0,,1610612753,,,0,0,0,,0,,,0,h,MAGIC Timeout: Regular (Full 3 Short 1),Timeout,Regular,0,0
287,329,PT07M17.00S,3,1610612753,ORL,2732,Gordon,B. Gordon,0,0,0,,0,,,0,h,B. Gordon Bad Pass Turnover (P1.T8),Turnover,Bad Pass,1,0
288,329,PT07M17.00S,3,1610612761,TOR,201942,DeRozan,D. DeRozan,0,0,0,,0,,,0,v,DeRozan STEAL (1 STL),,,1,0
289,330,PT07M15.00S,3,1610612753,ORL,101112,Frye,C. Frye,0,0,0,,0,,,0,h,Frye P.FOUL (P4.PN),Foul,Personal,1,0
290,331,PT07M15.00S,3,1610612761,TOR,201942,DeRozan,D. DeRozan,0,0,0,,0,64,64,128,v,DeRozan Free Throw 1 of 2 (15 PTS),Free Throw,Free Throw 1 of 2,0,0
291,333,PT07M15.00S,3,1610612761,TOR,201942,DeRozan,D. DeRozan,0,0,0,,0,64,65,129,v,DeRozan Free Throw 2 of 2 (16 PTS),Free Throw,Free Throw 2 of 2,0,0
292,335,PT06M57.00S,3,1610612753,ORL,202696,Vucevic,N. Vucevic,0,28,3,Missed,1,,,0,h,MISS Vucevic 3' Layup,Missed Shot,Layup Shot,1,0
293,335,PT06M57.00S,3,1610612761,TOR,202685,Valanciunas,J. Valanciunas,0,0,0,,0,,,0,v,Valanciunas BLOCK (1 BLK),,,1,0
294,336,PT06M55.00S,3,1610612761,TOR,203082,Ross,T. Ross,0,0,0,,0,,,0,v,Ross REBOUND (Off:1 Def:1),Rebound,Unknown,1,0
295,337,PT06M42.00S,3,1610612761,TOR,101161,Johnson,A. Johnson,-235,53,24,Missed,1,,,0,v,MISS A. Johnson 24' 3PT Jump Shot,Missed Shot,Jump Shot,1,0
296,338,PT06M39.00S,3,1610612753,ORL,202699,Harris,T. Harris,0,0,0,,0,,,0,h,Harris REBOUND (Off:0 Def:5),Rebound,Unknown,1,0
297,339,PT06M31.00S,3,1610612753,ORL,202699,Harris,T. Harris,-13,9,2,Missed,1,,,0,h,MISS Harris 2' Layup,Missed Shot,Layup Shot,1,0
298,340,PT06M29.00S,3,1610612761,TOR,202685,Valanciunas,J. Valanciunas,0,0,0,,0,,,0,v,Valanciunas REBOUND (Off:2 Def:5),Rebound,Unknown,1,0
299,341,PT06M20.00S,3,1610612761,TOR,201942,DeRozan,D. DeRozan,-4,12,1,Made,1,64,67,131,v,DeRozan 1' Layup (18 PTS),Made Shot,Layup Shot,1,0
300,342,PT06M11.00S,3,1610612753,ORL,202696,Vucevic,N. Vucevic,-7,9,1,Made,1,66,67,133,h,Vucevic 1' Alley Oop Layup (15 PTS) (Payton 9 AST),Made Shot,Alley Oop Layup shot,1,0
301,343,PT05M56.00S,3,1610612761,TOR,201942,DeRozan,D. DeRozan,173,112,21,Made,1,66,69,135,v,DeRozan 21' Jump Shot (20 PTS),Made Shot,Jump Shot,1,0
302,344,PT05M46.00S,3,1610612753,ORL,203901,Payton,E. Payton,7,25,3,Missed,1,,,0,h,MISS Payton 3' Layup,Missed Shot,Layup Shot,1,0
303,344,PT05M46.00S,3,1610612761,TOR,202685,Valanciunas,J. Valanciunas,0,0,0,,0,,,0,v,Valanciunas BLOCK (2 BLK),,,1,0
304,345,PT05M45.00S,3,0,,1610612753,,,0,0,0,,0,,,0,h,MAGIC Rebound,Rebound,Unknown,0,0
305,346,PT05M45.00S,3,1610612761,TOR,101161,Johnson,A. Johnson,0,0,0,,0,,,0,v,SUB: Patterson FOR A. Johnson,Substitution,,0,0
306,347,PT05M35.00S,3,1610612753,ORL,101112,Frye,C. Frye,-136,239,27,Made,1,69,69,138,h,Frye 27' 3PT Jump Shot (10 PTS) (B. Gordon 1 AST),Made Shot,Jump Shot,1,0
307,348,PT05M28.00S,3,1610612761,TOR,203082,Ross,T. Ross,212,165,27,Made,1,69,72,141,v,Ross 27' 3PT Jump Shot (5 PTS) (Lowry 2 AST),Made Shot,Jump Shot,1,0
308,349,PT05M17.00S,3,1610612761,TOR,202685,Valanciunas,J. Valanciunas,0,0,0,,0,,,0,v,Valanciunas P.FOUL (P2.T2),Foul,Personal,1,0
309,350,PT05M17.00S,3,1610612753,ORL,202699,Harris,T. Harris,0,0,0,,0,,,0,h,MISS Harris Free Throw 1 of 2,Free Throw,Free Throw 1 of 2,0,0
310,351,PT05M17.00S,3,0,,1610612753,,,0,0,0,,0,,,0,h,MAGIC Rebound,Rebound,Normal Rebound,0,0
311,353,PT05M17.00S,3,1610612753,ORL,101112,Frye,C. Frye,0,0,0,,0,,,0,h,SUB: Harkless FOR Frye,Substitution,,0,0
312,354,PT05M17.00S,3,1610612753,ORL,202699,Harris,T. Harris,0,0,0,,0,70,72,142,h,Harris Free Throw 2 of 2 (6 PTS),Free Throw,Free Throw 2 of 2,0,0
313,356,PT05M13.00S,3,1610612753,ORL,203901,Payton,E. Payton,0,0,0,,0,,,0,h,Payton S.FOUL (P4.PN),Foul,Shooting,1,0
314,357,PT05M13.00S,3,1610612761,TOR,202685,Valanciunas,J. Valanciunas,0,0,0,,0,,,0,v,MISS Valanciunas Free Throw 1 of 2,Free Throw,Free Throw 1 of 2,0,0
315,358,PT05M13.00S,3,0,,1610612761,,,0,0,0,,0,,,0,v,Raptors Rebound,Rebound,Normal Rebound,0,0
316,359,PT05M13.00S,3,1610612753,ORL,203901,Payton,E. Payton,0,0,0,,0,,,0,h,SUB: Ridnour FOR Payton,Substitution,,0,0
317,360,PT05M13.00S,3,1610612761,TOR,202685,Valanciunas,J. Valanciunas,0,0,0,,0,70,73,143,v,Valanciunas Free Throw 2 of 2 (7 PTS),Free Throw,Free Throw 2 of 2,0,0
318,362,PT04M53.00S,3,1610612753,ORL,202699,Harris,T. Harris,-141,123,19,Missed,1,,,0,h,MISS Harris 19' Jump Shot,Missed Shot,Jump Shot,1,0
319,363,PT04M52.00S,3,1610612753,ORL,203090,Harkless,M. Harkless,0,0,0,,0,,,0,h,Harkless REBOUND (Off:1 Def:2),Rebound,Unknown,1,0
320,364,PT04M38.00S,3,1610612753,ORL,2732,Gordon,B. Gordon,-133,227,26,Missed,1,,,0,h,MISS B. Gordon 26' 3PT Jump Shot,Missed Shot,Jump Shot,1,0
321,365,PT04M36.00S,3,1610612761,TOR,202685,Valanciunas,J. Valanciunas,0,0,0,,0,,,0,v,Valanciunas REBOUND (Off:2 Def:6),Rebound,Unknown,1,0
322,366,PT04M16.00S,3,1610612761,TOR,201942,DeRozan,D. DeRozan,-119,175,21,Made,1,70,75,145,v,DeRozan 21' Jump Shot (22 PTS),Made Shot,Jump Shot,1,0
323,367,PT04M12.00S,3,1610612753,ORL,203090,Harkless,M. Harkless,0,0,0,,0,,,0,h,Harkless Offensive Charge Foul (P2),Foul,Offensive Charge,1,0
324,368,PT04M12.00S,3,1610612753,ORL,203090,Harkless,M. Harkless,0,0,0,,0,,,0,h,Harkless Foul Turnover (P2.T9),Turnover,Foul,1,0
325,369,PT04M12.00S,3,0,,1610612761,,,0,0,0,,0,,,0,v,Raptors Timeout: Regular (Reg.3 Short 1),Timeout,Regular,0,0
326,371,PT04M12.00S,3,1610612761,TOR,203082,Ross,T. Ross,0,0,0,,0,,,0,v,SUB: Vasquez FOR Ross,Substitution,,0,0
327,373,PT04M00.00S,3,1610612761,TOR,201942,DeRozan,D. DeRozan,-240,33,24,Missed,1,,,0,v,MISS DeRozan 24' 3PT Jump Shot,Missed Shot,Jump Shot,1,0
328,374,PT04M00.00S,3,0,,1610612761,,,0,0,0,,0,,,0,v,Raptors Rebound,Rebound,Unknown,0,0
329,375,PT04M00.00S,3,1610612753,ORL,202696,Vucevic,N. Vucevic,0,0,0,,0,,,0,h,Vucevic L.B.FOUL (P2.PN),Foul,Loose Ball,1,0
330,376,PT04M00.00S,3,1610612761,TOR,202685,Valanciunas,J. Valanciunas,0,0,0,,0,,,0,v,MISS Valanciunas Free Throw 1 of 2,Free Throw,Free Throw 1 of 2,0,0
331,377,PT04M00.00S,3,0,,1610612761,,,0,0,0,,0,,,0,v,Raptors Rebound,Rebound,Normal Rebound,0,0
332,378,PT04M00.00S,3,1610612761,TOR,202685,Valanciunas,J. Valanciunas,0,0,0,,0,70,76,146,v,Valanciunas Free Throw 2 of 2 (8 PTS),Free Throw,Free Throw 2 of 2,0,0
333,380,PT03M45.00S,3,1610612753,ORL,202696,Vucevic,N. Vucevic,69,20,7,Missed,1,,,0,h,MISS Vucevic 7' Hook Shot,Missed Shot,Hook Shot,1,0
334,381,PT03M44.00S,3,1610612753,ORL,202699,Harris,T. Harris,0,0,0,,0,,,0,h,Harris REBOUND (Off:1 Def:5),Rebound,Unknown,1,0
335,382,PT03M38.00S,3,1610612753,ORL,202696,Vucevic,N. Vucevic,0,0,0,,0,,,0,h,Vucevic OFF.Foul (P3),Foul,Offensive,1,0
336,383,PT03M38.00S,3,1610612753,ORL,202696,Vucevic,N. Vucevic,0,0,0,,0,,,0,h,Vucevic Foul Turnover (P1.T10),Turnover,Foul,1,0
337,384,PT03M38.00S,3,1610612761,TOR,202685,Valanciunas,J. Valanciunas,0,0,0,,0,,,0,v,SUB: Hansbrough FOR Valanciunas,Substitution,,0,0
338,385,PT03M38.00S,3,1610612761,TOR,201942,DeRozan,D. DeRozan,0,0,0,,0,,,0,v,SUB: Williams FOR DeRozan,Substitution,,0,0
339,386,PT03M30.00S,3,1610612761,TOR,200768,Lowry,K. Lowry,-60,247,25,Missed,1,,,0,v,MISS Lowry 25' 3PT Pullup Jump Shot,Missed Shot,Pullup Jump shot,1,0
340,387,PT03M29.00S,3,1610612753,ORL,203090,Harkless,M. Harkless,0,0,0,,0,,,0,h,Harkless REBOUND (Off:1 Def:3),Rebound,Unknown,1,0
341,388,PT03M21.00S,3,1610612761,TOR,201946,Hansbrough,T. Hansbrough,0,0,0,,0,,,0,v,Hansbrough P.FOUL (P3.T3),Foul,Personal,1,0
342,389,PT03M12.00S,3,1610612753,ORL,2732,Gordon,B. Gordon,231,33,0,Missed,1,,,0,h,MISS B. Gordon 3PT Jump Shot,Missed Shot,Jump Shot,1,0
343,390,PT03M09.00S,3,1610612761,TOR,202335,Patterson,P. Patterson,0,0,0,,0,,,0,v,Patterson REBOUND (Off:0 Def:4),Rebound,Unknown,1,0
344,391,PT02M59.00S,3,1610612761,TOR,200768,Lowry,K. Lowry,-172,99,20,Made,1,70,78,148,v,Lowry 20' Step Back Jump Shot (19 PTS) (Vasquez 2 AST),Made Shot,Step Back Jump shot,1,0
345,392,PT02M40.00S,3,1610612753,ORL,202699,Harris,T. Harris,-235,11,24,Made,1,73,78,151,h,Harris 24' 3PT Jump Shot (9 PTS) (Harkless 2 AST),Made Shot,Jump Shot,1,0
346,393,PT02M17.00S,3,1610612761,TOR,202349,Vasquez,G. Vasquez,-174,339,38,Missed,1,,,0,v,MISS Vasquez 38' 3PT Jump Shot,Missed Shot,Jump Shot,1,0
347,394,PT02M16.00S,3,0,,1610612761,,,0,0,0,,0,,,0,v,Raptors Rebound,Rebound,Unknown,0,0
348,395,PT02M16.00S,3,0,,1610612761,,,0,0,0,,0,,,0,v,Raptors Turnover: Shot Clock (T#7),Turnover,Shot Clock Turnover,0,0
349,396,PT01M56.00S,3,1610612753,ORL,203090,Harkless,M. Harkless,225,28,0,Made,1,76,78,154,h,Harkless 3PT Jump Shot (3 PTS) (Harris 2 AST),Made Shot,Jump Shot,1,0
350,397,PT01M44.00S,3,1610612753,ORL,203090,Harkless,M. Harkless,0,0,0,,0,,,0,h,Harkless S.FOUL (P3.PN),Foul,Shooting,1,0
351,398,PT01M44.00S,3,1610612761,TOR,200768,Lowry,K. Lowry,0,0,0,,0,76,79,155,v,Lowry Free Throw 1 of 2 (20 PTS),Free Throw,Free Throw 1 of 2,0,0
352,400,PT01M44.00S,3,1610612761,TOR,200768,Lowry,K. Lowry,0,0,0,,0,76,80,156,v,Lowry Free Throw 2 of 2 (21 PTS),Free Throw,Free Throw 2 of 2,0,0
353,404,PT01M35.00S,3,1610612753,ORL,202696,Vucevic,N. Vucevic,0,0,0,,0,,,0,h,Vucevic 3 Second Violation Turnover (P2.T11),Turnover,3 Second Violation,1,0
354,413,PT01M35.00S,3,1610612761,TOR,200768,Lowry,K. Lowry,0,0,0,,0,,,0,v,SUB: J. Johnson FOR Lowry,Substitution,,0,0
355,405,PT01M21.00S,3,1610612761,TOR,101150,Williams,L. Williams,-166,107,20,Missed,1,,,0,v,MISS Williams 20' Jump Shot,Missed Shot,Jump Shot,1,0
356,406,PT01M19.00S,3,1610612753,ORL,202699,Harris,T. Harris,0,0,0,,0,,,0,h,Harris REBOUND (Off:1 Def:6),Rebound,Unknown,1,0
357,407,PT01M13.00S,3,1610612753,ORL,2557,Ridnour,L. Ridnour,23,258,26,Missed,1,,,0,h,MISS Ridnour 26' 3PT Jump Shot,Missed Shot,Jump Shot,1,0
358,408,PT01M12.00S,3,1610612761,TOR,202335,Patterson,P. Patterson,0,0,0,,0,,,0,v,Patterson REBOUND (Off:0 Def:5),Rebound,Unknown,1,0
359,409,PT00M59.20S,3,1610612761,TOR,201949,Johnson,J. Johnson,0,22,2,Made,1,76,82,158,v,J. Johnson 2' Layup (9 PTS) (Patterson 2 AST),Made Shot,Layup Shot,1,0
360,410,PT00M59.20S,3,1610612753,ORL,2557,Ridnour,L. Ridnour,0,0,0,,0,,,0,h,Ridnour S.FOUL (P3.PN),Foul,Shooting,1,0
361,411,PT00M59.20S,3,1610612761,TOR,201949,Johnson,J. Johnson,0,0,0,,0,76,83,159,v,J. Johnson Free Throw 1 of 1 (10 PTS),Free Throw,Free Throw 1 of 1,0,0
362,414,PT00M43.90S,3,1610612753,ORL,202699,Harris,T. Harris,-5,61,6,Missed,1,,,0,h,MISS Harris 6' Jump Shot,Missed Shot,Jump Shot,1,0
363,415,PT00M41.90S,3,1610612761,TOR,101150,Williams,L. Williams,0,0,0,,0,,,0,v,Williams REBOUND (Off:0 Def:1),Rebound,Unknown,1,0
364,417,PT00M38.20S,3,1610612753,ORL,2732,Gordon,B. Gordon,0,0,0,,0,,,0,h,B. Gordon S.FOUL (P1.PN),Foul,Shooting,1,0
365,418,PT00M38.20S,3,1610612761,TOR,202349,Vasquez,G. Vasquez,0,0,0,,0,76,84,160,v,Vasquez Free Throw 1 of 2 (3 PTS),Free Throw,Free Throw 1 of 2,0,0
366,420,PT00M38.20S,3,1610612761,TOR,202349,Vasquez,G. Vasquez,0,0,0,,0,76,85,161,v,Vasquez Free Throw 2 of 2 (4 PTS),Free Throw,Free Throw 2 of 2,0,0
367,422,PT00M29.10S,3,1610612753,ORL,202699,Harris,T. Harris,0,0,0,,0,,,0,h,Harris OFF.Foul (P2),Foul,Offensive,1,0
368,423,PT00M29.10S,3,1610612753,ORL,202699,Harris,T. Harris,0,0,0,,0,,,0,h,Harris Foul Turnover (P4.T12),Turnover,Foul,1,0
369,424,PT00M07.90S,3,1610612761,TOR,202349,Vasquez,G. Vasquez,2,11,1,Missed,1,,,0,v,MISS Vasquez 1' Layup,Missed Shot,Layup Shot,1,0
370,425,PT00M06.70S,3,1610612753,ORL,202699,Harris,T. Harris,0,0,0,,0,,,0,h,Harris REBOUND (Off:1 Def:7),Rebound,Unknown,1,0
371,426,PT00M03.50S,3,1610612753,ORL,203090,Harkless,M. Harkless,0,1,0,Made,1,78,85,163,h,Harkless Dunk (5 PTS) (Harris 3 AST),Made Shot,Dunk Shot,1,0
372,427,PT00M01.90S,3,1610612753,ORL,202699,Harris,T. Harris,0,0,0,,0,,,0,h,Harris S.FOUL (P3.PN),Foul,Shooting,1,0
373,429,PT00M01.90S,3,0,,427,,,0,0,0,,0,,,0,,Support Ruling,Instant Replay,Support Ruling,0,0
374,430,PT00M01.90S,3,1610612761,TOR,101150,Williams,L. Williams,0,0,0,,0,78,86,164,v,Williams Free Throw 1 of 2 (4 PTS),Free Throw,Free Throw 1 of 2,0,0
375,432,PT00M01.90S,3,1610612761,TOR,101150,Williams,L. Williams,0,0,0,,0,78,87,165,v,Williams Free Throw 2 of 2 (5 PTS),Free Throw,Free Throw 2 of 2,0,0
376,434,PT00M00.00S,3,1610612753,ORL,203090,Harkless,M. Harkless,220,276,35,Missed,1,,,0,h,MISS Harkless 35' 3PT Jump Shot,Missed Shot,Jump Shot,1,0
377,435,PT00M00.00S,3,0,,1610612753,,,0,0,0,,0,,,0,h,MAGIC Rebound,Rebound,Unknown,0,0
378,436,PT00M00.00S,3,0,,0,,,0,0,0,,0,78,87,165,,End of 3rd Period (8:53 PM EST),period,end,0,0
379,440,PT12M00.00S,4,0,,0,,,0,0,0,,0,78,87,165,,Start of 4th Period (8:56 PM EST),period,start,0,0
380,441,PT11M40.00S,4,1610612753,ORL,101112,Frye,C. Frye,-24,265,27,Missed,1,,,0,h,MISS Frye 27' 3PT Jump Shot,Missed Shot,Jump Shot,1,0
381,442,PT11M38.00S,4,1610612761,TOR,202335,Patterson,P. Patterson,0,0,0,,0,,,0,v,Patterson REBOUND (Off:0 Def:6),Rebound,Unknown,1,0
382,443,PT11M16.00S,4,1610612761,TOR,202335,Patterson,P. Patterson,231,25,0,Missed,1,,,0,v,MISS Patterson 3PT Jump Shot,Missed Shot,Jump Shot,1,0
383,444,PT11M14.00S,4,1610612753,ORL,203090,Harkless,M. Harkless,0,0,0,,0,,,0,h,Harkless REBOUND (Off:1 Def:4),Rebound,Unknown,1,0
384,445,PT11M07.00S,4,1610612753,ORL,203901,Payton,E. Payton,-29,154,16,Made,1,80,87,167,h,Payton 16' Pullup Jump Shot (12 PTS),Made Shot,Pullup Jump shot,1,0
385,446,PT10M42.00S,4,1610612761,TOR,201949,Johnson,J. Johnson,-13,145,15,Missed,1,,,0,v,MISS J. Johnson 15' Turnaround Jump Shot,Missed Shot,Turnaround Jump Shot,1,0
386,447,PT10M41.00S,4,1610612761,TOR,201946,Hansbrough,T. Hansbrough,0,0,0,,0,,,0,v,Hansbrough REBOUND (Off:3 Def:0),Rebound,Unknown,1,0
387,448,PT10M37.00S,4,1610612761,TOR,202349,Vasquez,G. Vasquez,230,3,0,Missed,1,,,0,v,MISS Vasquez 3PT Jump Shot,Missed Shot,Jump Shot,1,0
388,449,PT10M35.00S,4,1610612761,TOR,202335,Patterson,P. Patterson,0,0,0,,0,,,0,v,Patterson REBOUND (Off:1 Def:6),Rebound,Unknown,1,0
389,450,PT10M22.00S,4,1610612761,TOR,201949,Johnson,J. Johnson,15,22,3,Missed,1,,,0,v,MISS J. Johnson 3' Layup,Missed Shot,Layup Shot,1,0
390,450,PT10M22.00S,4,1610612753,ORL,203090,Harkless,M. Harkless,0,0,0,,0,,,0,h,Harkless BLOCK (1 BLK),,,1,0
391,451,PT10M18.00S,4,1610612761,TOR,101150,Williams,L. Williams,0,0,0,,0,,,0,v,Williams REBOUND (Off:1 Def:1),Rebound,Unknown,1,0
392,452,PT10M12.00S,4,1610612761,TOR,202349,Vasquez,G. Vasquez,102,178,21,Missed,1,,,0,v,MISS Vasquez 21' Jump Shot,Missed Shot,Jump Shot,1,0
393,453,PT10M10.00S,4,1610612753,ORL,203473,Dedmon,D. Dedmon,0,0,0,,0,,,0,h,Dedmon REBOUND (Off:1 Def:2),Rebound,Unknown,1,0
394,454,PT09M55.00S,4,1610612753,ORL,203901,Payton,E. Payton,129,160,21,Made,1,82,87,169,h,Payton 21' Jump Shot (14 PTS),Made Shot,Jump Shot,1,0
395,457,PT09M28.00S,4,1610612761,TOR,202349,Vasquez,G. Vasquez,-4,14,1,Missed,1,,,0,v,MISS Vasquez 1' Layup,Missed Shot,Layup Shot,1,0
396,457,PT09M28.00S,4,1610612753,ORL,203473,Dedmon,D. Dedmon,0,0,0,,0,,,0,h,Dedmon BLOCK (2 BLK),,,1,0
397,459,PT09M24.00S,4,1610612761,TOR,201946,Hansbrough,T. Hansbrough,0,0,0,,0,,,0,v,Hansbrough REBOUND (Off:4 Def:0),Rebound,Unknown,1,0
398,458,PT09M24.00S,4,1610612761,TOR,201946,Hansbrough,T. Hansbrough,7,20,2,Made,1,82,89,171,v,Hansbrough 2' Putback Layup (2 PTS),Made Shot,Putback Layup Shot,1,0
399,460,PT09M15.00S,4,1610612753,ORL,2732,Gordon,B. Gordon,94,55,11,Made,1,84,89,173,h,B. Gordon 11' Running Bank Shot (7 PTS) (Frye 2 AST),Made Shot,Running Bank shot,1,0
400,461,PT08M55.00S,4,1610612753,ORL,203473,Dedmon,D. Dedmon,0,0,0,,0,,,0,h,Dedmon S.FOUL (P2.T1),Foul,Shooting,1,0
401,462,PT08M55.00S,4,0,,0,,,0,0,0,,0,,,0,,Timeout: Official,Timeout,Official,0,0
402,465,PT08M55.00S,4,1610612753,ORL,203901,Payton,E. Payton,0,0,0,,0,,,0,h,SUB: Ridnour FOR Payton,Substitution,,0,0
403,466,PT08M55.00S,4,1610612761,TOR,202349,Vasquez,G. Vasquez,0,0,0,,0,84,90,174,v,Vasquez Free Throw 1 of 2 (5 PTS),Free Throw,Free Throw 1 of 2,0,0
404,468,PT08M55.00S,4,1610612761,TOR,202349,Vasquez,G. Vasquez,0,0,0,,0,84,91,175,v,Vasquez Free Throw 2 of 2 (6 PTS),Free Throw,Free Throw 2 of 2,0,0
405,470,PT08M35.00S,4,1610612753,ORL,203090,Harkless,M. Harkless,228,17,0,Missed,1,,,0,h,MISS Harkless 3PT Jump Shot,Missed Shot,Jump Shot,1,0
406,471,PT08M34.00S,4,1610612761,TOR,201946,Hansbrough,T. Hansbrough,0,0,0,,0,,,0,v,Hansbrough REBOUND (Off:4 Def:1),Rebound,Unknown,1,0
407,472,PT08M18.00S,4,1610612761,TOR,202335,Patterson,P. Patterson,-27,20,3,Missed,1,,,0,v,MISS Patterson 3' Layup,Missed Shot,Layup Shot,1,0
408,472,PT08M18.00S,4,1610612753,ORL,203473,Dedmon,D. Dedmon,0,0,0,,0,,,0,h,Dedmon BLOCK (3 BLK),,,1,0
409,473,PT08M12.00S,4,1610612761,TOR,201949,Johnson,J. Johnson,0,0,0,,0,,,0,v,J. Johnson REBOUND (Off:1 Def:1),Rebound,Unknown,1,0
410,474,PT08M05.00S,4,1610612761,TOR,202349,Vasquez,G. Vasquez,133,239,27,Missed,1,,,0,v,MISS Vasquez 27' 3PT Jump Shot,Missed Shot,Jump Shot,1,0
411,475,PT08M03.00S,4,1610612753,ORL,101112,Frye,C. Frye,0,0,0,,0,,,0,h,Frye REBOUND (Off:0 Def:1),Rebound,Unknown,1,0
412,476,PT07M47.00S,4,1610612753,ORL,101112,Frye,C. Frye,0,0,0,,0,,,0,h,Frye OFF.Foul (P5),Foul,Offensive,1,0
413,477,PT07M47.00S,4,1610612753,ORL,101112,Frye,C. Frye,0,0,0,,0,,,0,h,Frye Foul Turnover (P1.T13),Turnover,Foul,1,0
414,478,PT07M31.00S,4,1610612761,TOR,201949,Johnson,J. Johnson,0,1,0,Made,1,84,93,177,v,J. Johnson Driving Dunk (12 PTS),Made Shot,Driving Dunk Shot,1,0
415,479,PT07M31.00S,4,0,,1610612753,,,0,0,0,,0,,,0,h,MAGIC Timeout: Regular (Full 4 Short 1),Timeout,Regular,0,0
416,480,PT07M31.00S,4,1610612761,TOR,101150,Williams,L. Williams,0,0,0,,0,,,0,v,SUB: Lowry FOR Williams,Substitution,,0,0
417,481,PT07M31.00S,4,1610612761,TOR,202349,Vasquez,G. Vasquez,0,0,0,,0,,,0,v,SUB: DeRozan FOR Vasquez,Substitution,,0,0
418,482,PT07M31.00S,4,1610612753,ORL,101112,Frye,C. Frye,0,0,0,,0,,,0,h,SUB: Fournier FOR Frye,Substitution,,0,0
419,483,PT07M31.00S,4,1610612753,ORL,203473,Dedmon,D. Dedmon,0,0,0,,0,,,0,h,SUB: Vucevic FOR Dedmon,Substitution,,0,0
420,484,PT07M31.00S,4,1610612753,ORL,203090,Harkless,M. Harkless,0,0,0,,0,,,0,h,SUB: Harris FOR Harkless,Substitution,,0,0
421,485,PT07M21.00S,4,1610612761,TOR,201946,Hansbrough,T. Hansbrough,0,0,0,,0,,,0,v,Hansbrough P.FOUL (P4.T1),Foul,Personal,1,0
422,486,PT07M18.00S,4,1610612753,ORL,203095,Fournier,E. Fournier,102,247,27,Missed,1,,,0,h,MISS Fournier 27' 3PT Jump Shot,Missed Shot,Jump Shot,1,0
423,487,PT07M17.00S,4,1610612761,TOR,202335,Patterson,P. Patterson,0,0,0,,0,,,0,v,Patterson REBOUND (Off:1 Def:7),Rebound,Unknown,1,0
424,488,PT06M59.00S,4,1610612761,TOR,202335,Patterson,P. Patterson,-234,22,24,Missed,1,,,0,v,MISS Patterson 24' 3PT Jump Shot,Missed Shot,Jump Shot,1,0
425,489,PT06M58.00S,4,1610612753,ORL,202696,Vucevic,N. Vucevic,0,0,0,,0,,,0,h,Vucevic REBOUND (Off:2 Def:9),Rebound,Unknown,1,0
426,490,PT06M58.00S,4,1610612761,TOR,200768,Lowry,K. Lowry,0,0,0,,0,,,0,v,Lowry P.FOUL (P1.T2),Foul,Personal,1,0
427,491,PT06M36.00S,4,1610612753,ORL,2732,Gordon,B. Gordon,-32,36,5,Missed,1,,,0,h,MISS B. Gordon 5' Floating Jump Shot,Missed Shot,Floating Jump shot,1,0
428,492,PT06M34.00S,4,1610612761,TOR,201946,Hansbrough,T. Hansbrough,0,0,0,,0,,,0,v,Hansbrough REBOUND (Off:4 Def:2),Rebound,Unknown,1,0
429,493,PT06M26.00S,4,1610612753,ORL,2557,Ridnour,L. Ridnour,0,0,0,,0,,,0,h,Ridnour P.FOUL (P4.T2),Foul,Personal,1,0
430,494,PT06M26.00S,4,1610612753,ORL,2557,Ridnour,L. Ridnour,0,0,0,,0,,,0,h,SUB: Payton FOR Ridnour,Substitution,,0,0
431,495,PT06M26.00S,4,1610612753,ORL,2732,Gordon,B. Gordon,0,0,0,,0,,,0,h,SUB: Harkless FOR B. Gordon,Substitution,,0,0
432,496,PT06M15.00S,4,1610612761,TOR,201942,DeRozan,D. DeRozan,176,-14,18,Missed,1,,,0,v,MISS DeRozan 18' Turnaround Jump Shot,Missed Shot,Turnaround Jump Shot,1,0
433,497,PT06M14.00S,4,1610612753,ORL,203901,Payton,E. Payton,0,0,0,,0,,,0,h,Payton REBOUND (Off:1 Def:2),Rebound,Unknown,1,0
434,498,PT06M06.00S,4,1610612761,TOR,201946,Hansbrough,T. Hansbrough,0,0,0,,0,,,0,v,Hansbrough S.FOUL (P5.T3),Foul,Shooting,1,0
435,499,PT06M06.00S,4,1610612753,ORL,203901,Payton,E. Payton,0,0,0,,0,,,0,h,MISS Payton Free Throw 1 of 2,Free Throw,Free Throw 1 of 2,0,0
436,500,PT06M06.00S,4,0,,1610612753,,,0,0,0,,0,,,0,h,MAGIC Rebound,Rebound,Normal Rebound,0,0
437,501,PT06M06.00S,4,1610612761,TOR,201946,Hansbrough,T. Hansbrough,0,0,0,,0,,,0,v,SUB: Valanciunas FOR Hansbrough,Substitution,,0,0
438,502,PT06M06.00S,4,1610612761,TOR,202335,Patterson,P. Patterson,0,0,0,,0,,,0,v,SUB: Ross FOR Patterson,Substitution,,0,0
439,503,PT06M06.00S,4,1610612753,ORL,203901,Payton,E. Payton,0,0,0,,0,85,93,178,h,Payton Free Throw 2 of 2 (15 PTS),Free Throw,Free Throw 2 of 2,0,0
440,505,PT05M48.00S,4,1610612761,TOR,203082,Ross,T. Ross,0,0,0,,0,,,0,v,Ross Bad Pass Turnover (P1.T8),Turnover,Bad Pass,1,0
441,505,PT05M48.00S,4,1610612753,ORL,202699,Harris,T. Harris,0,0,0,,0,,,0,h,Harris STEAL (1 STL),,,1,0
442,506,PT05M43.00S,4,1610612753,ORL,203095,Fournier,E. Fournier,-2,9,1,Made,1,87,93,180,h,Fournier 1' Driving Layup (16 PTS),Made Shot,Driving Layup Shot,1,0
443,507,PT05M23.00S,4,1610612761,TOR,200768,Lowry,K. Lowry,-15,45,5,Missed,1,,,0,v,MISS Lowry 5' Jump Shot,Missed Shot,Jump Shot,1,0
444,508,PT05M21.00S,4,1610612753,ORL,203095,Fournier,E. Fournier,0,0,0,,0,,,0,h,Fournier REBOUND (Off:0 Def:1),Rebound,Unknown,1,0
445,509,PT05M19.00S,4,1610612761,TOR,201949,Johnson,J. Johnson,0,0,0,,0,,,0,v,J. Johnson Shooting Block Foul (P2.T4),Foul,Shooting Block,1,0
446,510,PT05M19.00S,4,1610612753,ORL,203095,Fournier,E. Fournier,0,0,0,,0,,,0,h,MISS Fournier Free Throw 1 of 2,Free Throw,Free Throw 1 of 2,0,0
447,511,PT05M19.00S,4,0,,1610612753,,,0,0,0,,0,,,0,h,MAGIC Rebound,Rebound,Normal Rebound,0,0
448,512,PT05M19.00S,4,1610612761,TOR,201949,Johnson,J. Johnson,0,0,0,,0,,,0,v,SUB: A. Johnson FOR J. Johnson,Substitution,,0,0
449,513,PT05M19.00S,4,1610612753,ORL,203090,Harkless,M. Harkless,0,0,0,,0,,,0,h,SUB: Frye FOR Harkless,Substitution,,0,0
450,514,PT05M19.00S,4,1610612753,ORL,203095,Fournier,E. Fournier,0,0,0,,0,88,93,181,h,Fournier Free Throw 2 of 2 (17 PTS),Free Throw,Free Throw 2 of 2,0,0
451,516,PT05M03.00S,4,1610612761,TOR,201942,DeRozan,D. DeRozan,-4,17,2,Missed,1,,,0,v,MISS DeRozan 2' Layup,Missed Shot,Layup Shot,1,0
452,517,PT05M03.00S,4,0,,1610612753,,,0,0,0,,0,,,0,h,MAGIC Rebound,Rebound,Unknown,0,0
453,518,PT05M03.00S,4,1610612761,TOR,202685,Valanciunas,J. Valanciunas,0,0,0,,0,,,0,v,Valanciunas L.B.FOUL (P3.PN),Foul,Loose Ball,1,0
454,519,PT05M03.00S,4,1610612753,ORL,101112,Frye,C. Frye,0,0,0,,0,89,93,182,h,Frye Free Throw 1 of 2 (11 PTS),Free Throw,Free Throw 1 of 2,0,0
455,521,PT05M03.00S,4,1610612753,ORL,101112,Frye,C. Frye,0,0,0,,0,,,0,h,MISS Frye Free Throw 2 of 2,Free Throw,Free Throw 2 of 2,0,0
456,522,PT05M02.00S,4,1610612761,TOR,202685,Valanciunas,J. Valanciunas,0,0,0,,0,,,0,v,Valanciunas REBOUND (Off:2 Def:7),Rebound,Unknown,1,0
457,523,PT04M43.00S,4,1610612761,TOR,202685,Valanciunas,J. Valanciunas,10,14,2,Missed,1,,,0,v,MISS Valanciunas 2' Layup,Missed Shot,Layup Shot,1,0
458,523,PT04M43.00S,4,1610612753,ORL,202696,Vucevic,N. Vucevic,0,0,0,,0,,,0,h,Vucevic BLOCK (1 BLK),,,1,0
459,524,PT04M42.00S,4,1610612761,TOR,202685,Valanciunas,J. Valanciunas,0,0,0,,0,,,0,v,Valanciunas REBOUND (Off:3 Def:7),Rebound,Unknown,1,0
460,525,PT04M42.00S,4,1610612753,ORL,202696,Vucevic,N. Vucevic,0,0,0,,0,,,0,h,Vucevic S.FOUL (P4.T3),Foul,Shooting,1,0
461,526,PT04M42.00S,4,1610612761,TOR,202685,Valanciunas,J. Valanciunas,0,0,0,,0,89,94,183,v,Valanciunas Free Throw 1 of 2 (9 PTS),Free Throw,Free Throw 1 of 2,0,0
462,528,PT04M42.00S,4,1610612761,TOR,202685,Valanciunas,J. Valanciunas,0,0,0,,0,89,95,184,v,Valanciunas Free Throw 2 of 2 (10 PTS),Free Throw,Free Throw 2 of 2,0,0
463,530,PT04M32.00S,4,1610612761,TOR,200768,Lowry,K. Lowry,0,0,0,,0,,,0,v,Lowry P.FOUL (P2.PN),Foul,Personal,1,0
464,531,PT04M32.00S,4,1610612753,ORL,203901,Payton,E. Payton,0,0,0,,0,90,95,185,h,Payton Free Throw 1 of 2 (16 PTS),Free Throw,Free Throw 1 of 2,0,0
465,533,PT04M32.00S,4,1610612753,ORL,203901,Payton,E. Payton,0,0,0,,0,,,0,h,MISS Payton Free Throw 2 of 2,Free Throw,Free Throw 2 of 2,0,0
466,535,PT04M31.00S,4,1610612761,TOR,202685,Valanciunas,J. Valanciunas,0,0,0,,0,,,0,v,Valanciunas REBOUND (Off:3 Def:8),Rebound,Unknown,1,0
467,536,PT04M17.00S,4,1610612761,TOR,201942,DeRozan,D. DeRozan,143,127,19,Missed,1,,,0,v,MISS DeRozan 19' Pullup Jump Shot,Missed Shot,Pullup Jump shot,1,0
468,537,PT04M16.00S,4,1610612753,ORL,202696,Vucevic,N. Vucevic,0,0,0,,0,,,0,h,Vucevic REBOUND (Off:2 Def:10),Rebound,Unknown,1,0
469,538,PT04M06.00S,4,1610612753,ORL,203901,Payton,E. Payton,-109,142,18,Missed,1,,,0,h,MISS Payton 18' Jump Shot,Missed Shot,Jump Shot,1,0
470,539,PT04M04.00S,4,1610612761,TOR,200768,Lowry,K. Lowry,0,0,0,,0,,,0,v,Lowry REBOUND (Off:0 Def:3),Rebound,Unknown,1,0
471,540,PT04M03.00S,4,1610612753,ORL,203095,Fournier,E. Fournier,0,0,0,,0,,,0,h,Fournier P.FOUL (P5.T4),Foul,Personal,1,0
472,541,PT03M50.00S,4,1610612761,TOR,203082,Ross,T. Ross,-128,228,26,Made,1,90,98,188,v,Ross 26' 3PT Jump Shot (8 PTS) (Lowry 3 AST),Made Shot,Jump Shot,1,0
473,542,PT03M32.00S,4,1610612753,ORL,202696,Vucevic,N. Vucevic,45,33,6,Missed,1,,,0,h,MISS Vucevic 6' Hook Shot,Missed Shot,Hook Shot,1,0
474,543,PT03M30.00S,4,1610612761,TOR,201942,DeRozan,D. DeRozan,0,0,0,,0,,,0,v,DeRozan REBOUND (Off:1 Def:6),Rebound,Unknown,1,0
475,544,PT03M11.00S,4,1610612761,TOR,201942,DeRozan,D. DeRozan,58,52,8,Made,1,90,100,190,v,DeRozan 8' Jump Shot (24 PTS) (Lowry 4 AST),Made Shot,Jump Shot,1,0
476,545,PT02M59.00S,4,1610612753,ORL,203095,Fournier,E. Fournier,-215,148,26,Missed,1,,,0,h,MISS Fournier 26' 3PT Jump Shot,Missed Shot,Jump Shot,1,0
477,546,PT02M58.00S,4,1610612761,TOR,201942,DeRozan,D. DeRozan,0,0,0,,0,,,0,v,DeRozan REBOUND (Off:1 Def:7),Rebound,Unknown,1,0
478,547,PT02M52.00S,4,1610612753,ORL,202699,Harris,T. Harris,0,0,0,,0,,,0,h,Harris P.FOUL (P4.PN),Foul,Personal,1,0
479,549,PT02M52.00S,4,0,,1610612761,,,0,0,0,,0,,,0,v,Raptors Timeout: Regular (Reg.4 Short 1),Timeout,Regular,0,0
480,554,PT02M52.00S,4,1610612761,TOR,201942,DeRozan,D. DeRozan,0,0,0,,0,,,0,v,MISS DeRozan Free Throw 1 of 2,Free Throw,Free Throw 1 of 2,0,0
481,555,PT02M52.00S,4,0,,1610612761,,,0,0,0,,0,,,0,v,Raptors Rebound,Rebound,Normal Rebound,0,0
482,556,PT02M52.00S,4,1610612761,TOR,201942,DeRozan,D. DeRozan,0,0,0,,0,,,0,v,MISS DeRozan Free Throw 2 of 2,Free Throw,Free Throw 2 of 2,0,0
483,559,PT02M50.00S,4,1610612761,TOR,101161,Johnson,A. Johnson,0,0,0,,0,,,0,v,A. Johnson REBOUND (Off:3 Def:1),Rebound,Unknown,1,0
484,558,PT02M50.00S,4,1610612761,TOR,101161,Johnson,A. Johnson,6,14,2,Made,1,90,102,192,v,A. Johnson 2' Layup (12 PTS),Made Shot,Layup Shot,1,0
485,560,PT02M37.00S,4,1610612761,TOR,203082,Ross,T. Ross,0,0,0,,0,,,0,v,Ross P.FOUL (P3.PN),Foul,Personal,1,0
486,561,PT02M37.00S,4,1610612753,ORL,203095,Fournier,E. Fournier,0,0,0,,0,91,102,193,h,Fournier Free Throw 1 of 2 (18 PTS),Free Throw,Free Throw 1 of 2,0,0
487,563,PT02M37.00S,4,1610612753,ORL,203095,Fournier,E. Fournier,0,0,0,,0,,,0,h,MISS Fournier Free Throw 2 of 2,Free Throw,Free Throw 2 of 2,0,0
488,565,PT02M35.00S,4,1610612761,TOR,101161,Johnson,A. Johnson,0,0,0,,0,,,0,v,A. Johnson REBOUND (Off:3 Def:2),Rebound,Unknown,1,0
489,566,PT02M16.00S,4,1610612753,ORL,202696,Vucevic,N. Vucevic,0,0,0,,0,,,0,h,Vucevic S.FOUL (P5.PN),Foul,Shooting,1,0
490,567,PT02M16.00S,4,1610612761,TOR,201942,DeRozan,D. DeRozan,0,0,0,,0,91,103,194,v,DeRozan Free Throw 1 of 2 (25 PTS),Free Throw,Free Throw 1 of 2,0,0
491,569,PT02M16.00S,4,1610612761,TOR,201942,DeRozan,D. DeRozan,0,0,0,,0,91,104,195,v,DeRozan Free Throw 2 of 2 (26 PTS),Free Throw,Free Throw 2 of 2,0,0
492,571,PT02M08.00S,4,1610612753,ORL,203901,Payton,E. Payton,119,164,20,Missed,1,,,0,h,MISS Payton 20' Jump Shot,Missed Shot,Jump Shot,1,0
493,572,PT02M06.00S,4,1610612761,TOR,203082,Ross,T. Ross,0,0,0,,0,,,0,v,Ross REBOUND (Off:1 Def:2),Rebound,Unknown,1,0
494,573,PT02M06.00S,4,1610612753,ORL,202696,Vucevic,N. Vucevic,0,0,0,,0,,,0,h,Vucevic Personal Take Foul (P6.PN),Foul,Personal Take,1,0
495,574,PT02M06.00S,4,1610612753,ORL,202696,Vucevic,N. Vucevic,0,0,0,,0,,,0,h,SUB: B. Gordon FOR Vucevic,Substitution,,0,0
496,575,PT02M06.00S,4,1610612761,TOR,203082,Ross,T. Ross,0,0,0,,0,91,105,196,v,Ross Free Throw 1 of 2 (9 PTS),Free Throw,Free Throw 1 of 2,0,0
497,577,PT02M06.00S,4,1610612761,TOR,202685,Valanciunas,J. Valanciunas,0,0,0,,0,,,0,v,SUB: J. Johnson FOR Valanciunas,Substitution,,0,0
498,578,PT02M06.00S,4,1610612761,TOR,203082,Ross,T. Ross,0,0,0,,0,91,106,197,v,Ross Free Throw 2 of 2 (10 PTS),Free Throw,Free Throw 2 of 2,0,0
499,580,PT01M50.00S,4,1610612753,ORL,2732,Gordon,B. Gordon,0,15,2,Missed,1,,,0,h,MISS B. Gordon 2' Driving Layup,Missed Shot,Driving Layup Shot,1,0
500,582,PT01M50.00S,4,1610612753,ORL,202699,Harris,T. Harris,0,0,0,,0,,,0,h,Harris REBOUND (Off:2 Def:7),Rebound,Unknown,1,0
501,581,PT01M50.00S,4,1610612753,ORL,202699,Harris,T. Harris,0,19,2,Made,1,93,106,199,h,Harris 2' Putback Layup (11 PTS),Made Shot,Putback Layup Shot,1,0
502,583,PT01M33.00S,4,1610612761,TOR,101161,Johnson,A. Johnson,4,45,5,Made,1,93,108,201,v,A. Johnson 5' Jump Shot (14 PTS) (Lowry 5 AST),Made Shot,Jump Shot,1,0
503,584,PT01M33.00S,4,0,,1610612753,,,0,0,0,,0,,,0,h,MAGIC Timeout: Regular (Full 5 Short 1),Timeout,Regular,0,0
504,587,PT01M33.00S,4,1610612753,ORL,202699,Harris,T. Harris,0,0,0,,0,,,0,h,SUB: Dedmon FOR Harris,Substitution,,0,0
505,588,PT01M33.00S,4,1610612753,ORL,101112,Frye,C. Frye,0,0,0,,0,,,0,h,SUB: Marble FOR Frye,Substitution,,0,0
506,589,PT01M33.00S,4,1610612753,ORL,203095,Fournier,E. Fournier,0,0,0,,0,,,0,h,SUB: A. Gordon FOR Fournier,Substitution,,0,0
507,590,PT01M33.00S,4,1610612753,ORL,203901,Payton,E. Payton,0,0,0,,0,,,0,h,SUB: Nicholson FOR Payton,Substitution,,0,0
508,591,PT01M33.00S,4,1610612753,ORL,2732,Gordon,B. Gordon,0,0,0,,0,,,0,h,SUB: Harkless FOR B. Gordon,Substitution,,0,0
509,592,PT01M33.00S,4,1610612761,TOR,201942,DeRozan,D. DeRozan,0,0,0,,0,,,0,v,SUB: Vasquez FOR DeRozan,Substitution,,0,0
510,593,PT01M15.00S,4,1610612753,ORL,203906,Marble,D. Marble,-2,20,2,Missed,1,,,0,h,MISS Marble 2' Driving Layup,Missed Shot,Driving Layup Shot,1,0
511,594,PT01M13.00S,4,0,,1610612753,,,0,0,0,,0,,,0,h,MAGIC Rebound,Rebound,Unknown,0,0
512,595,PT01M06.00S,4,1610612753,ORL,203932,Gordon,A. Gordon,0,0,0,,0,,,0,h,A. Gordon Out of Bounds Lost Ball Turnover (P1.T14),Turnover,Out of Bounds Lost Ball Turnover,1,0
513,596,PT01M06.00S,4,1610612761,TOR,200768,Lowry,K. Lowry,0,0,0,,0,,,0,v,SUB: Fields FOR Lowry,Substitution,,0,0
514,597,PT00M44.90S,4,1610612761,TOR,202361,Fields,L. Fields,-19,-2,2,Missed,1,,,0,v,MISS Fields 2' Reverse Layup,Missed Shot,Reverse Layup Shot,1,0
515,597,PT00M44.90S,4,1610612753,ORL,203473,Dedmon,D. Dedmon,0,0,0,,0,,,0,h,Dedmon BLOCK (4 BLK),,,1,0
516,598,PT00M42.70S,4,1610612753,ORL,203473,Dedmon,D. Dedmon,0,0,0,,0,,,0,h,Dedmon REBOUND (Off:1 Def:3),Rebound,Unknown,1,0
517,599,PT00M40.10S,4,1610612753,ORL,203090,Harkless,M. Harkless,-10,14,2,Made,1,95,108,203,h,Harkless 2' Layup (7 PTS) (Dedmon 1 AST),Made Shot,Layup Shot,1,0
518,600,PT00M40.10S,4,1610612761,TOR,202349,Vasquez,G. Vasquez,0,0,0,,0,,,0,v,Vasquez S.FOUL (P1.PN),Foul,Shooting,1,0
519,601,PT00M40.10S,4,1610612753,ORL,203090,Harkless,M. Harkless,0,0,0,,0,,,0,h,MISS Harkless Free Throw 1 of 1,Free Throw,Free Throw 1 of 1,0,0
520,603,PT00M38.90S,4,1610612761,TOR,201949,Johnson,J. Johnson,0,0,0,,0,,,0,v,J. Johnson REBOUND (Off:1 Def:2),Rebound,Unknown,1,0
521,604,PT00M16.90S,4,1610612761,TOR,203082,Ross,T. Ross,-223,39,0,Missed,1,,,0,v,MISS Ross 3PT Jump Shot,Missed Shot,Jump Shot,1,0
522,605,PT00M16.10S,4,0,,1610612761,,,0,0,0,,0,,,0,v,Raptors Rebound,Rebound,Unknown,0,0
523,606,PT00M16.10S,4,0,,1610612761,,,0,0,0,,0,,,0,v,Raptors Turnover: Shot Clock (T#9),Turnover,Shot Clock Turnover,0,0
524,608,PT00M04.20S,4,1610612753,ORL,203932,Gordon,A. Gordon,196,6,20,Missed,1,,,0,h,MISS A. Gordon 20' Jump Shot,Missed Shot,Jump Shot,1,0
525,609,PT00M04.20S,4,0,,1610612761,,,0,0,0,,0,,,0,v,Raptors Rebound,Rebound,Unknown,0,0
526,611,PT00M00.00S,4,0,,0,,,0,0,0,,0,95,108,203,,End of 4th Period (9:29 PM EST),period,end,0,0
