actionId,actionNumber,clock,period,teamId,teamTricode,personId,playerName,playerNameI,xLegacy,yLegacy,shotDistance,shotResult,isFieldGoal,scoreHome,scoreAway,pointsTotal,location,description,actionType,subType,videoAvailable,shotValue
1,0,PT12M00.00S,1,0,,0,,,0,0,0,,0,0,0,0,,Start of 1st Period (8:12 PM EST),period,start,0,0
2,1,PT12M00.00S,1,1610612754,IND,979,O'Neal,J. O'Neal,0,0,0,,0,0,0,0,h,Jump Ball O'Neal vs. Ilgauskas: Tip to Gooden,Jump Ball,,0,0
3,2,PT11M38.00S,1,1610612739,CLE,2400,Gooden,D. Gooden,-16,45,5,Missed,1,0,0,0,v,MISS Gooden 5' Jump Shot,Missed Shot,Jump Shot,0,0
4,3,PT11M36.00S,1,1610612754,IND,979,O'Neal,J. O'Neal,0,0,0,,0,0,0,0,h,O'Neal REBOUND (Off:0 Def:1),Rebound,Unknown,0,0
5,4,PT11M20.00S,1,1610612754,IND,979,O'Neal,J. O'Neal,-156,7,16,Missed,1,0,0,0,h,MISS O'Neal 16' Jump Shot,Missed Shot,Jump Shot,0,0
6,5,PT11M18.00S,1,1610612739,CLE,980,Ilgauskas,Z. Ilgauskas,0,0,0,,0,0,0,0,v,Ilgauskas REBOUND (Off:0 Def:1),Rebound,Unknown,0,0
7,6,PT10M58.00S,1,1610612739,CLE,2400,Gooden,D. Gooden,167,3,17,Made,1,0,2,2,v,Gooden 17' Jump Shot (2 PTS),Made Shot,Jump Shot,0,0
8,7,PT10M40.00S,1,1610612754,IND,1733,Harrington,A. Harrington,103,117,16,Missed,1,0,0,0,h,MISS Harrington 16' Jump Shot,Missed Shot,Jump Shot,0,0
9,8,PT10M38.00S,1,1610612739,CLE,2544,James,L. James,0,0,0,,0,0,0,0,v,James REBOUND (Off:0 Def:1),Rebound,Unknown,0,0
10,9,PT10M31.00S,1,1610612739,CLE,2544,James,L. James,-110,155,19,Missed,1,0,0,0,v,MISS James 19' Jump Shot,Missed Shot,Jump Shot,0,0
11,10,PT10M30.00S,1,1610612754,IND,2224,Tinsley,J. Tinsley,0,0,0,,0,0,0,0,h,Tinsley REBOUND (Off:0 Def:1),Rebound,Unknown,0,0
12,11,PT10M20.00S,1,1610612754,IND,101122,Granger,D. Granger,-240,0,24,Missed,1,0,0,0,h,MISS Granger 24' 3PT Jump Shot,Missed Shot,Jump Shot,0,0
13,12,PT10M18.00S,1,1610612739,CLE,2544,James,L. James,0,0,0,,0,0,0,0,v,James REBOUND (Off:0 Def:2),Rebound,Unknown,0,0
14,13,PT10M04.00S,1,1610612739,CLE,727,Snow,E. Snow,172,40,18,Missed,1,0,0,0,v,MISS Snow 18' Jump Shot,Missed Shot,Jump Shot,0,0
15,30,PT10M04.00S,1,1610612739,CLE,2400,Gooden,D. Gooden,0,0,0,,0,0,0,0,v,Gooden REBOUND (Off:1 Def:0),Rebound,Unknown,0,0
16,19,PT10M04.00S,1,1610612739,CLE,2400,Gooden,D. Gooden,22,7,2,Missed,1,0,0,0,v,MISS Gooden 2' Tip Shot,Missed Shot,Tip Shot,0,0
17,14,PT10M03.00S,1,1610612754,IND,1733,Harrington,A. Harrington,0,0,0,,0,0,0,0,h,Harrington REBOUND (Off:0 Def:1),Rebound,Unknown,0,0
18,15,PT09M56.00S,1,1610612754,IND,2224,Tinsley,J. Tinsley,56,202,21,Missed,1,0,0,0,h,MISS Tinsley 21' Jump Shot,Missed Shot,Jump Shot,0,0
19,16,PT09M54.00S,1,1610612739,CLE,980,Ilgauskas,Z. Ilgauskas,0,0,0,,0,0,0,0,v,Ilgauskas REBOUND (Off:0 Def:2),Rebound,Unknown,0,0
20,17,PT09M44.00S,1,1610612739,CLE,2544,James,L. James,130,84,15,Made,1,0,4,4,v,James 15' Jump Shot (2 PTS),Made Shot,Jump Shot,0,0
21,18,PT09M25.00S,1,1610612754,IND,1733,Harrington,A. Harrington,-25,5,3,Made,1,2,4,6,h,Harrington 3' Layup (2 PTS) (Tinsley 1 AST),Made Shot,Layup Shot,0,0
22,20,PT09M10.00S,1,1610612739,CLE,2400,Gooden,D. Gooden,158,12,16,Made,1,2,6,8,v,Gooden 16' Jump Shot (4 PTS),Made Shot,Jump Shot,0,0
23,21,PT09M10.00S,1,1610612754,IND,1733,Harrington,A. Harrington,0,0,0,,0,0,0,0,h,Harrington S.FOUL (P1.T1),Foul,Shooting,0,0
24,22,PT09M10.00S,1,1610612739,CLE,2400,Gooden,D. Gooden,0,0,0,,0,2,7,9,v,Gooden Free Throw 1 of 1 (5 PTS),Free Throw,Free Throw 1 of 1,0,0
25,24,PT08M59.00S,1,1610612754,IND,979,O'Neal,J. O'Neal,0,0,0,,0,0,0,0,h,O'Neal Lost Ball Turnover (P1.T1),Turnover,Lost Ball,0,0
26,24,PT08M59.00S,1,1610612739,CLE,2544,James,L. James,0,0,0,,0,0,0,0,v,James STEAL (1 STL),,,0,0
27,26,PT08M55.00S,1,1610612739,CLE,2544,James,L. James,0,0,0,,0,0,0,0,v,James Lost Ball Turnover (P1.T1),Turnover,Lost Ball,0,0
28,26,PT08M55.00S,1,1610612754,IND,2224,Tinsley,J. Tinsley,0,0,0,,0,0,0,0,h,Tinsley STEAL (1 STL),,,0,0
29,27,PT08M47.00S,1,1610612754,IND,101185,Marshall,R. Marshall,3,7,1,Missed,1,0,0,0,h,MISS Marshall 1' Layup,Missed Shot,Layup Shot,0,0
30,28,PT08M45.00S,1,1610612739,CLE,980,Ilgauskas,Z. Ilgauskas,0,0,0,,0,0,0,0,v,Ilgauskas REBOUND (Off:0 Def:3),Rebound,Unknown,0,0
31,29,PT08M42.00S,1,1610612739,CLE,727,Snow,E. Snow,0,0,0,,0,0,0,0,v,Snow Bad Pass Turnover (P1.T2),Turnover,Bad Pass,0,0
32,31,PT08M35.00S,1,1610612739,CLE,980,Ilgauskas,Z. Ilgauskas,0,0,0,,0,0,0,0,v,Ilgauskas P.FOUL (P1.T1),Foul,Personal,0,0
33,33,PT08M25.00S,1,1610612754,IND,101185,Marshall,R. Marshall,-230,10,0,Missed,1,0,0,0,h,MISS Marshall  3PT Jump Shot,Missed Shot,Jump Shot,0,0
34,34,PT08M24.00S,1,1610612754,IND,101122,Granger,D. Granger,0,0,0,,0,0,0,0,h,Granger REBOUND (Off:1 Def:0),Rebound,Unknown,0,0
35,35,PT08M20.00S,1,1610612754,IND,101122,Granger,D. Granger,13,12,2,Missed,1,0,0,0,h,MISS Granger 2' Layup,Missed Shot,Layup Shot,0,0
36,36,PT08M19.00S,1,1610612739,CLE,2400,Gooden,D. Gooden,0,0,0,,0,0,0,0,v,Gooden REBOUND (Off:1 Def:1),Rebound,Unknown,0,0
37,37,PT08M17.00S,1,1610612739,CLE,2544,James,L. James,-2,17,2,Made,1,2,9,11,v,James 2' Slam Dunk (4 PTS) (Gooden 1 AST),Made Shot,Slam Dunk Shot,0,0
38,38,PT07M57.00S,1,1610612754,IND,1733,Harrington,A. Harrington,0,0,0,,0,0,0,0,h,Harrington Traveling Turnover (P1.T2),Turnover,Traveling,0,0
39,40,PT07M34.00S,1,1610612739,CLE,2400,Gooden,D. Gooden,118,48,13,Missed,1,0,0,0,v,MISS Gooden 13' Jump Shot,Missed Shot,Jump Shot,0,0
40,40,PT07M34.00S,1,1610612754,IND,979,O'Neal,J. O'Neal,0,0,0,,0,0,0,0,h,O'Neal BLOCK (1 BLK),,,0,0
41,41,PT07M32.00S,1,1610612754,IND,101122,Granger,D. Granger,0,0,0,,0,0,0,0,h,Granger REBOUND (Off:1 Def:1),Rebound,Unknown,0,0
42,42,PT07M21.00S,1,1610612754,IND,979,O'Neal,J. O'Neal,-151,-1,15,Made,1,4,9,13,h,O'Neal 15' Jump Shot (2 PTS) (Tinsley 2 AST),Made Shot,Jump Shot,0,0
43,43,PT07M07.00S,1,1610612739,CLE,727,Snow,E. Snow,8,7,1,Made,1,4,11,15,v,Snow 1' Layup (2 PTS) (Wesley 1 AST),Made Shot,Layup Shot,0,0
44,44,PT06M59.00S,1,1610612739,CLE,133,Wesley,D. Wesley,0,0,0,,0,0,0,0,v,Wesley P.FOUL (P1.T2),Foul,Personal,0,0
45,45,PT06M53.00S,1,1610612754,IND,979,O'Neal,J. O'Neal,-18,22,3,Made,1,6,11,17,h,O'Neal 3' Layup (4 PTS) (Marshall 1 AST),Made Shot,Layup Shot,0,0
46,46,PT06M28.00S,1,1610612739,CLE,980,Ilgauskas,Z. Ilgauskas,0,0,0,,0,0,0,0,v,Ilgauskas 3 Second Violation Turnover (P1.T3),Turnover,3 Second Violation,0,0
47,48,PT06M16.00S,1,1610612754,IND,979,O'Neal,J. O'Neal,-67,20,7,Missed,1,0,0,0,h,MISS O'Neal 7' Jump Shot,Missed Shot,Jump Shot,0,0
48,49,PT06M15.00S,1,1610612739,CLE,980,Ilgauskas,Z. Ilgauskas,0,0,0,,0,0,0,0,v,Ilgauskas REBOUND (Off:0 Def:4),Rebound,Unknown,0,0
49,50,PT06M04.00S,1,1610612739,CLE,2400,Gooden,D. Gooden,-51,107,12,Made,1,6,13,19,v,Gooden 12' Jump Shot (7 PTS),Made Shot,Jump Shot,0,0
50,51,PT05M57.00S,1,0,,1610612754,,,0,0,0,,0,0,0,0,h,PACERS Timeout: Regular (Full 1 Short 0),Timeout,Regular,0,0
51,53,PT05M41.00S,1,1610612754,IND,979,O'Neal,J. O'Neal,89,2,9,Missed,1,0,0,0,h,MISS O'Neal 9' Jump Shot,Missed Shot,Jump Shot,0,0
52,54,PT05M39.00S,1,1610612739,CLE,980,Ilgauskas,Z. Ilgauskas,0,0,0,,0,0,0,0,v,Ilgauskas REBOUND (Off:0 Def:5),Rebound,Unknown,0,0
53,55,PT05M22.00S,1,1610612754,IND,101122,Granger,D. Granger,0,0,0,,0,0,0,0,h,Granger S.FOUL (P1.T2),Foul,Shooting,0,0
54,56,PT05M22.00S,1,1610612739,CLE,2544,James,L. James,0,0,0,,0,0,0,0,v,MISS James Free Throw 1 of 2,Free Throw,Free Throw 1 of 2,0,0
55,57,PT05M22.00S,1,0,,1610612739,,,0,0,0,,0,0,0,0,v,Cavaliers Rebound,Rebound,Normal Rebound,0,0
56,58,PT05M22.00S,1,1610612754,IND,101185,Marshall,R. Marshall,0,0,0,,0,0,0,0,h,SUB: Jackson FOR Marshall,Substitution,,0,0
57,59,PT05M22.00S,1,1610612739,CLE,2544,James,L. James,0,0,0,,0,6,14,20,v,James Free Throw 2 of 2 (5 PTS),Free Throw,Free Throw 2 of 2,0,0
58,60,PT05M04.00S,1,1610612754,IND,1536,Jackson,S. Jackson,-186,53,19,Missed,1,0,0,0,h,MISS Jackson 19' Jump Shot,Missed Shot,Jump Shot,0,0
59,61,PT05M02.00S,1,1610612739,CLE,980,Ilgauskas,Z. Ilgauskas,0,0,0,,0,0,0,0,v,Ilgauskas REBOUND (Off:0 Def:6),Rebound,Unknown,0,0
60,62,PT04M52.00S,1,1610612739,CLE,2400,Gooden,D. Gooden,-8,3,1,Missed,1,0,0,0,v,MISS Gooden 1' Layup,Missed Shot,Layup Shot,0,0
61,63,PT04M51.00S,1,1610612739,CLE,2400,Gooden,D. Gooden,0,0,0,,0,0,0,0,v,Gooden REBOUND (Off:2 Def:1),Rebound,Unknown,0,0
62,64,PT04M50.00S,1,1610612739,CLE,2400,Gooden,D. Gooden,0,0,0,,0,0,0,0,v,Gooden Traveling Turnover (P1.T4),Turnover,Traveling,0,0
63,65,PT04M50.00S,1,1610612739,CLE,133,Wesley,D. Wesley,0,0,0,,0,0,0,0,v,SUB: Jones FOR Wesley,Substitution,,0,0
64,66,PT04M40.00S,1,1610612754,IND,979,O'Neal,J. O'Neal,0,0,0,,0,0,0,0,h,O'Neal Traveling Turnover (P2.T3),Turnover,Traveling,0,0
65,67,PT04M17.00S,1,1610612739,CLE,1800,Jones,D. Jones,-166,3,17,Made,1,6,16,22,v,Jones 17' Jump Shot (2 PTS),Made Shot,Jump Shot,0,0
66,68,PT03M54.00S,1,1610612754,IND,1536,Jackson,S. Jackson,123,92,15,Missed,1,0,0,0,h,MISS Jackson 15' Jump Shot,Missed Shot,Jump Shot,0,0
67,69,PT03M53.00S,1,1610612739,CLE,980,Ilgauskas,Z. Ilgauskas,0,0,0,,0,0,0,0,v,Ilgauskas REBOUND (Off:0 Def:7),Rebound,Unknown,0,0
68,70,PT03M53.00S,1,1610612754,IND,1733,Harrington,A. Harrington,0,0,0,,0,0,0,0,h,SUB: Foster FOR Harrington,Substitution,,0,0
69,71,PT03M29.00S,1,1610612739,CLE,1800,Jones,D. Jones,210,150,26,Made,1,6,19,25,v,Jones 26' 3PT Jump Shot (5 PTS),Made Shot,Jump Shot,0,0
70,72,PT03M14.00S,1,1610612754,IND,1536,Jackson,S. Jackson,167,5,17,Missed,1,0,0,0,h,MISS Jackson 17' Jump Shot,Missed Shot,Jump Shot,0,0
71,73,PT03M12.00S,1,1610612739,CLE,2400,Gooden,D. Gooden,0,0,0,,0,0,0,0,v,Gooden REBOUND (Off:2 Def:2),Rebound,Unknown,0,0
72,74,PT03M04.00S,1,1610612739,CLE,2400,Gooden,D. Gooden,57,169,18,Made,1,6,21,27,v,Gooden 18' Jump Shot (9 PTS) (Jones 1 AST),Made Shot,Jump Shot,0,0
73,75,PT02M56.00S,1,0,,1610612754,,,0,0,0,,0,0,0,0,h,PACERS Timeout: Short (Full 1 Short 1),Timeout,Short,0,0
74,77,PT02M56.00S,1,0,,1610612739,,,0,0,0,,0,0,0,0,v,Cavaliers Timeout: Regular (Reg.1 Short 0),Timeout,Regular,0,0
75,79,PT02M56.00S,1,1610612739,CLE,980,Ilgauskas,Z. Ilgauskas,0,0,0,,0,0,0,0,v,SUB: Marshall FOR Ilgauskas,Substitution,,0,0
76,80,PT02M56.00S,1,1610612739,CLE,727,Snow,E. Snow,0,0,0,,0,0,0,0,v,SUB: Pavlovic FOR Snow,Substitution,,0,0
77,81,PT02M48.00S,1,1610612754,IND,2224,Tinsley,J. Tinsley,0,45,5,Missed,1,0,0,0,h,MISS Tinsley 5' Jump Shot,Missed Shot,Jump Shot,0,0
78,82,PT02M47.00S,1,1610612754,IND,2224,Tinsley,J. Tinsley,0,0,0,,0,0,0,0,h,Tinsley REBOUND (Off:1 Def:1),Rebound,Unknown,0,0
79,83,PT02M45.00S,1,1610612754,IND,2224,Tinsley,J. Tinsley,-15,7,2,Made,1,8,21,29,h,Tinsley 2' Layup (2 PTS),Made Shot,Layup Shot,0,0
80,84,PT02M18.00S,1,1610612739,CLE,2400,Gooden,D. Gooden,-174,-3,17,Made,1,8,23,31,v,Gooden 17' Jump Shot (11 PTS) (Jones 2 AST),Made Shot,Jump Shot,0,0
81,85,PT02M06.00S,1,1610612739,CLE,1800,Jones,D. Jones,0,0,0,,0,0,0,0,v,Jones S.FOUL (P1.T3),Foul,Shooting,0,0
82,86,PT02M06.00S,1,1610612754,IND,2224,Tinsley,J. Tinsley,0,0,0,,0,9,23,32,h,Tinsley Free Throw 1 of 2 (3 PTS),Free Throw,Free Throw 1 of 2,0,0
83,87,PT02M06.00S,1,1610612754,IND,2224,Tinsley,J. Tinsley,0,0,0,,0,10,23,33,h,Tinsley Free Throw 2 of 2 (4 PTS),Free Throw,Free Throw 2 of 2,0,0
84,88,PT01M48.00S,1,1610612739,CLE,2562,Pavlovic,S. Pavlovic,-71,199,21,Made,1,10,25,35,v,Pavlovic 21' Jump Shot (2 PTS) (Jones 3 AST),Made Shot,Jump Shot,0,0
85,89,PT01M36.00S,1,1610612754,IND,1536,Jackson,S. Jackson,0,0,0,,0,0,0,0,h,Jackson Lost Ball Turnover (P1.T4),Turnover,Lost Ball,0,0
86,89,PT01M36.00S,1,1610612739,CLE,2562,Pavlovic,S. Pavlovic,0,0,0,,0,0,0,0,v,Pavlovic STEAL (1 STL),,,0,0
87,90,PT01M31.00S,1,1610612754,IND,1536,Jackson,S. Jackson,0,0,0,,0,0,0,0,h,Jackson T.FOUL (P0.T2),Foul,Technical,0,0
88,91,PT01M31.00S,1,1610612754,IND,2224,Tinsley,J. Tinsley,0,0,0,,0,0,0,0,h,SUB: Armstrong FOR Tinsley,Substitution,,0,0
89,92,PT01M31.00S,1,1610612754,IND,979,O'Neal,J. O'Neal,0,0,0,,0,0,0,0,h,SUB: Jasikevicius FOR O'Neal,Substitution,,0,0
90,93,PT01M31.00S,1,1610612739,CLE,1800,Jones,D. Jones,0,0,0,,0,10,26,36,v,Jones Free Throw Technical (6 PTS),Free Throw,Free Throw Technical,0,0
91,94,PT01M21.00S,1,1610612739,CLE,2400,Gooden,D. Gooden,0,0,0,,0,0,0,0,v,Gooden Bad Pass Turnover (P2.T5),Turnover,Bad Pass,0,0
92,95,PT01M21.00S,1,1610612739,CLE,2400,Gooden,D. Gooden,0,0,0,,0,0,0,0,v,SUB: Varejao FOR Gooden,Substitution,,0,0
93,96,PT01M12.00S,1,1610612739,CLE,923,Marshall,D. Marshall,0,0,0,,0,0,0,0,v,Marshall P.FOUL (P1.T4),Foul,Personal,0,0
94,97,PT01M01.00S,1,1610612754,IND,101122,Granger,D. Granger,-145,209,25,Missed,1,0,0,0,h,MISS Granger 25' 3PT Jump Shot,Missed Shot,Jump Shot,0,0
95,98,PT00M58.90S,1,1610612754,IND,1902,Foster,J. Foster,0,0,0,,0,0,0,0,h,Foster REBOUND (Off:1 Def:0),Rebound,Unknown,0,0
96,99,PT00M43.20S,1,1610612754,IND,1902,Foster,J. Foster,5,5,1,Made,1,12,26,38,h,Foster 1' Layup (2 PTS),Made Shot,Layup Shot,0,0
97,100,PT00M29.90S,1,1610612739,CLE,923,Marshall,D. Marshall,103,49,11,Missed,1,0,0,0,v,MISS Marshall 11' Jump Shot,Missed Shot,Jump Shot,0,0
98,101,PT00M26.80S,1,0,,1610612739,,,0,0,0,,0,0,0,0,v,Cavaliers Rebound,Rebound,Unknown,0,0
99,103,PT00M07.90S,1,1610612754,IND,101180,Jasikevicius,S. Jasikevicius,0,0,0,,0,0,0,0,h,Jasikevicius P.FOUL (P1.T3),Foul,Personal,0,0
100,104,PT00M06.90S,1,1610612754,IND,1536,Jackson,S. Jackson,0,0,0,,0,0,0,0,h,Jackson P.FOUL (P1.PN),Foul,Personal,0,0
101,105,PT00M06.90S,1,1610612739,CLE,2544,James,L. James,0,0,0,,0,0,0,0,v,MISS James Free Throw 1 of 2,Free Throw,Free Throw 1 of 2,0,0
102,106,PT00M06.90S,1,0,,1610612739,,,0,0,0,,0,0,0,0,v,Cavaliers Rebound,Rebound,Normal Rebound,0,0
103,107,PT00M06.90S,1,1610612739,CLE,923,Marshall,D. Marshall,0,0,0,,0,0,0,0,v,SUB: Snow FOR Marshall,Substitution,,0,0
104,108,PT00M06.90S,1,1610612739,CLE,2544,James,L. James,0,0,0,,0,12,27,39,v,James Free Throw 2 of 2 (6 PTS),Free Throw,Free Throw 2 of 2,0,0
105,109,PT00M00.00S,1,1610612754,IND,101122,Granger,D. Granger,-177,204,27,Missed,1,0,0,0,h,MISS Granger 27' 3PT Jump Shot,Missed Shot,Jump Shot,0,0
106,110,PT00M00.00S,1,0,,1610612754,,,0,0,0,,0,0,0,0,h,PACERS Rebound,Rebound,Unknown,0,0
107,111,PT00M00.00S,1,0,,0,,,0,0,0,,0,12,27,39,,End of 1st Period (8:38 PM EST),period,end,0,0
108,113,PT12M00.00S,2,0,,0,,,0,0,0,,0,12,27,39,,Start of 2nd Period (8:40 PM EST),period,start,0,0
109,114,PT11M46.00S,2,1610612754,IND,979,O'Neal,J. O'Neal,59,2,6,Missed,1,0,0,0,h,MISS O'Neal 6' Jump Shot,Missed Shot,Jump Shot,0,0
110,115,PT11M45.00S,2,1610612739,CLE,2760,Varejao,A. Varejao,0,0,0,,0,0,0,0,v,Varejao REBOUND (Off:0 Def:1),Rebound,Unknown,0,0
111,116,PT11M35.00S,2,1610612739,CLE,1800,Jones,D. Jones,0,0,0,,0,0,0,0,v,Jones Bad Pass Turnover (P1.T6),Turnover,Bad Pass,0,0
112,117,PT11M28.00S,2,1610612754,IND,979,O'Neal,J. O'Neal,13,7,1,Made,1,14,27,41,h,O'Neal 1' Layup (6 PTS) (Jasikevicius 1 AST),Made Shot,Layup Shot,0,0
113,118,PT11M28.00S,2,1610612739,CLE,2760,Varejao,A. Varejao,0,0,0,,0,0,0,0,v,Varejao S.FOUL (P1.T1),Foul,Shooting,0,0
114,120,PT11M28.00S,2,1610612754,IND,979,O'Neal,J. O'Neal,0,0,0,,0,15,27,42,h,O'Neal Free Throw 1 of 1 (7 PTS),Free Throw,Free Throw 1 of 1,0,0
115,121,PT11M12.00S,2,1610612739,CLE,2760,Varejao,A. Varejao,66,17,7,Made,1,15,29,44,v,Varejao 7' Jump Shot (2 PTS) (Ilgauskas 1 AST),Made Shot,Jump Shot,0,0
116,122,PT10M56.00S,2,1610612739,CLE,980,Ilgauskas,Z. Ilgauskas,0,0,0,,0,0,0,0,v,Ilgauskas S.FOUL (P2.T2),Foul,Shooting,0,0
117,123,PT10M56.00S,2,1610612754,IND,979,O'Neal,J. O'Neal,0,0,0,,0,16,29,45,h,O'Neal Free Throw 1 of 2 (8 PTS),Free Throw,Free Throw 1 of 2,0,0
118,124,PT10M56.00S,2,1610612754,IND,979,O'Neal,J. O'Neal,0,0,0,,0,0,0,0,h,MISS O'Neal Free Throw 2 of 2,Free Throw,Free Throw 2 of 2,0,0
119,125,PT10M54.00S,2,0,,1610612739,,,0,0,0,,0,0,0,0,v,Cavaliers Rebound,Rebound,Unknown,0,0
120,126,PT10M31.00S,2,1610612739,CLE,2760,Varejao,A. Varejao,0,0,0,,0,0,0,0,v,Varejao Traveling Turnover (P1.T7),Turnover,Traveling,0,0
121,127,PT10M15.00S,2,1610612754,IND,1902,Foster,J. Foster,-18,-13,2,Made,1,18,29,47,h,Foster 2' Layup (4 PTS) (Jackson 1 AST),Made Shot,Layup Shot,0,0
122,128,PT10M01.00S,2,1610612739,CLE,1800,Jones,D. Jones,-168,26,17,Missed,1,0,0,0,v,MISS Jones 17' Jump Shot,Missed Shot,Jump Shot,0,0
123,129,PT09M59.00S,2,1610612754,IND,101180,Jasikevicius,S. Jasikevicius,0,0,0,,0,0,0,0,h,Jasikevicius REBOUND (Off:0 Def:1),Rebound,Unknown,0,0
124,130,PT09M52.00S,2,1610612739,CLE,2760,Varejao,A. Varejao,0,0,0,,0,0,0,0,v,Varejao S.FOUL (P2.T3),Foul,Shooting,0,0
125,131,PT09M52.00S,2,1610612754,IND,1902,Foster,J. Foster,0,0,0,,0,19,29,48,h,Foster Free Throw 1 of 2 (5 PTS),Free Throw,Free Throw 1 of 2,0,0
126,132,PT09M52.00S,2,1610612739,CLE,980,Ilgauskas,Z. Ilgauskas,0,0,0,,0,0,0,0,v,SUB: Marshall FOR Ilgauskas,Substitution,,0,0
127,133,PT09M52.00S,2,1610612739,CLE,727,Snow,E. Snow,0,0,0,,0,0,0,0,v,SUB: James FOR Snow,Substitution,,0,0
128,134,PT09M52.00S,2,1610612754,IND,1902,Foster,J. Foster,0,0,0,,0,20,29,49,h,Foster Free Throw 2 of 2 (6 PTS),Free Throw,Free Throw 2 of 2,0,0
129,135,PT09M47.00S,2,1610612754,IND,353,Armstrong,D. Armstrong,0,0,0,,0,0,0,0,h,Armstrong P.FOUL (P1.T1),Foul,Personal,0,0
130,136,PT09M31.00S,2,1610612754,IND,1536,Jackson,S. Jackson,0,0,0,,0,0,0,0,h,Jackson P.FOUL (P2.T2),Foul,Personal,0,0
131,137,PT09M31.00S,2,1610612739,CLE,2544,James,L. James,0,0,0,,0,20,30,50,v,James Free Throw 1 of 2 (7 PTS),Free Throw,Free Throw 1 of 2,0,0
132,138,PT09M31.00S,2,1610612739,CLE,2544,James,L. James,0,0,0,,0,20,31,51,v,James Free Throw 2 of 2 (8 PTS),Free Throw,Free Throw 2 of 2,0,0
133,140,PT09M20.00S,2,1610612754,IND,353,Armstrong,D. Armstrong,236,7,24,Missed,1,0,0,0,h,MISS Armstrong 24' 3PT Jump Shot,Missed Shot,Jump Shot,0,0
134,141,PT09M18.00S,2,1610612754,IND,1902,Foster,J. Foster,0,0,0,,0,0,0,0,h,Foster REBOUND (Off:2 Def:0),Rebound,Unknown,0,0
135,142,PT09M10.00S,2,1610612754,IND,1902,Foster,J. Foster,-10,28,3,Made,1,22,31,53,h,Foster 3' Jump Hook Shot (8 PTS) (Jasikevicius 2 AST),Made Shot,Jump Hook Shot,0,0
136,143,PT08M54.00S,2,1610612739,CLE,2760,Varejao,A. Varejao,29,28,4,Missed,1,0,0,0,v,MISS Varejao 4' Jump Shot,Missed Shot,Jump Shot,0,0
137,143,PT08M54.00S,2,1610612754,IND,1902,Foster,J. Foster,0,0,0,,0,0,0,0,h,Foster BLOCK (1 BLK),,,0,0
138,144,PT08M54.00S,2,0,,1610612739,,,0,0,0,,0,0,0,0,v,Cavaliers Rebound,Rebound,Unknown,0,0
139,145,PT08M54.00S,2,0,,0,,,0,0,0,,0,0,0,0,,Timeout: Official,Timeout,Official,0,0
140,147,PT08M45.00S,2,1610612739,CLE,2760,Varejao,A. Varejao,10,18,2,Made,1,22,33,55,v,Varejao 2' Layup (4 PTS) (James 1 AST),Made Shot,Layup Shot,0,0
141,148,PT08M30.00S,2,1610612754,IND,353,Armstrong,D. Armstrong,235,5,24,Missed,1,0,0,0,h,MISS Armstrong 24' 3PT Jump Shot,Missed Shot,Jump Shot,0,0
142,149,PT08M28.00S,2,1610612739,CLE,923,Marshall,D. Marshall,0,0,0,,0,0,0,0,v,Marshall REBOUND (Off:0 Def:1),Rebound,Unknown,0,0
143,150,PT08M23.00S,2,1610612754,IND,101180,Jasikevicius,S. Jasikevicius,0,0,0,,0,0,0,0,h,Jasikevicius S.FOUL (P2.T3),Foul,Shooting,0,0
144,151,PT08M23.00S,2,1610612739,CLE,2544,James,L. James,0,0,0,,0,22,34,56,v,James Free Throw 1 of 2 (9 PTS),Free Throw,Free Throw 1 of 2,0,0
145,152,PT08M23.00S,2,1610612739,CLE,2544,James,L. James,0,0,0,,0,22,35,57,v,James Free Throw 2 of 2 (10 PTS),Free Throw,Free Throw 2 of 2,0,0
146,153,PT08M07.00S,2,1610612754,IND,1536,Jackson,S. Jackson,-187,187,26,Missed,1,0,0,0,h,MISS Jackson 26' 3PT Jump Shot,Missed Shot,Jump Shot,0,0
147,154,PT08M06.00S,2,1610612754,IND,979,O'Neal,J. O'Neal,0,0,0,,0,0,0,0,h,O'Neal REBOUND (Off:1 Def:1),Rebound,Unknown,0,0
148,155,PT08M02.00S,2,1610612754,IND,353,Armstrong,D. Armstrong,-238,0,24,Missed,1,0,0,0,h,MISS Armstrong 24' 3PT Jump Shot,Missed Shot,Jump Shot,0,0
149,156,PT08M01.00S,2,1610612739,CLE,2562,Pavlovic,S. Pavlovic,0,0,0,,0,0,0,0,v,Pavlovic REBOUND (Off:0 Def:1),Rebound,Unknown,0,0
150,157,PT07M55.00S,2,1610612739,CLE,1800,Jones,D. Jones,-166,196,26,Made,1,22,38,60,v,Jones 26' 3PT Jump Shot (9 PTS),Made Shot,Jump Shot,0,0
151,158,PT07M47.00S,2,0,,1610612754,,,0,0,0,,0,0,0,0,h,PACERS Timeout: Regular (Full 2 Short 1),Timeout,Regular,0,0
152,160,PT07M47.00S,2,1610612754,IND,1536,Jackson,S. Jackson,0,0,0,,0,0,0,0,h,SUB: Granger FOR Jackson,Substitution,,0,0
153,161,PT07M47.00S,2,1610612754,IND,1902,Foster,J. Foster,0,0,0,,0,0,0,0,h,SUB: Harrington FOR Foster,Substitution,,0,0
154,162,PT07M47.00S,2,1610612754,IND,353,Armstrong,D. Armstrong,0,0,0,,0,0,0,0,h,SUB: Tinsley FOR Armstrong,Substitution,,0,0
155,164,PT07M39.00S,2,1610612754,IND,1733,Harrington,A. Harrington,92,184,21,Missed,1,0,0,0,h,MISS Harrington 21' Jump Shot,Missed Shot,Jump Shot,0,0
156,165,PT07M37.00S,2,1610612739,CLE,2544,James,L. James,0,0,0,,0,0,0,0,v,James REBOUND (Off:0 Def:3),Rebound,Unknown,0,0
157,166,PT07M25.00S,2,1610612739,CLE,923,Marshall,D. Marshall,0,0,0,,0,0,0,0,v,Marshall OFF.Foul (P2),Foul,Offensive,0,0
158,167,PT07M25.00S,2,1610612739,CLE,923,Marshall,D. Marshall,0,0,0,,0,0,0,0,v,Marshall Foul Turnover (P1.T8),Turnover,Foul,0,0
159,168,PT07M13.00S,2,1610612754,IND,979,O'Neal,J. O'Neal,-11,12,2,Made,1,24,38,62,h,O'Neal 2' Layup (10 PTS) (Tinsley 3 AST),Made Shot,Layup Shot,0,0
160,169,PT06M58.00S,2,1610612739,CLE,2760,Varejao,A. Varejao,18,5,2,Made,1,24,40,64,v,Varejao 2' Layup (6 PTS) (James 2 AST),Made Shot,Layup Shot,0,0
161,170,PT06M43.00S,2,1610612739,CLE,2562,Pavlovic,S. Pavlovic,0,0,0,,0,0,0,0,v,Pavlovic S.FOUL (P1.T4),Foul,Shooting,0,0
162,171,PT06M43.00S,2,1610612754,IND,979,O'Neal,J. O'Neal,0,0,0,,0,25,40,65,h,O'Neal Free Throw 1 of 2 (11 PTS),Free Throw,Free Throw 1 of 2,0,0
163,172,PT06M43.00S,2,1610612754,IND,979,O'Neal,J. O'Neal,0,0,0,,0,26,40,66,h,O'Neal Free Throw 2 of 2 (12 PTS),Free Throw,Free Throw 2 of 2,0,0
164,173,PT06M24.00S,2,1610612739,CLE,2562,Pavlovic,S. Pavlovic,20,25,3,Missed,1,0,0,0,v,MISS Pavlovic 3' Jump Shot,Missed Shot,Jump Shot,0,0
165,173,PT06M24.00S,2,1610612754,IND,979,O'Neal,J. O'Neal,0,0,0,,0,0,0,0,h,O'Neal BLOCK (2 BLK),,,0,0
166,174,PT06M22.00S,2,1610612754,IND,1733,Harrington,A. Harrington,0,0,0,,0,0,0,0,h,Harrington REBOUND (Off:0 Def:2),Rebound,Unknown,0,0
167,175,PT06M16.00S,2,1610612739,CLE,2562,Pavlovic,S. Pavlovic,0,0,0,,0,0,0,0,v,Pavlovic S.FOUL (P2.PN),Foul,Shooting,0,0
168,176,PT06M16.00S,2,1610612754,IND,2224,Tinsley,J. Tinsley,0,0,0,,0,0,0,0,h,Tinsley T.FOUL (P0.T3),Foul,Technical,0,0
169,177,PT06M16.00S,2,1610612739,CLE,1800,Jones,D. Jones,0,0,0,,0,0,0,0,v,MISS Jones Free Throw Technical,Free Throw,Free Throw Technical,0,0
170,178,PT06M16.00S,2,0,,1610612754,,,0,0,0,,0,0,0,0,h,PACERS Rebound,Rebound,Normal Rebound,0,0
171,179,PT06M16.00S,2,1610612754,IND,2224,Tinsley,J. Tinsley,0,0,0,,0,27,40,67,h,Tinsley Free Throw 1 of 2 (5 PTS),Free Throw,Free Throw 1 of 2,0,0
172,180,PT06M16.00S,2,1610612754,IND,2224,Tinsley,J. Tinsley,0,0,0,,0,28,40,68,h,Tinsley Free Throw 2 of 2 (6 PTS),Free Throw,Free Throw 2 of 2,0,0
173,181,PT05M58.00S,2,1610612739,CLE,1800,Jones,D. Jones,-235,-1,24,Missed,1,0,0,0,v,MISS Jones 24' 3PT Jump Shot,Missed Shot,Jump Shot,0,0
174,182,PT05M57.00S,2,1610612739,CLE,923,Marshall,D. Marshall,0,0,0,,0,0,0,0,v,Marshall REBOUND (Off:1 Def:1),Rebound,Unknown,0,0
175,183,PT05M57.00S,2,1610612739,CLE,923,Marshall,D. Marshall,10,-1,1,Made,1,28,42,70,v,Marshall 1' Layup (2 PTS),Made Shot,Layup Shot,0,0
176,184,PT05M57.00S,2,1610612754,IND,2224,Tinsley,J. Tinsley,0,0,0,,0,0,0,0,h,Tinsley S.FOUL (P1.T4),Foul,Shooting,0,0
177,185,PT05M57.00S,2,1610612739,CLE,2760,Varejao,A. Varejao,0,0,0,,0,0,0,0,v,SUB: Gooden FOR Varejao,Substitution,,0,0
178,186,PT05M57.00S,2,1610612739,CLE,923,Marshall,D. Marshall,0,0,0,,0,28,43,71,v,Marshall Free Throw 1 of 1 (3 PTS),Free Throw,Free Throw 1 of 1,0,0
179,188,PT05M43.00S,2,1610612754,IND,101180,Jasikevicius,S. Jasikevicius,149,-8,15,Missed,1,0,0,0,h,MISS Jasikevicius 15' Jump Shot,Missed Shot,Jump Shot,0,0
180,189,PT05M43.00S,2,1610612754,IND,979,O'Neal,J. O'Neal,0,0,0,,0,0,0,0,h,O'Neal REBOUND (Off:2 Def:1),Rebound,Unknown,0,0
181,190,PT05M43.00S,2,1610612739,CLE,2400,Gooden,D. Gooden,0,0,0,,0,0,0,0,v,Gooden L.B.FOUL (P1.PN),Foul,Loose Ball,0,0
182,191,PT05M43.00S,2,1610612754,IND,979,O'Neal,J. O'Neal,0,0,0,,0,0,0,0,h,MISS O'Neal Free Throw 1 of 2,Free Throw,Free Throw 1 of 2,0,0
183,192,PT05M43.00S,2,0,,1610612754,,,0,0,0,,0,0,0,0,h,PACERS Rebound,Rebound,Normal Rebound,0,0
184,193,PT05M43.00S,2,1610612754,IND,979,O'Neal,J. O'Neal,0,0,0,,0,29,43,72,h,O'Neal Free Throw 2 of 2 (13 PTS),Free Throw,Free Throw 2 of 2,0,0
185,194,PT05M35.00S,2,1610612754,IND,101122,Granger,D. Granger,0,0,0,,0,0,0,0,h,Granger P.FOUL (P2.PN),Foul,Personal,0,0
186,195,PT05M35.00S,2,1610612739,CLE,2544,James,L. James,0,0,0,,0,29,44,73,v,James Free Throw 1 of 2 (11 PTS),Free Throw,Free Throw 1 of 2,0,0
187,196,PT05M35.00S,2,1610612739,CLE,2544,James,L. James,0,0,0,,0,29,45,74,v,James Free Throw 2 of 2 (12 PTS),Free Throw,Free Throw 2 of 2,0,0
188,197,PT05M29.00S,2,1610612739,CLE,2544,James,L. James,0,0,0,,0,0,0,0,v,James P.FOUL (P1.PN),Foul,Personal,0,0
189,198,PT05M29.00S,2,1610612754,IND,2224,Tinsley,J. Tinsley,0,0,0,,0,30,45,75,h,Tinsley Free Throw 1 of 2 (7 PTS),Free Throw,Free Throw 1 of 2,0,0
190,199,PT05M29.00S,2,1610612754,IND,2224,Tinsley,J. Tinsley,0,0,0,,0,31,45,76,h,Tinsley Free Throw 2 of 2 (8 PTS),Free Throw,Free Throw 2 of 2,0,0
191,200,PT05M16.00S,2,1610612739,CLE,2400,Gooden,D. Gooden,10,3,1,Made,1,31,47,78,v,Gooden 1' Layup (13 PTS) (James 3 AST),Made Shot,Layup Shot,0,0
192,201,PT04M51.00S,2,1610612754,IND,101180,Jasikevicius,S. Jasikevicius,39,104,11,Missed,1,0,0,0,h,MISS Jasikevicius 11' Jump Shot,Missed Shot,Jump Shot,0,0
193,203,PT04M49.00S,2,1610612754,IND,1733,Harrington,A. Harrington,0,0,0,,0,0,0,0,h,Harrington REBOUND (Off:1 Def:2),Rebound,Unknown,0,0
194,202,PT04M49.00S,2,1610612754,IND,1733,Harrington,A. Harrington,-8,22,2,Made,1,33,47,80,h,Harrington 2' Tip Shot (4 PTS),Made Shot,Tip Shot,0,0
195,204,PT04M32.00S,2,1610612739,CLE,2544,James,L. James,0,0,0,,0,0,0,0,v,James Lost Ball Turnover (P2.T9),Turnover,Lost Ball,0,0
196,204,PT04M32.00S,2,1610612754,IND,101122,Granger,D. Granger,0,0,0,,0,0,0,0,h,Granger STEAL (1 STL),,,0,0
197,205,PT04M26.00S,2,1610612754,IND,2224,Tinsley,J. Tinsley,13,-5,1,Made,1,35,47,82,h,Tinsley 1' Layup (10 PTS) (Granger 1 AST),Made Shot,Layup Shot,0,0
198,206,PT04M04.00S,2,1610612739,CLE,1800,Jones,D. Jones,0,0,0,,0,0,0,0,v,Jones Lost Ball Turnover (P2.T10),Turnover,Lost Ball,0,0
199,206,PT04M04.00S,2,1610612754,IND,101122,Granger,D. Granger,0,0,0,,0,0,0,0,h,Granger STEAL (2 STL),,,0,0
200,207,PT04M00.00S,2,1610612754,IND,1733,Harrington,A. Harrington,-18,2,2,Made,1,37,47,84,h,Harrington 2' Layup (6 PTS) (Jasikevicius 3 AST),Made Shot,Layup Shot,0,0
201,208,PT03M59.00S,2,0,,1610612739,,,0,0,0,,0,0,0,0,v,Cavaliers Timeout: Regular (Reg.2 Short 0),Timeout,Regular,0,0
202,212,PT03M59.00S,2,1610612739,CLE,1800,Jones,D. Jones,0,0,0,,0,0,0,0,v,SUB: Snow FOR Jones,Substitution,,0,0
203,213,PT03M59.00S,2,1610612739,CLE,923,Marshall,D. Marshall,0,0,0,,0,0,0,0,v,SUB: Ilgauskas FOR Marshall,Substitution,,0,0
204,214,PT03M38.00S,2,1610612739,CLE,2562,Pavlovic,S. Pavlovic,38,92,10,Missed,1,0,0,0,v,MISS Pavlovic 10' Jump Shot,Missed Shot,Jump Shot,0,0
205,215,PT03M36.00S,2,1610612754,IND,1733,Harrington,A. Harrington,0,0,0,,0,0,0,0,h,Harrington REBOUND (Off:1 Def:3),Rebound,Unknown,0,0
206,216,PT03M21.00S,2,1610612754,IND,101180,Jasikevicius,S. Jasikevicius,241,28,24,Made,1,40,47,87,h,Jasikevicius 24' 3PT Jump Shot (3 PTS) (Tinsley 4 AST),Made Shot,Jump Shot,0,0
207,217,PT02M55.00S,2,1610612739,CLE,2544,James,L. James,-161,12,16,Missed,1,0,0,0,v,MISS James 16' Jump Shot,Missed Shot,Jump Shot,0,0
208,218,PT02M54.00S,2,1610612739,CLE,2400,Gooden,D. Gooden,0,0,0,,0,0,0,0,v,Gooden REBOUND (Off:3 Def:2),Rebound,Unknown,0,0
209,219,PT02M41.00S,2,1610612739,CLE,2544,James,L. James,112,45,12,Made,1,40,49,89,v,James 12' Jump Bank Shot (14 PTS),Made Shot,Jump Bank Shot,0,0
210,220,PT02M28.00S,2,1610612754,IND,1733,Harrington,A. Harrington,144,28,15,Missed,1,0,0,0,h,MISS Harrington 15' Jump Shot,Missed Shot,Jump Shot,0,0
211,221,PT02M26.00S,2,1610612739,CLE,727,Snow,E. Snow,0,0,0,,0,0,0,0,v,Snow REBOUND (Off:0 Def:1),Rebound,Unknown,0,0
212,222,PT02M21.00S,2,1610612739,CLE,2400,Gooden,D. Gooden,-166,2,17,Made,1,40,51,91,v,Gooden 17' Jump Shot (15 PTS) (Snow 1 AST),Made Shot,Jump Shot,0,0
213,223,PT02M10.00S,2,1610612739,CLE,980,Ilgauskas,Z. Ilgauskas,0,0,0,,0,0,0,0,v,Ilgauskas P.FOUL (P3.PN),Foul,Personal,0,0
214,224,PT02M10.00S,2,1610612739,CLE,2562,Pavlovic,S. Pavlovic,0,0,0,,0,0,0,0,v,SUB: Varejao FOR Pavlovic,Substitution,,0,0
215,225,PT02M10.00S,2,1610612739,CLE,980,Ilgauskas,Z. Ilgauskas,0,0,0,,0,0,0,0,v,SUB: Wesley FOR Ilgauskas,Substitution,,0,0
216,226,PT02M10.00S,2,1610612754,IND,979,O'Neal,J. O'Neal,0,0,0,,0,41,51,92,h,O'Neal Free Throw 1 of 2 (14 PTS),Free Throw,Free Throw 1 of 2,0,0
217,227,PT02M10.00S,2,1610612754,IND,979,O'Neal,J. O'Neal,0,0,0,,0,42,51,93,h,O'Neal Free Throw 2 of 2 (15 PTS),Free Throw,Free Throw 2 of 2,0,0
218,228,PT01M53.00S,2,1610612739,CLE,2760,Varejao,A. Varejao,-26,61,7,Made,1,42,53,95,v,Varejao 7' Jump Shot (8 PTS) (James 4 AST),Made Shot,Jump Shot,0,0
219,229,PT01M43.00S,2,1610612754,IND,2224,Tinsley,J. Tinsley,102,10,10,Missed,1,0,0,0,h,MISS Tinsley 10' Jump Shot,Missed Shot,Jump Shot,0,0
220,230,PT01M41.00S,2,1610612739,CLE,2544,James,L. James,0,0,0,,0,0,0,0,v,James REBOUND (Off:0 Def:4),Rebound,Unknown,0,0
221,231,PT01M29.00S,2,1610612739,CLE,727,Snow,E. Snow,-161,-5,16,Missed,1,0,0,0,v,MISS Snow 16' Jump Shot,Missed Shot,Jump Shot,0,0
222,232,PT01M28.00S,2,1610612754,IND,1733,Harrington,A. Harrington,0,0,0,,0,0,0,0,h,Harrington REBOUND (Off:1 Def:4),Rebound,Unknown,0,0
223,233,PT01M20.00S,2,1610612754,IND,101122,Granger,D. Granger,235,63,24,Missed,1,0,0,0,h,MISS Granger 24' 3PT Jump Shot,Missed Shot,Jump Shot,0,0
224,234,PT01M19.00S,2,1610612739,CLE,727,Snow,E. Snow,0,0,0,,0,0,0,0,v,Snow REBOUND (Off:0 Def:2),Rebound,Unknown,0,0
225,235,PT01M11.00S,2,1610612739,CLE,2544,James,L. James,-237,38,24,Made,1,42,56,98,v,James 24' 3PT Jump Shot (17 PTS) (Snow 2 AST),Made Shot,Jump Shot,0,0
226,236,PT00M51.90S,2,1610612754,IND,2224,Tinsley,J. Tinsley,-110,232,26,Missed,1,0,0,0,h,MISS Tinsley 26' 3PT Jump Shot,Missed Shot,Jump Shot,0,0
227,237,PT00M49.50S,2,0,,1610612739,,,0,0,0,,0,0,0,0,v,Cavaliers Rebound,Rebound,Unknown,0,0
228,238,PT00M49.50S,2,1610612754,IND,101122,Granger,D. Granger,0,0,0,,0,0,0,0,h,SUB: Jackson FOR Granger,Substitution,,0,0
229,239,PT00M37.90S,2,1610612739,CLE,2760,Varejao,A. Varejao,97,137,17,Missed,1,0,0,0,v,MISS Varejao 17' Jump Shot,Missed Shot,Jump Shot,0,0
230,240,PT00M36.90S,2,1610612754,IND,2224,Tinsley,J. Tinsley,0,0,0,,0,0,0,0,h,Tinsley REBOUND (Off:1 Def:2),Rebound,Unknown,0,0
231,241,PT00M33.50S,2,1610612739,CLE,133,Wesley,D. Wesley,0,0,0,,0,0,0,0,v,Wesley P.FOUL (P2.PN),Foul,Personal,0,0
232,242,PT00M33.50S,2,1610612754,IND,2224,Tinsley,J. Tinsley,0,0,0,,0,43,56,99,h,Tinsley Free Throw 1 of 2 (11 PTS),Free Throw,Free Throw 1 of 2,0,0
233,243,PT00M33.50S,2,1610612754,IND,1536,Jackson,S. Jackson,0,0,0,,0,0,0,0,h,SUB: Armstrong FOR Jackson,Substitution,,0,0
234,244,PT00M33.50S,2,1610612754,IND,101180,Jasikevicius,S. Jasikevicius,0,0,0,,0,0,0,0,h,SUB: Marshall FOR Jasikevicius,Substitution,,0,0
235,245,PT00M33.50S,2,1610612754,IND,2224,Tinsley,J. Tinsley,0,0,0,,0,44,56,100,h,Tinsley Free Throw 2 of 2 (12 PTS),Free Throw,Free Throw 2 of 2,0,0
236,246,PT00M15.10S,2,1610612739,CLE,727,Snow,E. Snow,0,0,0,,0,0,0,0,v,Snow Palming Turnover (P2.T11),Turnover,Palming Turnover,0,0
237,247,PT00M15.10S,2,1610612754,IND,101185,Marshall,R. Marshall,0,0,0,,0,0,0,0,h,SUB: Jasikevicius FOR Marshall,Substitution,,0,0
238,248,PT00M01.90S,2,1610612754,IND,979,O'Neal,J. O'Neal,-205,-13,21,Missed,1,0,0,0,h,MISS O'Neal 21' Jump Shot,Missed Shot,Jump Shot,0,0
239,249,PT00M00.10S,2,1610612739,CLE,2400,Gooden,D. Gooden,0,0,0,,0,0,0,0,v,Gooden REBOUND (Off:3 Def:3),Rebound,Unknown,0,0
240,250,PT00M00.00S,2,0,,0,,,0,0,0,,0,44,56,100,,End of 2nd Period (9:13 PM EST),period,end,0,0
241,252,PT12M00.00S,3,0,,0,,,0,0,0,,0,44,56,100,,Start of 3rd Period (9:30 PM EST),period,start,0,0
242,253,PT11M40.00S,3,1610612754,IND,1536,Jackson,S. Jackson,-159,128,20,Made,1,46,56,102,h,Jackson 20' Jump Shot (2 PTS) (O'Neal 1 AST),Made Shot,Jump Shot,0,0
243,254,PT11M21.00S,3,1610612739,CLE,727,Snow,E. Snow,0,0,0,,0,0,0,0,v,Snow Palming Turnover (P3.T12),Turnover,Palming Turnover,0,0
244,255,PT11M04.00S,3,1610612754,IND,2224,Tinsley,J. Tinsley,-103,99,14,Missed,1,0,0,0,h,MISS Tinsley 14' Jump Shot,Missed Shot,Jump Shot,0,0
245,256,PT11M02.00S,3,1610612739,CLE,2400,Gooden,D. Gooden,0,0,0,,0,0,0,0,v,Gooden REBOUND (Off:3 Def:4),Rebound,Unknown,0,0
246,257,PT10M46.00S,3,1610612739,CLE,133,Wesley,D. Wesley,0,0,0,,0,0,0,0,v,Wesley Lost Ball Turnover (P1.T13),Turnover,Lost Ball,0,0
247,257,PT10M46.00S,3,1610612754,IND,2224,Tinsley,J. Tinsley,0,0,0,,0,0,0,0,h,Tinsley STEAL (2 STL),,,0,0
248,258,PT10M31.00S,3,1610612739,CLE,2544,James,L. James,0,0,0,,0,0,0,0,v,James P.FOUL (P2.T1),Foul,Personal,0,0
249,259,PT10M31.00S,3,1610612754,IND,979,O'Neal,J. O'Neal,0,0,0,,0,47,56,103,h,O'Neal Free Throw 1 of 2 (16 PTS),Free Throw,Free Throw 1 of 2,0,0
250,260,PT10M31.00S,3,1610612754,IND,979,O'Neal,J. O'Neal,0,0,0,,0,48,56,104,h,O'Neal Free Throw 2 of 2 (17 PTS),Free Throw,Free Throw 2 of 2,0,0
251,261,PT10M15.00S,3,1610612754,IND,1733,Harrington,A. Harrington,0,0,0,,0,0,0,0,h,Harrington P.FOUL (P2.T1),Foul,Personal,0,0
252,262,PT10M02.00S,3,1610612739,CLE,980,Ilgauskas,Z. Ilgauskas,-25,45,5,Made,1,48,58,106,v,Ilgauskas 5' Jump Shot (2 PTS) (Snow 3 AST),Made Shot,Jump Shot,0,0
253,263,PT09M41.00S,3,1610612754,IND,1536,Jackson,S. Jackson,-11,255,26,Missed,1,0,0,0,h,MISS Jackson 26' 3PT Jump Shot,Missed Shot,Jump Shot,0,0
254,264,PT09M39.00S,3,1610612739,CLE,980,Ilgauskas,Z. Ilgauskas,0,0,0,,0,0,0,0,v,Ilgauskas REBOUND (Off:0 Def:8),Rebound,Unknown,0,0
255,265,PT09M19.00S,3,1610612739,CLE,980,Ilgauskas,Z. Ilgauskas,-135,-6,14,Missed,1,0,0,0,v,MISS Ilgauskas 14' Jump Shot,Missed Shot,Jump Shot,0,0
256,266,PT09M18.00S,3,1610612754,IND,1733,Harrington,A. Harrington,0,0,0,,0,0,0,0,h,Harrington REBOUND (Off:1 Def:5),Rebound,Unknown,0,0
257,267,PT09M04.00S,3,1610612754,IND,2224,Tinsley,J. Tinsley,-64,-13,7,Missed,1,0,0,0,h,MISS Tinsley 7' Jump Shot,Missed Shot,Jump Shot,0,0
258,269,PT09M02.00S,3,1610612754,IND,101122,Granger,D. Granger,0,0,0,,0,0,0,0,h,Granger REBOUND (Off:2 Def:1),Rebound,Unknown,0,0
259,268,PT09M02.00S,3,1610612754,IND,101122,Granger,D. Granger,-25,23,3,Missed,1,0,0,0,h,MISS Granger 3' Layup,Missed Shot,Layup Shot,0,0
260,270,PT09M01.00S,3,1610612739,CLE,2400,Gooden,D. Gooden,0,0,0,,0,0,0,0,v,Gooden REBOUND (Off:3 Def:5),Rebound,Unknown,0,0
261,271,PT09M01.00S,3,1610612754,IND,2224,Tinsley,J. Tinsley,0,0,0,,0,0,0,0,h,Tinsley L.B.FOUL (P2.T2),Foul,Loose Ball,0,0
262,273,PT08M45.00S,3,1610612739,CLE,980,Ilgauskas,Z. Ilgauskas,0,0,0,,0,0,0,0,v,Ilgauskas Lost Ball Turnover (P2.T14),Turnover,Lost Ball,0,0
263,273,PT08M45.00S,3,1610612754,IND,1536,Jackson,S. Jackson,0,0,0,,0,0,0,0,h,Jackson STEAL (1 STL),,,0,0
264,274,PT08M40.00S,3,1610612754,IND,1536,Jackson,S. Jackson,-6,20,2,Missed,1,0,0,0,h,MISS Jackson 2' Layup,Missed Shot,Layup Shot,0,0
265,275,PT08M38.00S,3,1610612739,CLE,980,Ilgauskas,Z. Ilgauskas,0,0,0,,0,0,0,0,v,Ilgauskas REBOUND (Off:0 Def:9),Rebound,Unknown,0,0
266,276,PT08M33.00S,3,1610612739,CLE,2544,James,L. James,-110,135,17,Missed,1,0,0,0,v,MISS James 17' Jump Shot,Missed Shot,Jump Shot,0,0
267,277,PT08M32.00S,3,1610612754,IND,979,O'Neal,J. O'Neal,0,0,0,,0,0,0,0,h,O'Neal REBOUND (Off:2 Def:2),Rebound,Unknown,0,0
268,278,PT08M10.00S,3,1610612754,IND,979,O'Neal,J. O'Neal,-2,0,0,Made,1,50,58,108,h,O'Neal  Dunk (19 PTS) (Tinsley 5 AST),Made Shot,Dunk Shot,0,0
269,279,PT07M41.00S,3,1610612739,CLE,2544,James,L. James,-153,68,17,Missed,1,0,0,0,v,MISS James 17' Jump Shot,Missed Shot,Jump Shot,0,0
270,280,PT07M40.00S,3,1610612754,IND,979,O'Neal,J. O'Neal,0,0,0,,0,0,0,0,h,O'Neal REBOUND (Off:2 Def:3),Rebound,Unknown,0,0
271,281,PT07M31.00S,3,1610612754,IND,979,O'Neal,J. O'Neal,82,148,17,Missed,1,0,0,0,h,MISS O'Neal 17' Jump Shot,Missed Shot,Jump Shot,0,0
272,282,PT07M30.00S,3,1610612739,CLE,2400,Gooden,D. Gooden,0,0,0,,0,0,0,0,v,Gooden REBOUND (Off:3 Def:6),Rebound,Unknown,0,0
273,283,PT07M19.00S,3,1610612739,CLE,727,Snow,E. Snow,179,30,18,Missed,1,0,0,0,v,MISS Snow 18' Jump Shot,Missed Shot,Jump Shot,0,0
274,284,PT07M14.00S,3,1610612739,CLE,980,Ilgauskas,Z. Ilgauskas,0,0,0,,0,0,0,0,v,Ilgauskas REBOUND (Off:1 Def:9),Rebound,Unknown,0,0
275,285,PT07M02.00S,3,1610612739,CLE,2400,Gooden,D. Gooden,-97,133,16,Made,1,50,60,110,v,Gooden 16' Jump Shot (17 PTS) (Snow 4 AST),Made Shot,Jump Shot,0,0
276,286,PT06M44.00S,3,1610612739,CLE,2400,Gooden,D. Gooden,0,0,0,,0,0,0,0,v,Gooden P.FOUL (P2.T2),Foul,Personal,0,0
277,287,PT06M34.00S,3,1610612754,IND,1733,Harrington,A. Harrington,20,3,2,Made,1,52,60,112,h,Harrington 2' Reverse Layup (8 PTS),Made Shot,Reverse Layup Shot,0,0
278,288,PT06M19.00S,3,1610612754,IND,2224,Tinsley,J. Tinsley,0,0,0,,0,0,0,0,h,Tinsley P.FOUL (P3.T3),Foul,Personal,0,0
279,289,PT06M13.00S,3,1610612739,CLE,727,Snow,E. Snow,-3,46,5,Missed,1,0,0,0,v,MISS Snow 5' Jump Shot,Missed Shot,Jump Shot,0,0
280,289,PT06M13.00S,3,1610612754,IND,979,O'Neal,J. O'Neal,0,0,0,,0,0,0,0,h,O'Neal BLOCK (3 BLK),,,0,0
281,290,PT06M12.00S,3,0,,1610612739,,,0,0,0,,0,0,0,0,v,Cavaliers Rebound,Rebound,Unknown,0,0
282,291,PT06M07.00S,3,1610612739,CLE,2544,James,L. James,177,2,18,Missed,1,0,0,0,v,MISS James 18' Jump Shot,Missed Shot,Jump Shot,0,0
283,292,PT06M05.00S,3,1610612754,IND,2224,Tinsley,J. Tinsley,0,0,0,,0,0,0,0,h,Tinsley REBOUND (Off:1 Def:3),Rebound,Unknown,0,0
284,293,PT06M01.00S,3,1610612739,CLE,133,Wesley,D. Wesley,0,0,0,,0,0,0,0,v,Wesley S.FOUL (P3.T3),Foul,Shooting,0,0
285,294,PT06M01.00S,3,1610612754,IND,1733,Harrington,A. Harrington,0,0,0,,0,0,0,0,h,MISS Harrington Free Throw 1 of 2,Free Throw,Free Throw 1 of 2,0,0
286,295,PT06M01.00S,3,0,,1610612754,,,0,0,0,,0,0,0,0,h,PACERS Rebound,Rebound,Normal Rebound,0,0
287,296,PT06M01.00S,3,1610612754,IND,1733,Harrington,A. Harrington,0,0,0,,0,0,0,0,h,MISS Harrington Free Throw 2 of 2,Free Throw,Free Throw 2 of 2,0,0
288,297,PT06M01.00S,3,1610612739,CLE,2400,Gooden,D. Gooden,0,0,0,,0,0,0,0,v,Gooden REBOUND (Off:3 Def:7),Rebound,Unknown,0,0
289,298,PT05M52.00S,3,1610612739,CLE,133,Wesley,D. Wesley,-210,15,21,Missed,1,0,0,0,v,MISS Wesley 21' Jump Shot,Missed Shot,Jump Shot,0,0
290,299,PT05M50.00S,3,1610612754,IND,101122,Granger,D. Granger,0,0,0,,0,0,0,0,h,Granger REBOUND (Off:2 Def:2),Rebound,Unknown,0,0
291,300,PT05M41.00S,3,1610612754,IND,2224,Tinsley,J. Tinsley,-125,160,20,Missed,1,0,0,0,h,MISS Tinsley 20' Jump Shot,Missed Shot,Jump Shot,0,0
292,301,PT05M39.00S,3,1610612739,CLE,2544,James,L. James,0,0,0,,0,0,0,0,v,James REBOUND (Off:0 Def:5),Rebound,Unknown,0,0
293,302,PT05M28.00S,3,1610612754,IND,979,O'Neal,J. O'Neal,0,0,0,,0,0,0,0,h,O'Neal S.FOUL (P1.T4),Foul,Shooting,0,0
294,303,PT05M28.00S,3,0,,1610612754,,,0,0,0,,0,0,0,0,h,PACERS Timeout: Regular (Full 3 Short 1),Timeout,Regular,0,0
295,305,PT05M28.00S,3,1610612739,CLE,2544,James,L. James,0,0,0,,0,0,0,0,v,MISS James Free Throw 1 of 2,Free Throw,Free Throw 1 of 2,0,0
296,306,PT05M28.00S,3,0,,1610612739,,,0,0,0,,0,0,0,0,v,Cavaliers Rebound,Rebound,Normal Rebound,0,0
297,307,PT05M28.00S,3,1610612739,CLE,2544,James,L. James,0,0,0,,0,52,61,113,v,James Free Throw 2 of 2 (18 PTS),Free Throw,Free Throw 2 of 2,0,0
298,308,PT05M11.00S,3,1610612754,IND,979,O'Neal,J. O'Neal,-143,-6,14,Missed,1,0,0,0,h,MISS O'Neal 14' Jump Shot,Missed Shot,Jump Shot,0,0
299,309,PT05M10.00S,3,1610612754,IND,1733,Harrington,A. Harrington,0,0,0,,0,0,0,0,h,Harrington REBOUND (Off:2 Def:5),Rebound,Unknown,0,0
300,310,PT05M10.00S,3,1610612739,CLE,980,Ilgauskas,Z. Ilgauskas,0,0,0,,0,0,0,0,v,Ilgauskas L.B.FOUL (P4.T4),Foul,Loose Ball,0,0
301,311,PT05M10.00S,3,1610612739,CLE,980,Ilgauskas,Z. Ilgauskas,0,0,0,,0,0,0,0,v,SUB: Marshall FOR Ilgauskas,Substitution,,0,0
302,312,PT05M10.00S,3,1610612739,CLE,133,Wesley,D. Wesley,0,0,0,,0,0,0,0,v,SUB: Jones FOR Wesley,Substitution,,0,0
303,313,PT05M02.00S,3,1610612739,CLE,2400,Gooden,D. Gooden,0,0,0,,0,0,0,0,v,Gooden S.FOUL (P3.PN),Foul,Shooting,0,0
304,314,PT05M02.00S,3,1610612754,IND,979,O'Neal,J. O'Neal,0,0,0,,0,53,61,114,h,O'Neal Free Throw 1 of 2 (20 PTS),Free Throw,Free Throw 1 of 2,0,0
305,315,PT05M02.00S,3,1610612754,IND,979,O'Neal,J. O'Neal,0,0,0,,0,54,61,115,h,O'Neal Free Throw 2 of 2 (21 PTS),Free Throw,Free Throw 2 of 2,0,0
306,316,PT04M40.00S,3,1610612739,CLE,727,Snow,E. Snow,34,-8,3,Missed,1,0,0,0,v,MISS Snow 3' Jump Shot,Missed Shot,Jump Shot,0,0
307,316,PT04M40.00S,3,1610612754,IND,979,O'Neal,J. O'Neal,0,0,0,,0,0,0,0,h,O'Neal BLOCK (4 BLK),,,0,0
308,317,PT04M39.00S,3,1610612754,IND,101122,Granger,D. Granger,0,0,0,,0,0,0,0,h,Granger REBOUND (Off:2 Def:3),Rebound,Unknown,0,0
309,318,PT04M39.00S,3,1610612739,CLE,727,Snow,E. Snow,0,0,0,,0,0,0,0,v,Snow T.FOUL (P0.PN),Foul,Technical,0,0
310,319,PT04M39.00S,3,1610612754,IND,2224,Tinsley,J. Tinsley,0,0,0,,0,55,61,116,h,Tinsley Free Throw Technical (13 PTS),Free Throw,Free Throw Technical,0,0
311,320,PT04M24.00S,3,1610612739,CLE,923,Marshall,D. Marshall,0,0,0,,0,0,0,0,v,Marshall S.FOUL (P3.PN),Foul,Shooting,0,0
312,321,PT04M24.00S,3,1610612754,IND,101122,Granger,D. Granger,0,0,0,,0,56,61,117,h,Granger Free Throw 1 of 2 (1 PTS),Free Throw,Free Throw 1 of 2,0,0
313,323,PT04M24.00S,3,0,,1610612739,,,0,0,0,,0,0,0,0,v,Cavaliers Timeout: Regular (Reg.3 Short 0),Timeout,Regular,0,0
314,325,PT04M24.00S,3,1610612754,IND,1733,Harrington,A. Harrington,0,0,0,,0,0,0,0,h,SUB: Armstrong FOR Harrington,Substitution,,0,0
315,326,PT04M24.00S,3,1610612754,IND,2224,Tinsley,J. Tinsley,0,0,0,,0,0,0,0,h,SUB: Foster FOR Tinsley,Substitution,,0,0
316,327,PT04M24.00S,3,1610612739,CLE,2400,Gooden,D. Gooden,0,0,0,,0,0,0,0,v,SUB: Varejao FOR Gooden,Substitution,,0,0
317,328,PT04M24.00S,3,1610612754,IND,101122,Granger,D. Granger,0,0,0,,0,57,61,118,h,Granger Free Throw 2 of 2 (2 PTS),Free Throw,Free Throw 2 of 2,0,0
318,329,PT04M10.00S,3,1610612739,CLE,2544,James,L. James,120,66,14,Missed,1,0,0,0,v,MISS James 14' Jump Shot,Missed Shot,Jump Shot,0,0
319,330,PT04M09.00S,3,1610612754,IND,1536,Jackson,S. Jackson,0,0,0,,0,0,0,0,h,Jackson REBOUND (Off:0 Def:1),Rebound,Unknown,0,0
320,331,PT03M57.00S,3,1610612739,CLE,2544,James,L. James,0,0,0,,0,0,0,0,v,James P.FOUL (P3.PN),Foul,Personal,0,0
321,332,PT03M57.00S,3,1610612739,CLE,727,Snow,E. Snow,0,0,0,,0,0,0,0,v,SUB: Pavlovic FOR Snow,Substitution,,0,0
322,333,PT03M57.00S,3,1610612754,IND,101122,Granger,D. Granger,0,0,0,,0,58,61,119,h,Granger Free Throw 1 of 2 (3 PTS),Free Throw,Free Throw 1 of 2,0,0
323,334,PT03M57.00S,3,1610612754,IND,1536,Jackson,S. Jackson,0,0,0,,0,0,0,0,h,SUB: Jasikevicius FOR Jackson,Substitution,,0,0
324,335,PT03M57.00S,3,1610612754,IND,101122,Granger,D. Granger,0,0,0,,0,59,61,120,h,Granger Free Throw 2 of 2 (4 PTS),Free Throw,Free Throw 2 of 2,0,0
325,336,PT03M33.00S,3,1610612739,CLE,1800,Jones,D. Jones,-241,20,24,Missed,1,0,0,0,v,MISS Jones 24' 3PT Jump Shot,Missed Shot,Jump Shot,0,0
326,337,PT03M29.00S,3,1610612754,IND,353,Armstrong,D. Armstrong,0,0,0,,0,0,0,0,h,Armstrong REBOUND (Off:0 Def:1),Rebound,Unknown,0,0
327,338,PT03M10.00S,3,1610612754,IND,101180,Jasikevicius,S. Jasikevicius,72,242,25,Missed,1,0,0,0,h,MISS Jasikevicius 25' 3PT Jump Shot,Missed Shot,Jump Shot,0,0
328,339,PT03M08.00S,3,1610612754,IND,101122,Granger,D. Granger,0,0,0,,0,0,0,0,h,Granger REBOUND (Off:3 Def:3),Rebound,Unknown,0,0
329,340,PT03M08.00S,3,1610612739,CLE,2544,James,L. James,0,0,0,,0,0,0,0,v,James L.B.FOUL (P4.PN),Foul,Loose Ball,0,0
330,341,PT03M08.00S,3,1610612754,IND,101122,Granger,D. Granger,0,0,0,,0,0,0,0,h,MISS Granger Free Throw 1 of 2,Free Throw,Free Throw 1 of 2,0,0
331,342,PT03M08.00S,3,0,,1610612754,,,0,0,0,,0,0,0,0,h,PACERS Rebound,Rebound,Normal Rebound,0,0
332,343,PT03M08.00S,3,1610612739,CLE,2544,James,L. James,0,0,0,,0,0,0,0,v,SUB: Gibson FOR James,Substitution,,0,0
333,344,PT03M08.00S,3,1610612754,IND,101122,Granger,D. Granger,0,0,0,,0,0,0,0,h,MISS Granger Free Throw 2 of 2,Free Throw,Free Throw 2 of 2,0,0
334,345,PT03M07.00S,3,1610612739,CLE,2760,Varejao,A. Varejao,0,0,0,,0,0,0,0,v,Varejao REBOUND (Off:0 Def:2),Rebound,Unknown,0,0
335,346,PT02M49.00S,3,1610612754,IND,101122,Granger,D. Granger,0,0,0,,0,0,0,0,h,Granger P.FOUL (P3.PN),Foul,Personal,0,0
336,347,PT02M49.00S,3,1610612739,CLE,2562,Pavlovic,S. Pavlovic,0,0,0,,0,59,62,121,v,Pavlovic Free Throw 1 of 2 (3 PTS),Free Throw,Free Throw 1 of 2,0,0
337,349,PT02M49.00S,3,1610612754,IND,101122,Granger,D. Granger,0,0,0,,0,0,0,0,h,SUB: Tinsley FOR Granger,Substitution,,0,0
338,350,PT02M49.00S,3,1610612739,CLE,2562,Pavlovic,S. Pavlovic,0,0,0,,0,59,63,122,v,Pavlovic Free Throw 2 of 2 (4 PTS),Free Throw,Free Throw 2 of 2,0,0
339,351,PT02M35.00S,3,1610612754,IND,979,O'Neal,J. O'Neal,0,0,0,,0,0,0,0,h,O'Neal Traveling Turnover (P3.T5),Turnover,Traveling,0,0
340,352,PT02M24.00S,3,1610612739,CLE,2562,Pavlovic,S. Pavlovic,0,0,0,,0,0,0,0,v,Pavlovic OFF.Foul (P3),Foul,Offensive,0,0
341,353,PT02M24.00S,3,1610612739,CLE,2562,Pavlovic,S. Pavlovic,0,0,0,,0,0,0,0,v,Pavlovic Foul Turnover (P1.T15),Turnover,Foul,0,0
342,354,PT02M24.00S,3,1610612754,IND,2224,Tinsley,J. Tinsley,0,0,0,,0,0,0,0,h,SUB: Marshall FOR Tinsley,Substitution,,0,0
343,355,PT02M17.00S,3,1610612739,CLE,2760,Varejao,A. Varejao,0,0,0,,0,0,0,0,v,Varejao P.FOUL (P3.PN),Foul,Personal,0,0
344,356,PT02M17.00S,3,1610612754,IND,979,O'Neal,J. O'Neal,0,0,0,,0,60,63,123,h,O'Neal Free Throw 1 of 2 (22 PTS),Free Throw,Free Throw 1 of 2,0,0
345,357,PT02M17.00S,3,1610612754,IND,979,O'Neal,J. O'Neal,0,0,0,,0,61,63,124,h,O'Neal Free Throw 2 of 2 (23 PTS),Free Throw,Free Throw 2 of 2,0,0
346,358,PT01M58.00S,3,1610612739,CLE,200789,Gibson,D. Gibson,-6,171,17,Missed,1,0,0,0,v,MISS Gibson 17' Jump Shot,Missed Shot,Jump Shot,0,0
347,359,PT01M55.00S,3,1610612754,IND,1902,Foster,J. Foster,0,0,0,,0,0,0,0,h,Foster REBOUND (Off:2 Def:1),Rebound,Unknown,0,0
348,360,PT01M36.00S,3,1610612754,IND,101180,Jasikevicius,S. Jasikevicius,6,166,17,Missed,1,0,0,0,h,MISS Jasikevicius 17' Jump Shot,Missed Shot,Jump Shot,0,0
349,361,PT01M35.00S,3,1610612754,IND,1902,Foster,J. Foster,0,0,0,,0,0,0,0,h,Foster REBOUND (Off:3 Def:1),Rebound,Unknown,0,0
350,362,PT01M31.00S,3,1610612754,IND,101180,Jasikevicius,S. Jasikevicius,0,253,25,Made,1,64,63,127,h,Jasikevicius 25' 3PT Jump Shot (6 PTS) (Armstrong 1 AST),Made Shot,Jump Shot,0,0
351,363,PT01M06.00S,3,1610612739,CLE,923,Marshall,D. Marshall,190,12,19,Missed,1,0,0,0,v,MISS Marshall 19' Jump Shot,Missed Shot,Jump Shot,0,0
352,364,PT01M05.00S,3,1610612754,IND,979,O'Neal,J. O'Neal,0,0,0,,0,0,0,0,h,O'Neal REBOUND (Off:2 Def:4),Rebound,Unknown,0,0
353,365,PT00M53.20S,3,1610612754,IND,979,O'Neal,J. O'Neal,95,8,10,Made,1,66,63,129,h,O'Neal 10' Turnaround Jump Shot (25 PTS),Made Shot,Turnaround Jump Shot,0,0
354,366,PT00M37.60S,3,1610612739,CLE,200789,Gibson,D. Gibson,0,0,0,,0,0,0,0,v,Gibson Palming Turnover (P1.T16),Turnover,Palming Turnover,0,0
355,367,PT00M37.60S,3,1610612754,IND,979,O'Neal,J. O'Neal,0,0,0,,0,0,0,0,h,SUB: Harrington FOR O'Neal,Substitution,,0,0
356,368,PT00M24.00S,3,1610612754,IND,353,Armstrong,D. Armstrong,146,201,25,Made,1,69,63,132,h,Armstrong 25' 3PT Jump Shot (3 PTS) (Harrington 1 AST),Made Shot,Jump Shot,0,0
357,369,PT00M10.10S,3,1610612739,CLE,200789,Gibson,D. Gibson,16,8,2,Made,1,69,65,134,v,Gibson 2' Slam Dunk (2 PTS),Made Shot,Slam Dunk Shot,0,0
358,370,PT00M00.90S,3,1610612754,IND,353,Armstrong,D. Armstrong,-18,13,2,Missed,1,0,0,0,h,MISS Armstrong 2' Layup,Missed Shot,Layup Shot,0,0
359,371,PT00M00.00S,3,0,,1610612754,,,0,0,0,,0,0,0,0,h,PACERS Rebound,Rebound,Unknown,0,0
360,372,PT00M00.00S,3,0,,0,,,0,0,0,,0,69,65,134,,End of 3rd Period (10:00 PM EST),period,end,0,0
361,374,PT12M00.00S,4,0,,0,,,0,0,0,,0,69,65,134,,Start of 4th Period (10:03 PM EST),period,start,0,0
362,375,PT11M40.00S,4,1610612739,CLE,200789,Gibson,D. Gibson,-148,204,25,Made,1,69,68,137,v,Gibson 25' 3PT Jump Shot (5 PTS) (James 5 AST),Made Shot,Jump Shot,0,0
363,376,PT11M28.00S,4,1610612739,CLE,2760,Varejao,A. Varejao,0,0,0,,0,0,0,0,v,Varejao P.FOUL (P4.T1),Foul,Personal,0,0
364,377,PT11M19.00S,4,1610612754,IND,1733,Harrington,A. Harrington,18,5,2,Made,1,71,68,139,h,Harrington 2' Layup (10 PTS),Made Shot,Layup Shot,0,0
365,378,PT11M01.00S,4,1610612739,CLE,923,Marshall,D. Marshall,0,242,24,Missed,1,0,0,0,v,MISS Marshall 24' 3PT Jump Shot,Missed Shot,Jump Shot,0,0
366,379,PT11M00.00S,4,1610612754,IND,1733,Harrington,A. Harrington,0,0,0,,0,0,0,0,h,Harrington REBOUND (Off:2 Def:6),Rebound,Unknown,0,0
367,380,PT10M58.00S,4,1610612754,IND,1733,Harrington,A. Harrington,0,0,0,,0,0,0,0,h,Harrington Bad Pass Turnover (P2.T6),Turnover,Bad Pass,0,0
368,381,PT10M58.00S,4,1610612739,CLE,2760,Varejao,A. Varejao,0,0,0,,0,0,0,0,v,SUB: Gooden FOR Varejao,Substitution,,0,0
369,382,PT10M50.00S,4,1610612754,IND,1902,Foster,J. Foster,0,0,0,,0,0,0,0,h,Foster FLAGRANT.FOUL.TYPE1 (P1.T1),Foul,Flagrant Type 1,0,0
370,383,PT10M50.00S,4,1610612739,CLE,2544,James,L. James,0,0,0,,0,71,69,140,v,James Free Throw Flagrant 1 of 2 (19 PTS),Free Throw,Free Throw Flagrant 1 of 2,0,0
371,384,PT10M50.00S,4,1610612739,CLE,2544,James,L. James,0,0,0,,0,71,70,141,v,James Free Throw Flagrant 2 of 2 (20 PTS),Free Throw,Free Throw Flagrant 2 of 2,0,0
372,385,PT10M28.00S,4,1610612739,CLE,923,Marshall,D. Marshall,-233,-6,0,Missed,1,0,0,0,v,MISS Marshall  3PT Jump Shot,Missed Shot,Jump Shot,0,0
373,386,PT10M26.00S,4,1610612754,IND,101180,Jasikevicius,S. Jasikevicius,0,0,0,,0,0,0,0,h,Jasikevicius REBOUND (Off:0 Def:2),Rebound,Unknown,0,0
374,387,PT10M20.00S,4,1610612754,IND,353,Armstrong,D. Armstrong,-191,155,25,Missed,1,0,0,0,h,MISS Armstrong 25' 3PT Jump Shot,Missed Shot,Jump Shot,0,0
375,388,PT10M18.00S,4,1610612739,CLE,2400,Gooden,D. Gooden,0,0,0,,0,0,0,0,v,Gooden REBOUND (Off:3 Def:8),Rebound,Unknown,0,0
376,389,PT10M07.00S,4,1610612739,CLE,200789,Gibson,D. Gibson,0,189,19,Missed,1,0,0,0,v,MISS Gibson 19' Jump Shot,Missed Shot,Jump Shot,0,0
377,390,PT10M06.00S,4,1610612754,IND,353,Armstrong,D. Armstrong,0,0,0,,0,0,0,0,h,Armstrong REBOUND (Off:0 Def:2),Rebound,Unknown,0,0
378,391,PT10M02.00S,4,1610612754,IND,353,Armstrong,D. Armstrong,-3,28,3,Made,1,73,70,143,h,Armstrong 3' Driving Finger Roll (5 PTS),Made Shot,Driving Finger Roll Shot,0,0
379,392,PT09M45.00S,4,1610612739,CLE,2544,James,L. James,-10,187,19,Made,1,73,72,145,v,James 19' Jump Shot (22 PTS) (Marshall 1 AST),Made Shot,Jump Shot,0,0
380,393,PT09M25.00S,4,1610612754,IND,1733,Harrington,A. Harrington,5,86,9,Missed,1,0,0,0,h,MISS Harrington 9' Jump Shot,Missed Shot,Jump Shot,0,0
381,394,PT09M24.00S,4,1610612739,CLE,923,Marshall,D. Marshall,0,0,0,,0,0,0,0,v,Marshall REBOUND (Off:1 Def:2),Rebound,Unknown,0,0
382,395,PT09M09.00S,4,1610612754,IND,353,Armstrong,D. Armstrong,0,0,0,,0,0,0,0,h,Armstrong IN.FOUL (P2.T2),Foul,Inbound,0,0
383,396,PT09M09.00S,4,1610612739,CLE,200789,Gibson,D. Gibson,0,0,0,,0,73,73,146,v,Gibson Free Throw 1 of 2 (6 PTS),Free Throw,Free Throw 1 of 2,0,0
384,397,PT09M09.00S,4,1610612739,CLE,200789,Gibson,D. Gibson,0,0,0,,0,73,74,147,v,Gibson Free Throw 2 of 2 (7 PTS),Free Throw,Free Throw 2 of 2,0,0
385,399,PT08M58.00S,4,1610612754,IND,101180,Jasikevicius,S. Jasikevicius,-3,99,10,Made,1,75,74,149,h,Jasikevicius 10' Jump Shot (8 PTS),Made Shot,Jump Shot,0,0
386,400,PT08M36.00S,4,1610612739,CLE,2400,Gooden,D. Gooden,102,2,10,Missed,1,0,0,0,v,MISS Gooden 10' Jump Shot,Missed Shot,Jump Shot,0,0
387,401,PT08M34.00S,4,1610612754,IND,1902,Foster,J. Foster,0,0,0,,0,0,0,0,h,Foster REBOUND (Off:3 Def:2),Rebound,Unknown,0,0
388,402,PT08M13.00S,4,1610612754,IND,101180,Jasikevicius,S. Jasikevicius,-110,128,17,Missed,1,0,0,0,h,MISS Jasikevicius 17' Jump Shot,Missed Shot,Jump Shot,0,0
389,403,PT08M11.00S,4,0,,1610612754,,,0,0,0,,0,0,0,0,h,PACERS Rebound,Rebound,Unknown,0,0
390,404,PT08M11.00S,4,0,,0,,,0,0,0,,0,0,0,0,,Timeout: Official,Timeout,Official,0,0
391,406,PT08M11.00S,4,1610612754,IND,1733,Harrington,A. Harrington,0,0,0,,0,0,0,0,h,SUB: O'Neal FOR Harrington,Substitution,,0,0
392,408,PT07M57.00S,4,1610612754,IND,101180,Jasikevicius,S. Jasikevicius,161,-5,16,Made,1,77,74,151,h,Jasikevicius 16' Jump Shot (10 PTS) (O'Neal 2 AST),Made Shot,Jump Shot,0,0
393,409,PT07M39.00S,4,1610612754,IND,101122,Granger,D. Granger,0,0,0,,0,0,0,0,h,Granger P.FOUL (P4.T3),Foul,Personal,0,0
394,410,PT07M32.00S,4,1610612739,CLE,2400,Gooden,D. Gooden,-8,199,20,Missed,1,0,0,0,v,MISS Gooden 20' Jump Shot,Missed Shot,Jump Shot,0,0
395,411,PT07M31.00S,4,1610612739,CLE,2544,James,L. James,0,0,0,,0,0,0,0,v,James REBOUND (Off:1 Def:5),Rebound,Unknown,0,0
396,412,PT07M25.00S,4,1610612754,IND,101122,Granger,D. Granger,0,0,0,,0,0,0,0,h,Granger S.FOUL (P5.T4),Foul,Shooting,0,0
397,413,PT07M25.00S,4,1610612739,CLE,923,Marshall,D. Marshall,0,0,0,,0,0,0,0,v,SUB: Ilgauskas FOR Marshall,Substitution,,0,0
398,414,PT07M25.00S,4,1610612754,IND,101122,Granger,D. Granger,0,0,0,,0,0,0,0,h,SUB: Jackson FOR Granger,Substitution,,0,0
399,415,PT07M25.00S,4,1610612739,CLE,2544,James,L. James,0,0,0,,0,77,75,152,v,James Free Throw 1 of 2 (23 PTS),Free Throw,Free Throw 1 of 2,0,0
400,416,PT07M25.00S,4,1610612739,CLE,2544,James,L. James,0,0,0,,0,77,76,153,v,James Free Throw 2 of 2 (24 PTS),Free Throw,Free Throw 2 of 2,0,0
401,417,PT07M08.00S,4,1610612754,IND,353,Armstrong,D. Armstrong,-240,-11,24,Missed,1,0,0,0,h,MISS Armstrong 24' 3PT Jump Shot,Missed Shot,Jump Shot,0,0
402,418,PT07M06.00S,4,1610612754,IND,1902,Foster,J. Foster,0,0,0,,0,0,0,0,h,Foster REBOUND (Off:4 Def:2),Rebound,Unknown,0,0
403,419,PT07M06.00S,4,1610612739,CLE,2400,Gooden,D. Gooden,0,0,0,,0,0,0,0,v,Gooden L.B.FOUL (P4.T2),Foul,Loose Ball,0,0
404,420,PT07M06.00S,4,1610612754,IND,353,Armstrong,D. Armstrong,0,0,0,,0,0,0,0,h,SUB: Tinsley FOR Armstrong,Substitution,,0,0
405,421,PT06M56.00S,4,1610612754,IND,101180,Jasikevicius,S. Jasikevicius,-141,133,19,Made,1,79,76,155,h,Jasikevicius 19' Jump Shot (12 PTS) (O'Neal 3 AST),Made Shot,Jump Shot,0,0
406,422,PT06M33.00S,4,1610612739,CLE,2400,Gooden,D. Gooden,0,0,0,,0,0,0,0,v,Gooden Lost Ball Turnover (P3.T17),Turnover,Lost Ball,0,0
407,422,PT06M33.00S,4,1610612754,IND,1902,Foster,J. Foster,0,0,0,,0,0,0,0,h,Foster STEAL (1 STL),,,0,0
408,423,PT06M18.00S,4,1610612754,IND,979,O'Neal,J. O'Neal,-29,-1,3,Made,1,81,76,157,h,O'Neal 3' Driving Dunk (27 PTS),Made Shot,Driving Dunk Shot,0,0
409,424,PT06M11.00S,4,0,,1610612739,,,0,0,0,,0,0,0,0,v,Cavaliers Timeout: Regular (Reg.4 Short 0),Timeout,Regular,0,0
410,426,PT06M11.00S,4,1610612739,CLE,200789,Gibson,D. Gibson,0,0,0,,0,0,0,0,v,SUB: Snow FOR Gibson,Substitution,,0,0
411,427,PT06M11.00S,4,1610612739,CLE,1800,Jones,D. Jones,0,0,0,,0,0,0,0,v,SUB: Wesley FOR Jones,Substitution,,0,0
412,428,PT05M54.00S,4,1610612739,CLE,2544,James,L. James,24,45,5,Missed,1,0,0,0,v,MISS James 5' Jump Shot,Missed Shot,Jump Shot,0,0
413,429,PT05M52.00S,4,1610612754,IND,1902,Foster,J. Foster,0,0,0,,0,0,0,0,h,Foster REBOUND (Off:4 Def:3),Rebound,Unknown,0,0
414,430,PT05M37.00S,4,1610612754,IND,101180,Jasikevicius,S. Jasikevicius,-5,145,15,Made,1,83,76,159,h,Jasikevicius 15' Jump Shot (14 PTS) (O'Neal 4 AST),Made Shot,Jump Shot,0,0
415,431,PT05M15.00S,4,1610612739,CLE,980,Ilgauskas,Z. Ilgauskas,0,0,0,,0,0,0,0,v,Ilgauskas Traveling Turnover (P3.T18),Turnover,Traveling,0,0
416,432,PT04M57.00S,4,1610612754,IND,1902,Foster,J. Foster,-87,7,9,Missed,1,0,0,0,h,MISS Foster 9' Jump Shot,Missed Shot,Jump Shot,0,0
417,433,PT04M55.00S,4,1610612739,CLE,2400,Gooden,D. Gooden,0,0,0,,0,0,0,0,v,Gooden REBOUND (Off:3 Def:9),Rebound,Unknown,0,0
418,434,PT04M37.00S,4,1610612739,CLE,2544,James,L. James,0,0,0,,0,0,0,0,v,James Bad Pass Turnover (P3.T19),Turnover,Bad Pass,0,0
419,434,PT04M37.00S,4,1610612754,IND,2224,Tinsley,J. Tinsley,0,0,0,,0,0,0,0,h,Tinsley STEAL (3 STL),,,0,0
420,435,PT04M28.00S,4,1610612754,IND,979,O'Neal,J. O'Neal,-28,20,3,Made,1,85,76,161,h,O'Neal 3' Running Jump Shot (29 PTS) (Tinsley 6 AST),Made Shot,Running Jump Shot,0,0
421,436,PT04M25.00S,4,0,,1610612739,,,0,0,0,,0,0,0,0,v,Cavaliers Timeout: Regular (Reg.5 Short 0),Timeout,Regular,0,0
422,438,PT04M25.00S,4,1610612739,CLE,2400,Gooden,D. Gooden,0,0,0,,0,0,0,0,v,SUB: Marshall FOR Gooden,Substitution,,0,0
423,439,PT04M25.00S,4,1610612739,CLE,980,Ilgauskas,Z. Ilgauskas,0,0,0,,0,0,0,0,v,SUB: Varejao FOR Ilgauskas,Substitution,,0,0
424,440,PT04M25.00S,4,1610612739,CLE,133,Wesley,D. Wesley,0,0,0,,0,0,0,0,v,SUB: Jones FOR Wesley,Substitution,,0,0
425,441,PT04M11.00S,4,1610612739,CLE,1800,Jones,D. Jones,23,53,6,Missed,1,0,0,0,v,MISS Jones 6' Jump Shot,Missed Shot,Jump Shot,0,0
426,442,PT04M10.00S,4,1610612739,CLE,2760,Varejao,A. Varejao,0,0,0,,0,0,0,0,v,Varejao REBOUND (Off:1 Def:2),Rebound,Unknown,0,0
427,443,PT04M10.00S,4,1610612754,IND,2224,Tinsley,J. Tinsley,0,0,0,,0,0,0,0,h,Tinsley L.B.FOUL (P4.PN),Foul,Loose Ball,0,0
428,444,PT04M10.00S,4,1610612739,CLE,2760,Varejao,A. Varejao,0,0,0,,0,0,0,0,v,MISS Varejao Free Throw 1 of 2,Free Throw,Free Throw 1 of 2,0,0
429,445,PT04M10.00S,4,0,,1610612739,,,0,0,0,,0,0,0,0,v,Cavaliers Rebound,Rebound,Normal Rebound,0,0
430,446,PT04M10.00S,4,1610612739,CLE,2760,Varejao,A. Varejao,0,0,0,,0,85,77,162,v,Varejao Free Throw 2 of 2 (9 PTS),Free Throw,Free Throw 2 of 2,0,0
431,447,PT03M49.00S,4,1610612754,IND,1536,Jackson,S. Jackson,-246,26,25,Missed,1,0,0,0,h,MISS Jackson 25' 3PT Jump Shot,Missed Shot,Jump Shot,0,0
432,448,PT03M47.00S,4,1610612739,CLE,2544,James,L. James,0,0,0,,0,0,0,0,v,James REBOUND (Off:1 Def:6),Rebound,Unknown,0,0
433,449,PT03M29.00S,4,1610612754,IND,2224,Tinsley,J. Tinsley,0,0,0,,0,0,0,0,h,Tinsley P.FOUL (P5.PN),Foul,Personal,0,0
434,450,PT03M29.00S,4,1610612739,CLE,727,Snow,E. Snow,0,0,0,,0,85,78,163,v,Snow Free Throw 1 of 2 (3 PTS),Free Throw,Free Throw 1 of 2,0,0
435,451,PT03M29.00S,4,1610612739,CLE,727,Snow,E. Snow,0,0,0,,0,85,79,164,v,Snow Free Throw 2 of 2 (4 PTS),Free Throw,Free Throw 2 of 2,0,0
436,452,PT03M17.00S,4,1610612754,IND,2224,Tinsley,J. Tinsley,0,0,0,,0,0,0,0,h,Tinsley Bad Pass Turnover (P1.T7),Turnover,Bad Pass,0,0
437,452,PT03M17.00S,4,1610612739,CLE,2760,Varejao,A. Varejao,0,0,0,,0,0,0,0,v,Varejao STEAL (1 STL),,,0,0
438,453,PT03M03.00S,4,1610612739,CLE,2544,James,L. James,-13,79,8,Missed,1,0,0,0,v,MISS James 8' Jump Shot,Missed Shot,Jump Shot,0,0
439,455,PT02M58.00S,4,1610612739,CLE,2760,Varejao,A. Varejao,0,0,0,,0,0,0,0,v,Varejao REBOUND (Off:2 Def:2),Rebound,Unknown,0,0
440,454,PT02M58.00S,4,1610612739,CLE,2760,Varejao,A. Varejao,13,12,2,Missed,1,0,0,0,v,MISS Varejao 2' Layup,Missed Shot,Layup Shot,0,0
441,456,PT02M56.00S,4,1610612754,IND,1902,Foster,J. Foster,0,0,0,,0,0,0,0,h,Foster REBOUND (Off:4 Def:4),Rebound,Unknown,0,0
442,457,PT02M41.00S,4,1610612754,IND,2224,Tinsley,J. Tinsley,-237,2,24,Made,1,88,79,167,h,Tinsley 24' 3PT Jump Shot (16 PTS) (O'Neal 5 AST),Made Shot,Jump Shot,0,0
443,458,PT02M25.00S,4,1610612739,CLE,923,Marshall,D. Marshall,-131,219,26,Missed,1,0,0,0,v,MISS Marshall 26' 3PT Jump Shot,Missed Shot,Jump Shot,0,0
444,459,PT02M23.00S,4,1610612754,IND,1536,Jackson,S. Jackson,0,0,0,,0,0,0,0,h,Jackson REBOUND (Off:0 Def:2),Rebound,Unknown,0,0
445,460,PT02M10.00S,4,1610612739,CLE,923,Marshall,D. Marshall,0,0,0,,0,0,0,0,v,Marshall P.FOUL (P4.T3),Foul,Personal,0,0
446,461,PT02M00.00S,4,1610612754,IND,1536,Jackson,S. Jackson,89,48,10,Made,1,90,79,169,h,Jackson 10' Turnaround Hook Shot (4 PTS),Made Shot,Turnaround Hook Shot,0,0
447,462,PT01M52.00S,4,1610612739,CLE,2544,James,L. James,-238,63,25,Made,1,90,82,172,v,James 25' 3PT Jump Shot (27 PTS),Made Shot,Jump Shot,0,0
448,463,PT01M45.00S,4,0,,1610612754,,,0,0,0,,0,0,0,0,h,PACERS Timeout: Short (Full 3 Short 2),Timeout,Short,0,0
449,465,PT01M37.00S,4,1610612754,IND,2224,Tinsley,J. Tinsley,-105,115,16,Made,1,92,82,174,h,Tinsley 16' Jump Shot (18 PTS),Made Shot,Jump Shot,0,0
450,466,PT01M21.00S,4,1610612754,IND,979,O'Neal,J. O'Neal,0,0,0,,0,0,0,0,h,O'Neal S.FOUL (P2.PN),Foul,Shooting,0,0
451,467,PT01M21.00S,4,1610612739,CLE,2544,James,L. James,0,0,0,,0,0,0,0,v,MISS James Free Throw 1 of 2,Free Throw,Free Throw 1 of 2,0,0
452,468,PT01M21.00S,4,0,,1610612739,,,0,0,0,,0,0,0,0,v,Cavaliers Rebound,Rebound,Normal Rebound,0,0
453,469,PT01M21.00S,4,1610612739,CLE,2544,James,L. James,0,0,0,,0,92,83,175,v,James Free Throw 2 of 2 (28 PTS),Free Throw,Free Throw 2 of 2,0,0
454,470,PT01M05.00S,4,1610612754,IND,1536,Jackson,S. Jackson,-154,0,15,Missed,1,0,0,0,h,MISS Jackson 15' Jump Shot,Missed Shot,Jump Shot,0,0
455,471,PT01M03.00S,4,1610612739,CLE,2760,Varejao,A. Varejao,0,0,0,,0,0,0,0,v,Varejao REBOUND (Off:2 Def:3),Rebound,Unknown,0,0
456,472,PT00M57.90S,4,1610612739,CLE,1800,Jones,D. Jones,-212,-23,21,Missed,1,0,0,0,v,MISS Jones 21' Jump Shot,Missed Shot,Jump Shot,0,0
457,473,PT00M56.50S,4,1610612754,IND,2224,Tinsley,J. Tinsley,0,0,0,,0,0,0,0,h,Tinsley REBOUND (Off:1 Def:4),Rebound,Unknown,0,0
458,474,PT00M48.30S,4,1610612739,CLE,1800,Jones,D. Jones,0,0,0,,0,0,0,0,v,Jones P.FOUL (P2.T4),Foul,Personal,0,0
459,475,PT00M48.30S,4,1610612754,IND,1902,Foster,J. Foster,0,0,0,,0,0,0,0,h,SUB: Armstrong FOR Foster,Substitution,,0,0
460,476,PT00M48.30S,4,1610612739,CLE,923,Marshall,D. Marshall,0,0,0,,0,0,0,0,v,SUB: Gibson FOR Marshall,Substitution,,0,0
461,477,PT00M46.90S,4,1610612739,CLE,1800,Jones,D. Jones,0,0,0,,0,0,0,0,v,Jones P.FOUL (P3.PN),Foul,Personal,0,0
462,478,PT00M46.90S,4,1610612754,IND,2224,Tinsley,J. Tinsley,0,0,0,,0,0,0,0,h,MISS Tinsley Free Throw 1 of 2,Free Throw,Free Throw 1 of 2,0,0
463,479,PT00M46.90S,4,0,,1610612754,,,0,0,0,,0,0,0,0,h,PACERS Rebound,Rebound,Normal Rebound,0,0
464,480,PT00M46.90S,4,1610612754,IND,2224,Tinsley,J. Tinsley,0,0,0,,0,93,83,176,h,Tinsley Free Throw 2 of 2 (19 PTS),Free Throw,Free Throw 2 of 2,0,0
465,481,PT00M34.90S,4,1610612739,CLE,1800,Jones,D. Jones,-184,173,25,Missed,1,0,0,0,v,MISS Jones 25' 3PT Jump Shot,Missed Shot,Jump Shot,0,0
466,482,PT00M33.80S,4,1610612739,CLE,200789,Gibson,D. Gibson,0,0,0,,0,0,0,0,v,Gibson REBOUND (Off:1 Def:0),Rebound,Unknown,0,0
467,483,PT00M30.90S,4,1610612739,CLE,200789,Gibson,D. Gibson,225,-1,0,Missed,1,0,0,0,v,MISS Gibson  3PT Jump Shot,Missed Shot,Jump Shot,0,0
468,484,PT00M28.90S,4,1610612754,IND,1536,Jackson,S. Jackson,0,0,0,,0,0,0,0,h,Jackson REBOUND (Off:0 Def:3),Rebound,Unknown,0,0
469,485,PT00M25.80S,4,1610612739,CLE,2544,James,L. James,0,0,0,,0,0,0,0,v,James P.FOUL (P5.PN),Foul,Personal,0,0
470,486,PT00M25.80S,4,1610612754,IND,979,O'Neal,J. O'Neal,0,0,0,,0,0,0,0,h,SUB: Marshall FOR O'Neal,Substitution,,0,0
471,487,PT00M25.80S,4,1610612754,IND,2224,Tinsley,J. Tinsley,0,0,0,,0,0,0,0,h,SUB: Greene FOR Tinsley,Substitution,,0,0
472,488,PT00M25.80S,4,1610612754,IND,1536,Jackson,S. Jackson,0,0,0,,0,94,83,177,h,Jackson Free Throw 1 of 2 (5 PTS),Free Throw,Free Throw 1 of 2,0,0
473,489,PT00M25.80S,4,1610612754,IND,1536,Jackson,S. Jackson,0,0,0,,0,0,0,0,h,MISS Jackson Free Throw 2 of 2,Free Throw,Free Throw 2 of 2,0,0
474,490,PT00M25.50S,4,1610612739,CLE,2760,Varejao,A. Varejao,0,0,0,,0,0,0,0,v,Varejao REBOUND (Off:2 Def:4),Rebound,Unknown,0,0
475,491,PT00M25.50S,4,0,,1610612739,,,0,0,0,,0,0,0,0,v,Cavaliers Timeout: Short (Reg.5 Short 1),Timeout,Short,0,0
476,493,PT00M25.50S,4,1610612739,CLE,200789,Gibson,D. Gibson,0,0,0,,0,0,0,0,v,SUB: Marshall FOR Gibson,Substitution,,0,0
477,494,PT00M18.60S,4,1610612754,IND,101158,Greene,O. Greene,0,0,0,,0,0,0,0,h,Greene S.FOUL (P1.PN),Foul,Shooting,0,0
478,495,PT00M18.60S,4,1610612739,CLE,2544,James,L. James,0,0,0,,0,94,84,178,v,James Free Throw 1 of 2 (29 PTS),Free Throw,Free Throw 1 of 2,0,0
479,496,PT00M18.60S,4,1610612739,CLE,923,Marshall,D. Marshall,0,0,0,,0,0,0,0,v,SUB: Gibson FOR Marshall,Substitution,,0,0
480,497,PT00M18.60S,4,1610612739,CLE,2544,James,L. James,0,0,0,,0,94,85,179,v,James Free Throw 2 of 2 (30 PTS),Free Throw,Free Throw 2 of 2,0,0
481,498,PT00M18.10S,4,1610612739,CLE,2544,James,L. James,0,0,0,,0,0,0,0,v,James P.FOUL (P6.PN),Foul,Personal,0,0
482,499,PT00M18.10S,4,1610612739,CLE,2544,James,L. James,0,0,0,,0,0,0,0,v,SUB: Pavlovic FOR James,Substitution,,0,0
483,500,PT00M18.10S,4,1610612754,IND,101158,Greene,O. Greene,0,0,0,,0,95,85,180,h,Greene Free Throw 1 of 2 (1 PTS),Free Throw,Free Throw 1 of 2,0,0
484,501,PT00M18.10S,4,1610612754,IND,101158,Greene,O. Greene,0,0,0,,0,96,85,181,h,Greene Free Throw 2 of 2 (2 PTS),Free Throw,Free Throw 2 of 2,0,0
485,502,PT00M18.10S,4,0,,1610612739,,,0,0,0,,0,0,0,0,v,Cavaliers Timeout: Regular (Reg.6 Short 1),Timeout,Regular,0,0
486,504,PT00M18.10S,4,1610612739,CLE,200789,Gibson,D. Gibson,0,0,0,,0,0,0,0,v,SUB: Marshall FOR Gibson,Substitution,,0,0
487,505,PT00M11.70S,4,1610612739,CLE,727,Snow,E. Snow,11,22,2,Made,1,96,87,183,v,Snow 2' Layup (6 PTS),Made Shot,Layup Shot,0,0
488,506,PT00M10.30S,4,1610612739,CLE,1800,Jones,D. Jones,0,0,0,,0,0,0,0,v,Jones P.FOUL (P4.PN),Foul,Personal,0,0
489,507,PT00M10.30S,4,1610612754,IND,101180,Jasikevicius,S. Jasikevicius,0,0,0,,0,0,0,0,h,MISS Jasikevicius Free Throw 1 of 2,Free Throw,Free Throw 1 of 2,0,0
490,508,PT00M10.30S,4,0,,1610612754,,,0,0,0,,0,0,0,0,h,PACERS Rebound,Rebound,Normal Rebound,0,0
491,509,PT00M10.30S,4,1610612754,IND,101180,Jasikevicius,S. Jasikevicius,0,0,0,,0,97,87,184,h,Jasikevicius Free Throw 2 of 2 (15 PTS),Free Throw,Free Throw 2 of 2,0,0
492,510,PT00M00.00S,4,0,,0,,,0,0,0,,0,97,87,184,,End of 4th Period (10:41 PM EST),period,end,0,0
