actionId,actionNumber,clock,period,teamId,teamTricode,personId,playerName,playerNameI,xLegacy,yLegacy,shotDistance,shotResult,isFieldGoal,scoreHome,scoreAway,pointsTotal,location,description,actionType,subType,videoAvailable,shotValue
1,0,PT12M00.00S,1,0,,0,,,0,0,0,,0,0,0,0,,Start of 1st Period (6:07 PM EST),period,start,0,0
2,1,PT12M00.00S,1,1610612755,PHI,2223,Dalembert,S. Dalembert,0,0,0,,0,,,0,h,Jump Ball Dalembert vs. Collins: Tip to Iguodala,Jump Ball,,0,0
3,2,PT11M35.00S,1,1610612755,PHI,1889,Miller,A. Miller,-151,43,16,Missed,1,,,0,h,MISS Miller 16' Jump Shot,Missed Shot,Jump Shot,0,0
4,3,PT11M33.00S,1,1610612751,NJN,1630,Moore,M. Moore,0,0,0,,0,,,0,v,Moore REBOUND (Off:0 Def:1),Rebound,Unknown,0,0
5,4,PT11M09.00S,1,1610612751,NJN,467,Kidd,J. Kidd,148,196,25,Missed,1,,,0,v,MISS Kidd 25' 3PT Jump Shot,Missed Shot,Jump Shot,0,0
6,5,PT11M09.00S,1,0,,1610612751,,,0,0,0,,0,,,0,v,Nets Rebound,Rebound,Unknown,0,0
7,6,PT11M09.00S,1,0,,1610612751,,,0,0,0,,0,,,0,v,Nets Turnover: Shot Clock (T#1),Turnover,Shot Clock Turnover,0,0
8,7,PT10M55.00S,1,1610612755,PHI,2584,Green,W. Green,18,220,22,Missed,1,,,0,h,MISS Green 22' Jump Shot,Missed Shot,Jump Shot,0,0
9,8,PT10M53.00S,1,1610612751,NJN,467,Kidd,J. Kidd,0,0,0,,0,,,0,v,Kidd REBOUND (Off:0 Def:1),Rebound,Unknown,0,0
10,9,PT10M42.00S,1,1610612751,NJN,2215,Collins,J. Collins,171,10,17,Made,1,0,2,2,v,Collins 17' Jump Shot (2 PTS) (Kidd 1 AST),Made Shot,Jump Shot,0,0
11,10,PT10M19.00S,1,1610612755,PHI,2223,Dalembert,S. Dalembert,-74,8,7,Missed,1,,,0,h,MISS Dalembert 7' Jump Shot,Missed Shot,Jump Shot,0,0
12,11,PT10M17.00S,1,1610612751,NJN,1630,Moore,M. Moore,0,0,0,,0,,,0,v,Moore REBOUND (Off:0 Def:2),Rebound,Unknown,0,0
13,12,PT10M08.00S,1,1610612751,NJN,1713,Carter,V. Carter,-140,222,26,Missed,1,,,0,v,MISS Carter 26' 3PT Jump Shot,Missed Shot,Jump Shot,0,0
14,13,PT10M07.00S,1,1610612755,PHI,2738,Iguodala,A. Iguodala,0,0,0,,0,,,0,h,Iguodala REBOUND (Off:0 Def:1),Rebound,Unknown,0,0
15,14,PT09M55.00S,1,1610612751,NJN,2215,Collins,J. Collins,0,0,0,,0,,,0,v,Collins Violation:Kicked Ball,Violation,Kicked Ball,0,0
16,15,PT09M40.00S,1,1610612755,PHI,1889,Miller,A. Miller,-51,49,7,Missed,1,,,0,h,MISS Miller 7' Jump Shot,Missed Shot,Jump Shot,0,0
17,16,PT09M38.00S,1,1610612751,NJN,467,Kidd,J. Kidd,0,0,0,,0,,,0,v,Kidd REBOUND (Off:0 Def:2),Rebound,Unknown,0,0
18,17,PT09M34.00S,1,1610612751,NJN,200801,Adams,H. Adams,0,0,0,Made,1,0,4,4,v,Adams Driving Layup (2 PTS) (Kidd 2 AST),Made Shot,Driving Layup Shot,0,0
19,18,PT09M14.00S,1,1610612755,PHI,2212,Hunter,S. Hunter,-146,13,15,Missed,1,,,0,h,MISS Hunter 15' Jump Shot,Missed Shot,Jump Shot,0,0
20,19,PT09M13.00S,1,1610612755,PHI,2223,Dalembert,S. Dalembert,0,0,0,,0,,,0,h,Dalembert REBOUND (Off:1 Def:0),Rebound,Unknown,0,0
21,20,PT09M12.00S,1,1610612755,PHI,2223,Dalembert,S. Dalembert,0,0,0,Made,1,2,4,6,h,Dalembert Layup (2 PTS),Made Shot,Layup Shot,0,0
22,21,PT08M54.00S,1,1610612751,NJN,1630,Moore,M. Moore,-174,-13,17,Made,1,2,6,8,v,Moore 17' Jump Shot (2 PTS) (Adams 1 AST),Made Shot,Jump Shot,0,0
23,22,PT08M38.00S,1,1610612755,PHI,2738,Iguodala,A. Iguodala,0,0,0,,0,,,0,h,Iguodala Bad Pass Turnover (P1.T1),Turnover,Bad Pass,0,0
24,22,PT08M38.00S,1,1610612751,NJN,1630,Moore,M. Moore,0,0,0,,0,,,0,v,Moore STEAL (1 STL),,,0,0
25,23,PT08M26.00S,1,1610612751,NJN,1713,Carter,V. Carter,1,23,2,Missed,1,,,0,v,MISS Carter 2' Reverse Layup,Missed Shot,Reverse Layup Shot,0,0
26,24,PT08M25.00S,1,1610612755,PHI,2223,Dalembert,S. Dalembert,0,0,0,,0,,,0,h,Dalembert REBOUND (Off:1 Def:1),Rebound,Unknown,0,0
27,25,PT08M18.00S,1,1610612755,PHI,2738,Iguodala,A. Iguodala,0,0,0,,0,,,0,h,Iguodala Bad Pass Turnover (P2.T2),Turnover,Bad Pass,0,0
28,25,PT08M18.00S,1,1610612751,NJN,1630,Moore,M. Moore,0,0,0,,0,,,0,v,Moore STEAL (2 STL),,,0,0
29,26,PT08M18.00S,1,1610612755,PHI,2223,Dalembert,S. Dalembert,0,0,0,,0,,,0,h,Dalembert L.B.FOUL (P1.T1),Foul,Loose Ball,0,0
30,28,PT08M07.00S,1,1610612751,NJN,1713,Carter,V. Carter,0,0,0,Made,1,2,8,10,v,Carter Driving Finger Roll (2 PTS) (Kidd 3 AST),Made Shot,Driving Finger Roll Shot,0,0
31,29,PT07M44.00S,1,1610612755,PHI,1889,Miller,A. Miller,146,-28,15,Made,1,4,8,12,h,Miller 15' Jump Shot (2 PTS) (Dalembert 1 AST),Made Shot,Jump Shot,0,0
32,30,PT07M36.00S,1,1610612751,NJN,200801,Adams,H. Adams,163,86,18,Missed,1,,,0,v,MISS Adams 18' Jump Shot,Missed Shot,Jump Shot,0,0
33,31,PT07M34.00S,1,1610612755,PHI,2212,Hunter,S. Hunter,0,0,0,,0,,,0,h,Hunter REBOUND (Off:0 Def:1),Rebound,Unknown,0,0
34,32,PT07M26.00S,1,1610612755,PHI,1889,Miller,A. Miller,0,189,19,Missed,1,,,0,h,MISS Miller 19' Jump Shot,Missed Shot,Jump Shot,0,0
35,33,PT07M24.00S,1,1610612751,NJN,1630,Moore,M. Moore,0,0,0,,0,,,0,v,Moore REBOUND (Off:0 Def:3),Rebound,Unknown,0,0
36,34,PT07M19.00S,1,1610612751,NJN,467,Kidd,J. Kidd,126,168,21,Made,1,4,10,14,v,Kidd 21' Jump Shot (2 PTS),Made Shot,Jump Shot,0,0
37,35,PT06M53.00S,1,1610612755,PHI,2223,Dalembert,S. Dalembert,-140,-26,14,Missed,1,,,0,h,MISS Dalembert 14' Turnaround Jump Shot,Missed Shot,Turnaround Jump Shot,0,0
38,36,PT06M51.00S,1,1610612751,NJN,1713,Carter,V. Carter,0,0,0,,0,,,0,v,Carter REBOUND (Off:0 Def:1),Rebound,Unknown,0,0
39,37,PT06M40.00S,1,1610612751,NJN,1630,Moore,M. Moore,-67,164,18,Made,1,4,12,16,v,Moore 18' Jump Shot (4 PTS) (Kidd 4 AST),Made Shot,Jump Shot,0,0
40,38,PT06M39.00S,1,0,,1610612755,,,0,0,0,,0,,,0,h,76ERS Timeout: Regular (Full 1 Short 0),Timeout,Regular,0,0
41,40,PT06M26.00S,1,1610612755,PHI,2738,Iguodala,A. Iguodala,174,110,21,Missed,1,,,0,h,MISS Iguodala 21' Jump Shot,Missed Shot,Jump Shot,0,0
42,41,PT06M24.00S,1,1610612755,PHI,1889,Miller,A. Miller,0,0,0,,0,,,0,h,Miller REBOUND (Off:1 Def:0),Rebound,Unknown,0,0
43,42,PT06M20.00S,1,1610612751,NJN,1630,Moore,M. Moore,0,0,0,,0,,,0,v,Moore S.FOUL (P1.T1),Foul,Shooting,0,0
44,43,PT06M20.00S,1,1610612755,PHI,2738,Iguodala,A. Iguodala,0,0,0,,0,5,12,17,h,Iguodala Free Throw 1 of 2 (1 PTS),Free Throw,Free Throw 1 of 2,0,0
45,44,PT06M20.00S,1,1610612755,PHI,2738,Iguodala,A. Iguodala,0,0,0,,0,,,0,h,MISS Iguodala Free Throw 2 of 2,Free Throw,Free Throw 2 of 2,0,0
46,45,PT06M18.00S,1,1610612751,NJN,200801,Adams,H. Adams,0,0,0,,0,,,0,v,Adams REBOUND (Off:0 Def:1),Rebound,Unknown,0,0
47,46,PT06M09.00S,1,1610612751,NJN,1713,Carter,V. Carter,0,0,0,Made,1,5,14,19,v,Carter Alley Oop Dunk (4 PTS) (Kidd 5 AST),Made Shot,Alley Oop Dunk Shot,0,0
48,47,PT05M52.00S,1,1610612755,PHI,1889,Miller,A. Miller,0,0,0,,0,,,0,h,Miller Out of Bounds Lost Ball Turnover (P1.T3),Turnover,Out of Bounds Lost Ball Turnover,0,0
49,48,PT05M37.00S,1,1610612751,NJN,1713,Carter,V. Carter,5,135,14,Made,1,5,16,21,v,Carter 14' Jump Shot (6 PTS) (Moore 1 AST),Made Shot,Jump Shot,0,0
50,49,PT05M22.00S,1,1610612755,PHI,2212,Hunter,S. Hunter,-6,53,5,Missed,1,,,0,h,MISS Hunter 5' Hook Shot,Missed Shot,Hook Shot,0,0
51,50,PT05M19.00S,1,1610612751,NJN,2215,Collins,J. Collins,0,0,0,,0,,,0,v,Collins REBOUND (Off:0 Def:1),Rebound,Unknown,0,0
52,51,PT05M07.00S,1,1610612751,NJN,200801,Adams,H. Adams,0,0,0,,0,,,0,v,Adams Traveling Turnover (P1.T2),Turnover,Traveling,0,0
53,52,PT04M54.00S,1,1610612755,PHI,2584,Green,W. Green,51,176,18,Missed,1,,,0,h,MISS Green 18' Jump Shot,Missed Shot,Jump Shot,0,0
54,53,PT04M52.00S,1,1610612751,NJN,467,Kidd,J. Kidd,0,0,0,,0,,,0,v,Kidd REBOUND (Off:0 Def:3),Rebound,Unknown,0,0
55,54,PT04M46.00S,1,1610612751,NJN,467,Kidd,J. Kidd,135,151,20,Made,1,5,18,23,v,Kidd 20' Jump Shot (4 PTS) (Carter 1 AST),Made Shot,Jump Shot,0,0
56,55,PT04M25.00S,1,1610612755,PHI,2223,Dalembert,S. Dalembert,-113,76,14,Missed,1,,,0,h,MISS Dalembert 14' Jump Shot,Missed Shot,Jump Shot,0,0
57,56,PT04M23.00S,1,1610612751,NJN,2215,Collins,J. Collins,0,0,0,,0,,,0,v,Collins REBOUND (Off:0 Def:2),Rebound,Unknown,0,0
58,57,PT04M17.00S,1,1610612751,NJN,200801,Adams,H. Adams,0,0,0,,0,,,0,v,Adams Lost Ball Turnover (P2.T3),Turnover,Lost Ball,0,0
59,57,PT04M17.00S,1,1610612755,PHI,2584,Green,W. Green,0,0,0,,0,,,0,h,Green STEAL (1 STL),,,0,0
60,58,PT04M11.00S,1,1610612755,PHI,2584,Green,W. Green,-54,20,6,Missed,1,,,0,h,MISS Green 6' Jump Shot,Missed Shot,Jump Shot,0,0
61,59,PT04M10.00S,1,1610612751,NJN,467,Kidd,J. Kidd,0,0,0,,0,,,0,v,Kidd REBOUND (Off:0 Def:4),Rebound,Unknown,0,0
62,60,PT04M03.00S,1,1610612751,NJN,200801,Adams,H. Adams,0,0,0,Missed,1,,,0,v,MISS Adams Layup,Missed Shot,Layup Shot,0,0
63,61,PT04M02.00S,1,1610612751,NJN,200801,Adams,H. Adams,0,0,0,,0,,,0,v,Adams REBOUND (Off:1 Def:1),Rebound,Unknown,0,0
64,62,PT03M59.00S,1,1610612751,NJN,200801,Adams,H. Adams,66,-21,7,Missed,1,,,0,v,MISS Adams 7' Jump Shot,Missed Shot,Jump Shot,0,0
65,62,PT03M59.00S,1,1610612755,PHI,2223,Dalembert,S. Dalembert,0,0,0,,0,,,0,h,Dalembert BLOCK (1 BLK),,,0,0
66,63,PT03M57.00S,1,1610612751,NJN,200801,Adams,H. Adams,0,0,0,,0,,,0,v,Adams REBOUND (Off:2 Def:1),Rebound,Unknown,0,0
67,64,PT03M57.00S,1,1610612755,PHI,2223,Dalembert,S. Dalembert,0,0,0,,0,,,0,h,Dalembert S.FOUL (P2.T2),Foul,Shooting,0,0
68,65,PT03M57.00S,1,1610612755,PHI,2584,Green,W. Green,0,0,0,,0,,,0,h,SUB: Korver FOR Green,Substitution,,0,0
69,66,PT03M57.00S,1,1610612755,PHI,2223,Dalembert,S. Dalembert,0,0,0,,0,,,0,h,SUB: Smith FOR Dalembert,Substitution,,0,0
70,67,PT03M57.00S,1,1610612751,NJN,200801,Adams,H. Adams,0,0,0,,0,5,19,24,v,Adams Free Throw 1 of 2 (3 PTS),Free Throw,Free Throw 1 of 2,0,0
71,68,PT03M57.00S,1,1610612751,NJN,200801,Adams,H. Adams,0,0,0,,0,,,0,v,MISS Adams Free Throw 2 of 2,Free Throw,Free Throw 2 of 2,0,0
72,69,PT03M56.00S,1,1610612755,PHI,693,Smith,J. Smith,0,0,0,,0,,,0,h,Smith REBOUND (Off:0 Def:1),Rebound,Unknown,0,0
73,70,PT03M48.00S,1,1610612755,PHI,2738,Iguodala,A. Iguodala,0,0,0,Made,1,7,19,26,h,Iguodala Alley Oop Dunk (3 PTS) (Miller 1 AST),Made Shot,Alley Oop Dunk Shot,0,0
74,72,PT03M45.00S,1,0,,1610612751,,,0,0,0,,0,,,0,v,Nets Timeout: Regular (Reg.1 Short 0),Timeout,Regular,0,0
75,74,PT03M45.00S,1,1610612751,NJN,200801,Adams,H. Adams,0,0,0,,0,,,0,v,SUB: Nachbar FOR Adams,Substitution,,0,0
76,75,PT03M30.00S,1,1610612751,NJN,1713,Carter,V. Carter,179,191,26,Made,1,7,22,29,v,Carter 26' 3PT Jump Shot (9 PTS) (Kidd 6 AST),Made Shot,Jump Shot,0,0
77,76,PT03M16.00S,1,1610612755,PHI,2594,Korver,K. Korver,34,196,20,Missed,1,,,0,h,MISS Korver 20' Jump Shot,Missed Shot,Jump Shot,0,0
78,79,PT03M12.00S,1,1610612751,NJN,1713,Carter,V. Carter,0,0,0,,0,,,0,v,Carter REBOUND (Off:0 Def:2),Rebound,Unknown,0,0
79,80,PT03M09.00S,1,1610612751,NJN,2411,Nachbar,B. Nachbar,0,0,0,Made,1,7,24,31,v,Nachbar Driving Layup (2 PTS) (Carter 2 AST),Made Shot,Driving Layup Shot,0,0
80,81,PT02M55.00S,1,1610612755,PHI,2594,Korver,K. Korver,-97,132,16,Missed,1,,,0,h,MISS Korver 16' Jump Shot,Missed Shot,Jump Shot,0,0
81,83,PT02M52.00S,1,1610612755,PHI,2212,Hunter,S. Hunter,0,0,0,,0,,,0,h,Hunter REBOUND (Off:1 Def:1),Rebound,Unknown,0,0
82,82,PT02M52.00S,1,1610612755,PHI,2212,Hunter,S. Hunter,0,0,0,Made,1,9,24,33,h,Hunter Tip Shot (2 PTS),Made Shot,Tip Shot,0,0
83,84,PT02M31.00S,1,1610612751,NJN,2411,Nachbar,B. Nachbar,-54,186,19,Missed,1,,,0,v,MISS Nachbar 19' Jump Shot,Missed Shot,Jump Shot,0,0
84,86,PT02M28.00S,1,1610612751,NJN,1713,Carter,V. Carter,0,0,0,,0,,,0,v,Carter REBOUND (Off:1 Def:2),Rebound,Unknown,0,0
85,85,PT02M28.00S,1,1610612751,NJN,1713,Carter,V. Carter,0,0,0,Missed,1,,,0,v,MISS Carter Layup,Missed Shot,Layup Shot,0,0
86,87,PT02M27.00S,1,1610612755,PHI,693,Smith,J. Smith,0,0,0,,0,,,0,h,Smith REBOUND (Off:0 Def:2),Rebound,Unknown,0,0
87,88,PT02M22.00S,1,1610612755,PHI,2594,Korver,K. Korver,-159,146,22,Made,1,11,24,35,h,Korver 22' Jump Shot (2 PTS) (Miller 2 AST),Made Shot,Jump Shot,0,0
88,89,PT01M59.00S,1,1610612751,NJN,1630,Moore,M. Moore,-75,153,17,Made,1,11,26,37,v,Moore 17' Jump Shot (6 PTS) (Kidd 7 AST),Made Shot,Jump Shot,0,0
89,90,PT01M41.00S,1,1610612755,PHI,2738,Iguodala,A. Iguodala,-179,201,27,Made,1,14,26,40,h,Iguodala 27' 3PT Jump Shot (6 PTS) (Korver 1 AST),Made Shot,Jump Shot,0,0
90,91,PT01M20.00S,1,1610612751,NJN,467,Kidd,J. Kidd,0,0,0,,0,,,0,v,Kidd Bad Pass Turnover (P1.T4),Turnover,Bad Pass,0,0
91,91,PT01M20.00S,1,1610612755,PHI,2738,Iguodala,A. Iguodala,0,0,0,,0,,,0,h,Iguodala STEAL (1 STL),,,0,0
92,92,PT01M16.00S,1,1610612755,PHI,1889,Miller,A. Miller,0,0,0,Made,1,16,26,42,h,Miller Driving Layup (4 PTS) (Iguodala 1 AST),Made Shot,Driving Layup Shot,0,0
93,93,PT01M02.00S,1,1610612751,NJN,1713,Carter,V. Carter,-72,250,26,Missed,1,,,0,v,MISS Carter 26' 3PT Jump Shot,Missed Shot,Jump Shot,0,0
94,94,PT01M00.00S,1,1610612755,PHI,2212,Hunter,S. Hunter,0,0,0,,0,,,0,h,Hunter REBOUND (Off:1 Def:2),Rebound,Unknown,0,0
95,95,PT00M51.80S,1,1610612755,PHI,2594,Korver,K. Korver,0,0,0,,0,,,0,h,Korver Bad Pass Turnover (P1.T4),Turnover,Bad Pass,0,0
96,95,PT00M51.80S,1,1610612751,NJN,467,Kidd,J. Kidd,0,0,0,,0,,,0,v,Kidd STEAL (1 STL),,,0,0
97,96,PT00M48.70S,1,1610612751,NJN,467,Kidd,J. Kidd,0,0,0,Made,1,16,28,44,v,Kidd Driving Layup (6 PTS),Made Shot,Driving Layup Shot,0,0
98,98,PT00M28.90S,1,1610612755,PHI,2738,Iguodala,A. Iguodala,0,0,0,,0,,,0,h,Iguodala Bad Pass Turnover (P3.T5),Turnover,Bad Pass,0,0
99,98,PT00M28.90S,1,1610612751,NJN,467,Kidd,J. Kidd,0,0,0,,0,,,0,v,Kidd STEAL (2 STL),,,0,0
100,99,PT00M25.90S,1,1610612755,PHI,2594,Korver,K. Korver,0,0,0,,0,,,0,h,Korver S.FOUL (P1.T3),Foul,Shooting,0,0
101,100,PT00M25.90S,1,1610612751,NJN,467,Kidd,J. Kidd,0,0,0,,0,,,0,v,SUB: Williams FOR Kidd,Substitution,,0,0
102,101,PT00M25.90S,1,1610612751,NJN,2215,Collins,J. Collins,0,0,0,,0,,,0,v,SUB: C. Robinson FOR Collins,Substitution,,0,0
103,102,PT00M25.90S,1,1610612751,NJN,2411,Nachbar,B. Nachbar,0,0,0,,0,16,29,45,v,Nachbar Free Throw 1 of 2 (3 PTS),Free Throw,Free Throw 1 of 2,0,0
104,103,PT00M25.90S,1,1610612751,NJN,2411,Nachbar,B. Nachbar,0,0,0,,0,16,30,46,v,Nachbar Free Throw 2 of 2 (4 PTS),Free Throw,Free Throw 2 of 2,0,0
105,104,PT00M03.90S,1,1610612755,PHI,2212,Hunter,S. Hunter,0,0,0,Made,1,18,30,48,h,Hunter Layup (4 PTS) (Iguodala 2 AST),Made Shot,Layup Shot,0,0
106,105,PT00M03.90S,1,1610612751,NJN,361,Robinson,C. Robinson,0,0,0,,0,,,0,v,C. Robinson S.FOUL (P1.T2),Foul,Shooting,0,0
107,106,PT00M03.90S,1,1610612755,PHI,2212,Hunter,S. Hunter,0,0,0,,0,,,0,h,MISS Hunter Free Throw 1 of 1,Free Throw,Free Throw 1 of 1,0,0
108,107,PT00M02.90S,1,1610612751,NJN,361,Robinson,C. Robinson,0,0,0,,0,,,0,v,C. Robinson REBOUND (Off:0 Def:1),Rebound,Unknown,0,0
109,108,PT00M01.00S,1,1610612751,NJN,200766,Williams,M. Williams,-161,243,29,Missed,1,,,0,v,MISS Williams 29' 3PT Jump Shot,Missed Shot,Jump Shot,0,0
110,109,PT00M00.10S,1,1610612751,NJN,1713,Carter,V. Carter,0,0,0,,0,,,0,v,Carter REBOUND (Off:2 Def:2),Rebound,Unknown,0,0
111,110,PT00M00.00S,1,0,,0,,,0,0,0,,0,18,30,48,,End of 1st Period (6:30 PM EST),period,end,0,0
112,112,PT12M00.00S,2,0,,0,,,0,0,0,,0,18,30,48,,Start of 2nd Period (6:33 PM EST),period,start,0,0
113,113,PT11M45.00S,2,1610612751,NJN,2411,Nachbar,B. Nachbar,-181,210,28,Missed,1,,,0,v,MISS Nachbar 28' 3PT Jump Shot,Missed Shot,Jump Shot,0,0
114,114,PT11M43.00S,2,1610612755,PHI,101150,Williams,L. Williams,0,0,0,,0,,,0,h,Williams REBOUND (Off:0 Def:1),Rebound,Unknown,0,0
115,115,PT11M33.00S,2,1610612755,PHI,101150,Williams,L. Williams,-184,191,27,Made,1,21,30,51,h,Williams 27' 3PT Jump Shot (3 PTS) (Korver 2 AST),Made Shot,Jump Shot,0,0
116,116,PT11M19.00S,2,1610612751,NJN,200766,Williams,M. Williams,0,0,0,,0,,,0,v,Williams Bad Pass Turnover (P1.T5),Turnover,Bad Pass,0,0
117,116,PT11M19.00S,2,1610612755,PHI,2738,Iguodala,A. Iguodala,0,0,0,,0,,,0,h,Iguodala STEAL (2 STL),,,0,0
118,117,PT11M14.00S,2,1610612755,PHI,2738,Iguodala,A. Iguodala,0,0,0,Made,1,23,30,53,h,Iguodala Alley Oop Layup (8 PTS) (Korver 3 AST),Made Shot,Alley Oop Layup shot,0,0
119,118,PT11M13.00S,2,0,,1610612751,,,0,0,0,,0,,,0,v,Nets Timeout: Short (Reg.1 Short 1),Timeout,Short,0,0
120,119,PT10M53.00S,2,1610612751,NJN,1713,Carter,V. Carter,-133,8,13,Missed,1,,,0,v,MISS Carter 13' Jump Shot,Missed Shot,Jump Shot,0,0
121,120,PT10M51.00S,2,1610612755,PHI,2738,Iguodala,A. Iguodala,0,0,0,,0,,,0,h,Iguodala REBOUND (Off:0 Def:2),Rebound,Unknown,0,0
122,121,PT10M29.00S,2,1610612755,PHI,693,Smith,J. Smith,-189,74,20,Missed,1,,,0,h,MISS Smith 20' Jump Shot,Missed Shot,Jump Shot,0,0
123,122,PT10M27.00S,2,1610612751,NJN,2411,Nachbar,B. Nachbar,0,0,0,,0,,,0,v,Nachbar REBOUND (Off:0 Def:1),Rebound,Unknown,0,0
124,123,PT10M22.00S,2,1610612751,NJN,2411,Nachbar,B. Nachbar,0,0,0,Missed,1,,,0,v,MISS Nachbar Layup,Missed Shot,Layup Shot,0,0
125,124,PT10M21.00S,2,1610612755,PHI,693,Smith,J. Smith,0,0,0,,0,,,0,h,Smith REBOUND (Off:0 Def:3),Rebound,Unknown,0,0
126,125,PT10M16.00S,2,1610612755,PHI,2594,Korver,K. Korver,-163,199,26,Made,1,26,30,56,h,Korver 26' 3PT Jump Shot (5 PTS) (Williams 1 AST),Made Shot,Jump Shot,0,0
127,126,PT09M56.00S,2,1610612755,PHI,2738,Iguodala,A. Iguodala,0,0,0,,0,,,0,h,Iguodala P.FOUL (P1.T1),Foul,Personal,0,0
128,127,PT09M56.00S,2,1610612751,NJN,1713,Carter,V. Carter,0,0,0,,0,,,0,v,SUB: House FOR Carter,Substitution,,0,0
129,128,PT09M42.00S,2,1610612751,NJN,200766,Williams,M. Williams,-189,-26,19,Missed,1,,,0,v,MISS Williams 19' Jump Shot,Missed Shot,Jump Shot,0,0
130,129,PT09M40.00S,2,1610612755,PHI,693,Smith,J. Smith,0,0,0,,0,,,0,h,Smith REBOUND (Off:0 Def:4),Rebound,Unknown,0,0
131,130,PT09M26.00S,2,1610612755,PHI,2594,Korver,K. Korver,-166,71,18,Made,1,28,30,58,h,Korver 18' Turnaround Jump Shot (7 PTS) (Iguodala 3 AST),Made Shot,Turnaround Jump Shot,0,0
132,131,PT09M05.00S,2,1610612751,NJN,361,Robinson,C. Robinson,-31,258,26,Made,1,28,33,61,v,C. Robinson 26' 3PT Jump Shot (3 PTS) (Nachbar 1 AST),Made Shot,Jump Shot,0,0
133,132,PT08M48.00S,2,1610612751,NJN,1630,Moore,M. Moore,0,0,0,,0,,,0,v,Nets T.Foul (Def. 3 Sec Moore ),Foul,Defense 3 Second,0,0
134,133,PT08M48.00S,2,0,,0,,,0,0,0,,0,,,0,,Timeout: Official,Timeout,Official,0,0
135,135,PT08M48.00S,2,1610612755,PHI,2738,Iguodala,A. Iguodala,0,0,0,,0,,,0,h,SUB: Green FOR Iguodala,Substitution,,0,0
136,136,PT08M48.00S,2,1610612755,PHI,2212,Hunter,S. Hunter,0,0,0,,0,,,0,h,SUB: Dalembert FOR Hunter,Substitution,,0,0
137,137,PT08M48.00S,2,1610612755,PHI,2594,Korver,K. Korver,0,0,0,,0,29,33,62,h,Korver Free Throw Technical (8 PTS),Free Throw,Free Throw Technical,0,0
138,138,PT08M42.00S,2,1610612755,PHI,2594,Korver,K. Korver,-112,135,18,Made,1,31,33,64,h,Korver 18' Turnaround Jump Shot (10 PTS) (Williams 2 AST),Made Shot,Turnaround Jump Shot,0,0
139,139,PT08M20.00S,2,1610612751,NJN,1630,Moore,M. Moore,8,51,5,Missed,1,,,0,v,MISS Moore 5' Hook Shot,Missed Shot,Hook Shot,0,0
140,140,PT08M18.00S,2,1610612755,PHI,2223,Dalembert,S. Dalembert,0,0,0,,0,,,0,h,Dalembert REBOUND (Off:1 Def:2),Rebound,Unknown,0,0
141,141,PT08M07.00S,2,1610612755,PHI,693,Smith,J. Smith,20,123,12,Made,1,33,33,66,h,Smith 12' Fadeaway Jumper (2 PTS) (Korver 4 AST),Made Shot,Fadeaway Jump Shot,0,0
142,142,PT07M38.00S,2,1610612751,NJN,200766,Williams,M. Williams,205,161,26,Missed,1,,,0,v,MISS Williams 26' 3PT Jump Shot,Missed Shot,Jump Shot,0,0
143,144,PT07M38.00S,2,0,,1610612751,,,0,0,0,,0,,,0,v,Nets Rebound,Rebound,Unknown,0,0
144,143,PT07M38.00S,2,0,,1610612751,,,0,0,0,,0,,,0,v,Nets Turnover: Shot Clock (T#6),Turnover,Shot Clock Turnover,0,0
145,146,PT07M38.00S,2,1610612751,NJN,2411,Nachbar,B. Nachbar,0,0,0,,0,,,0,v,SUB: Adams FOR Nachbar,Substitution,,0,0
146,149,PT07M20.00S,2,1610612755,PHI,2594,Korver,K. Korver,0,329,33,Made,1,36,33,69,h,Korver 33' 3PT Jump Shot (13 PTS) (Green 1 AST),Made Shot,Jump Shot,0,0
147,150,PT07M03.00S,2,1610612751,NJN,1630,Moore,M. Moore,26,155,16,Missed,1,,,0,v,MISS Moore 16' Jump Shot,Missed Shot,Jump Shot,0,0
148,151,PT07M01.00S,2,1610612755,PHI,693,Smith,J. Smith,0,0,0,,0,,,0,h,Smith REBOUND (Off:0 Def:5),Rebound,Unknown,0,0
149,152,PT06M55.00S,2,1610612755,PHI,2584,Green,W. Green,-125,77,15,Missed,1,,,0,h,MISS Green 15' Jump Shot,Missed Shot,Jump Shot,0,0
150,154,PT06M53.00S,2,1610612755,PHI,101150,Williams,L. Williams,0,0,0,,0,,,0,h,Williams REBOUND (Off:1 Def:1),Rebound,Unknown,0,0
151,153,PT06M53.00S,2,1610612755,PHI,101150,Williams,L. Williams,0,0,0,Missed,1,,,0,h,MISS Williams Tip Shot,Missed Shot,Tip Shot,0,0
152,156,PT06M52.00S,2,1610612755,PHI,101150,Williams,L. Williams,0,0,0,,0,,,0,h,Williams REBOUND (Off:2 Def:1),Rebound,Unknown,0,0
153,155,PT06M52.00S,2,1610612755,PHI,101150,Williams,L. Williams,0,0,0,Made,1,38,33,71,h,Williams Layup (5 PTS),Made Shot,Layup Shot,0,0
154,157,PT06M48.00S,2,0,,1610612751,,,0,0,0,,0,,,0,v,Nets Timeout: Regular (Reg.2 Short 1),Timeout,Regular,0,0
155,159,PT06M48.00S,2,1610612751,NJN,1630,Moore,M. Moore,0,0,0,,0,,,0,v,SUB: Collins FOR Moore,Substitution,,0,0
156,160,PT06M48.00S,2,1610612751,NJN,200766,Williams,M. Williams,0,0,0,,0,,,0,v,SUB: Kidd FOR Williams,Substitution,,0,0
157,161,PT06M33.00S,2,1610612751,NJN,2067,House,E. House,184,183,26,Missed,1,,,0,v,MISS House 26' 3PT Jump Shot,Missed Shot,Jump Shot,0,0
158,162,PT06M31.00S,2,1610612755,PHI,2584,Green,W. Green,0,0,0,,0,,,0,h,Green REBOUND (Off:0 Def:1),Rebound,Unknown,0,0
159,163,PT06M24.00S,2,1610612755,PHI,2584,Green,W. Green,0,95,10,Missed,1,,,0,h,MISS Green 10' Jump Shot,Missed Shot,Jump Shot,0,0
160,165,PT06M22.00S,2,1610612755,PHI,2223,Dalembert,S. Dalembert,0,0,0,,0,,,0,h,Dalembert REBOUND (Off:2 Def:2),Rebound,Unknown,0,0
161,164,PT06M22.00S,2,1610612755,PHI,2223,Dalembert,S. Dalembert,0,0,0,Missed,1,,,0,h,MISS Dalembert Tip Shot,Missed Shot,Tip Shot,0,0
162,166,PT06M20.00S,2,1610612751,NJN,2215,Collins,J. Collins,0,0,0,,0,,,0,v,Collins REBOUND (Off:0 Def:3),Rebound,Unknown,0,0
163,167,PT06M12.00S,2,1610612755,PHI,693,Smith,J. Smith,0,0,0,,0,,,0,h,Smith Violation:Kicked Ball,Violation,Kicked Ball,0,0
164,168,PT06M12.00S,2,1610612755,PHI,101150,Williams,L. Williams,0,0,0,,0,,,0,h,SUB: Miller FOR Williams,Substitution,,0,0
165,169,PT06M05.00S,2,1610612751,NJN,200801,Adams,H. Adams,0,0,0,Made,1,38,35,73,v,Adams Slam Dunk (5 PTS) (Kidd 8 AST),Made Shot,Slam Dunk Shot,0,0
166,170,PT05M43.00S,2,1610612755,PHI,2584,Green,W. Green,0,0,0,,0,,,0,h,Green Backcourt Turnover (P1.T6),Turnover,Backcourt Turnover,0,0
167,172,PT05M35.00S,2,1610612751,NJN,467,Kidd,J. Kidd,0,0,0,Missed,1,,,0,v,MISS Kidd Layup,Missed Shot,Layup Shot,0,0
168,173,PT05M34.00S,2,1610612755,PHI,2223,Dalembert,S. Dalembert,0,0,0,,0,,,0,h,Dalembert REBOUND (Off:2 Def:3),Rebound,Unknown,0,0
169,174,PT05M20.00S,2,1610612755,PHI,1889,Miller,A. Miller,-138,107,17,Missed,1,,,0,h,MISS Miller 17' Jump Shot,Missed Shot,Jump Shot,0,0
170,175,PT05M19.00S,2,1610612751,NJN,467,Kidd,J. Kidd,0,0,0,,0,,,0,v,Kidd REBOUND (Off:0 Def:5),Rebound,Unknown,0,0
171,176,PT05M14.00S,2,1610612751,NJN,2067,House,E. House,161,15,16,Made,1,38,37,75,v,House 16' Jump Shot (2 PTS) (Kidd 9 AST),Made Shot,Jump Shot,0,0
172,177,PT05M02.00S,2,1610612755,PHI,2584,Green,W. Green,0,0,0,Made,1,40,37,77,h,Green Layup (2 PTS) (Miller 3 AST),Made Shot,Layup Shot,0,0
173,178,PT04M50.00S,2,1610612751,NJN,2067,House,E. House,15,68,7,Missed,1,,,0,v,MISS House 7' Jump Shot,Missed Shot,Jump Shot,0,0
174,178,PT04M50.00S,2,1610612755,PHI,2594,Korver,K. Korver,0,0,0,,0,,,0,h,Korver BLOCK (1 BLK),,,0,0
175,179,PT04M48.00S,2,1610612755,PHI,2223,Dalembert,S. Dalembert,0,0,0,,0,,,0,h,Dalembert REBOUND (Off:2 Def:4),Rebound,Unknown,0,0
176,180,PT04M45.00S,2,1610612755,PHI,693,Smith,J. Smith,0,0,0,Made,1,42,37,79,h,Smith Layup (4 PTS) (Miller 4 AST),Made Shot,Layup Shot,0,0
177,181,PT04M45.00S,2,1610612751,NJN,200801,Adams,H. Adams,0,0,0,,0,,,0,v,Adams S.FOUL (P1.T1),Foul,Shooting,0,0
178,182,PT04M45.00S,2,1610612755,PHI,2584,Green,W. Green,0,0,0,,0,,,0,h,SUB: Iguodala FOR Green,Substitution,,0,0
179,183,PT04M45.00S,2,1610612751,NJN,2067,House,E. House,0,0,0,,0,,,0,v,SUB: Carter FOR House,Substitution,,0,0
180,184,PT04M45.00S,2,1610612755,PHI,693,Smith,J. Smith,0,0,0,,0,43,37,80,h,Smith Free Throw 1 of 1 (5 PTS),Free Throw,Free Throw 1 of 1,0,0
181,185,PT04M27.00S,2,1610612751,NJN,467,Kidd,J. Kidd,11,72,7,Missed,1,,,0,v,MISS Kidd 7' Jump Shot,Missed Shot,Jump Shot,0,0
182,186,PT04M25.00S,2,0,,1610612755,,,0,0,0,,0,,,0,h,76ERS Rebound,Rebound,Unknown,0,0
183,187,PT04M14.00S,2,1610612755,PHI,1889,Miller,A. Miller,0,0,0,,0,,,0,h,Miller Bad Pass Turnover (P2.T7),Turnover,Bad Pass,0,0
184,187,PT04M14.00S,2,1610612751,NJN,2215,Collins,J. Collins,0,0,0,,0,,,0,v,Collins STEAL (1 STL),,,0,0
185,188,PT03M53.00S,2,1610612751,NJN,200801,Adams,H. Adams,177,-21,18,Made,1,43,39,82,v,Adams 18' Jump Shot (7 PTS) (C. Robinson 1 AST),Made Shot,Jump Shot,0,0
186,189,PT03M47.00S,2,1610612755,PHI,2594,Korver,K. Korver,0,0,0,,0,,,0,h,Korver Traveling Turnover (P2.T8),Turnover,Traveling,0,0
187,190,PT03M47.00S,2,1610612751,NJN,361,Robinson,C. Robinson,0,0,0,,0,,,0,v,SUB: Moore FOR C. Robinson,Substitution,,0,0
188,191,PT03M36.00S,2,1610612751,NJN,1713,Carter,V. Carter,0,0,0,Missed,1,,,0,v,MISS Carter Layup,Missed Shot,Layup Shot,0,0
189,192,PT03M35.00S,2,1610612755,PHI,2223,Dalembert,S. Dalembert,0,0,0,,0,,,0,h,Dalembert REBOUND (Off:2 Def:5),Rebound,Unknown,0,0
190,193,PT03M14.00S,2,1610612755,PHI,693,Smith,J. Smith,59,71,9,Missed,1,,,0,h,MISS Smith 9' Jump Shot,Missed Shot,Jump Shot,0,0
191,194,PT03M13.00S,2,1610612751,NJN,467,Kidd,J. Kidd,0,0,0,,0,,,0,v,Kidd REBOUND (Off:0 Def:6),Rebound,Unknown,0,0
192,195,PT03M07.00S,2,1610612751,NJN,1713,Carter,V. Carter,-153,155,22,Missed,1,,,0,v,MISS Carter 22' Jump Shot,Missed Shot,Jump Shot,0,0
193,196,PT03M05.00S,2,1610612755,PHI,2223,Dalembert,S. Dalembert,0,0,0,,0,,,0,h,Dalembert REBOUND (Off:2 Def:6),Rebound,Unknown,0,0
194,197,PT02M55.00S,2,0,,1610612755,,,0,0,0,,0,,,0,h,76ERS Timeout: Regular (Full 2 Short 0),Timeout,Regular,0,0
195,199,PT02M55.00S,2,1610612755,PHI,2223,Dalembert,S. Dalembert,0,0,0,,0,,,0,h,SUB: Hunter FOR Dalembert,Substitution,,0,0
196,200,PT02M46.00S,2,1610612755,PHI,2738,Iguodala,A. Iguodala,24,197,20,Made,1,45,39,84,h,Iguodala 20' Jump Shot (10 PTS),Made Shot,Jump Shot,0,0
197,201,PT02M22.00S,2,1610612751,NJN,1630,Moore,M. Moore,131,48,14,Made,1,45,41,86,v,Moore 14' Turnaround Jump Shot (8 PTS),Made Shot,Turnaround Jump Shot,0,0
198,202,PT02M02.00S,2,1610612755,PHI,2594,Korver,K. Korver,0,0,0,,0,,,0,h,Korver Bad Pass Turnover (P3.T9),Turnover,Bad Pass,0,0
199,202,PT02M02.00S,2,1610612751,NJN,2215,Collins,J. Collins,0,0,0,,0,,,0,v,Collins STEAL (2 STL),,,0,0
200,203,PT01M56.00S,2,1610612751,NJN,467,Kidd,J. Kidd,8,255,26,Missed,1,,,0,v,MISS Kidd 26' 3PT Jump Shot,Missed Shot,Jump Shot,0,0
201,204,PT01M54.00S,2,1610612755,PHI,2594,Korver,K. Korver,0,0,0,,0,,,0,h,Korver REBOUND (Off:0 Def:1),Rebound,Unknown,0,0
202,205,PT01M45.00S,2,1610612755,PHI,2212,Hunter,S. Hunter,0,0,0,Made,1,47,41,88,h,Hunter Slam Dunk (6 PTS) (Miller 5 AST),Made Shot,Slam Dunk Shot,0,0
203,206,PT01M45.00S,2,1610612751,NJN,1630,Moore,M. Moore,0,0,0,,0,,,0,v,Moore S.FOUL (P2.T2),Foul,Shooting,0,0
204,208,PT01M45.00S,2,1610612751,NJN,1630,Moore,M. Moore,0,0,0,,0,,,0,v,SUB: C. Robinson FOR Moore,Substitution,,0,0
205,209,PT01M45.00S,2,1610612755,PHI,2212,Hunter,S. Hunter,0,0,0,,0,,,0,h,MISS Hunter Free Throw 1 of 1,Free Throw,Free Throw 1 of 1,0,0
206,210,PT01M44.00S,2,1610612751,NJN,361,Robinson,C. Robinson,0,0,0,,0,,,0,v,C. Robinson REBOUND (Off:0 Def:2),Rebound,Unknown,0,0
207,211,PT01M24.00S,2,1610612751,NJN,361,Robinson,C. Robinson,1,49,5,Made,1,47,43,90,v,C. Robinson 5' Turnaround Jump Shot (5 PTS) (Kidd 10 AST),Made Shot,Turnaround Jump Shot,0,0
208,212,PT01M05.00S,2,1610612755,PHI,2594,Korver,K. Korver,169,-11,17,Missed,1,,,0,h,MISS Korver 17' Jump Shot,Missed Shot,Jump Shot,0,0
209,213,PT01M03.00S,2,1610612751,NJN,2215,Collins,J. Collins,0,0,0,,0,,,0,v,Collins REBOUND (Off:0 Def:4),Rebound,Unknown,0,0
210,214,PT00M49.90S,2,1610612751,NJN,1713,Carter,V. Carter,0,68,7,Missed,1,,,0,v,MISS Carter 7' Jump Shot,Missed Shot,Jump Shot,0,0
211,214,PT00M49.90S,2,1610612755,PHI,693,Smith,J. Smith,0,0,0,,0,,,0,h,Smith BLOCK (1 BLK),,,0,0
212,215,PT00M48.30S,2,1610612755,PHI,693,Smith,J. Smith,0,0,0,,0,,,0,h,Smith REBOUND (Off:0 Def:6),Rebound,Unknown,0,0
213,216,PT00M46.50S,2,1610612755,PHI,2738,Iguodala,A. Iguodala,0,0,0,Made,1,49,43,92,h,Iguodala Dunk (12 PTS) (Miller 6 AST),Made Shot,Dunk Shot,0,0
214,217,PT00M33.10S,2,1610612751,NJN,361,Robinson,C. Robinson,0,0,0,,0,,,0,v,C. Robinson Bad Pass Turnover (P1.T7),Turnover,Bad Pass,0,0
215,218,PT00M16.80S,2,1610612755,PHI,1889,Miller,A. Miller,0,0,0,,0,,,0,h,Miller Bad Pass Turnover (P3.T10),Turnover,Bad Pass,0,0
216,218,PT00M16.80S,2,1610612751,NJN,2215,Collins,J. Collins,0,0,0,,0,,,0,v,Collins STEAL (3 STL),,,0,0
217,219,PT00M03.80S,2,1610612751,NJN,2215,Collins,J. Collins,0,0,0,Missed,1,,,0,v,MISS Collins Layup,Missed Shot,Layup Shot,0,0
218,219,PT00M03.80S,2,1610612755,PHI,2594,Korver,K. Korver,0,0,0,,0,,,0,h,Korver BLOCK (2 BLK),,,0,0
219,220,PT00M00.10S,2,1610612755,PHI,693,Smith,J. Smith,0,0,0,,0,,,0,h,Smith REBOUND (Off:0 Def:7),Rebound,Unknown,0,0
220,221,PT00M00.00S,2,0,,0,,,0,0,0,,0,49,43,92,,End of 2nd Period (6:57 PM EST),period,end,0,0
221,223,PT12M00.00S,3,0,,0,,,0,0,0,,0,49,43,92,,Start of 3rd Period (7:13 PM EST),period,start,0,0
222,224,PT11M42.00S,3,1610612751,NJN,1713,Carter,V. Carter,6,81,8,Missed,1,,,0,v,MISS Carter 8' Jump Shot,Missed Shot,Jump Shot,0,0
223,225,PT11M40.00S,3,1610612755,PHI,2584,Green,W. Green,0,0,0,,0,,,0,h,Green REBOUND (Off:0 Def:2),Rebound,Unknown,0,0
224,226,PT11M16.00S,3,1610612755,PHI,2584,Green,W. Green,108,225,25,Missed,1,,,0,h,MISS Green 25' 3PT Jump Shot,Missed Shot,Jump Shot,0,0
225,227,PT11M14.00S,3,1610612755,PHI,1889,Miller,A. Miller,0,0,0,,0,,,0,h,Miller REBOUND (Off:2 Def:0),Rebound,Unknown,0,0
226,228,PT11M08.00S,3,1610612755,PHI,1889,Miller,A. Miller,-172,31,17,Made,1,51,43,94,h,Miller 17' Jump Shot (6 PTS),Made Shot,Jump Shot,0,0
227,229,PT10M54.00S,3,1610612751,NJN,1630,Moore,M. Moore,144,61,16,Missed,1,,,0,v,MISS Moore 16' Jump Shot,Missed Shot,Jump Shot,0,0
228,230,PT10M52.00S,3,1610612755,PHI,2584,Green,W. Green,0,0,0,,0,,,0,h,Green REBOUND (Off:0 Def:3),Rebound,Unknown,0,0
229,231,PT10M46.00S,3,1610612755,PHI,2584,Green,W. Green,85,40,9,Made,1,53,43,96,h,Green 9' Running Jump Shot (4 PTS),Made Shot,Running Jump Shot,0,0
230,232,PT10M37.00S,3,0,,1610612751,,,0,0,0,,0,,,0,v,Nets Timeout: Regular (Reg.3 Short 1),Timeout,Regular,0,0
231,233,PT10M22.00S,3,1610612751,NJN,467,Kidd,J. Kidd,140,227,27,Missed,1,,,0,v,MISS Kidd 27' 3PT Jump Shot,Missed Shot,Jump Shot,0,0
232,234,PT10M20.00S,3,1610612755,PHI,1889,Miller,A. Miller,0,0,0,,0,,,0,h,Miller REBOUND (Off:2 Def:1),Rebound,Unknown,0,0
233,235,PT10M08.00S,3,1610612755,PHI,2212,Hunter,S. Hunter,0,0,0,,0,,,0,h,Hunter OFF.Foul (P1),Foul,Offensive,0,0
234,236,PT10M08.00S,3,1610612755,PHI,2212,Hunter,S. Hunter,0,0,0,,0,,,0,h,Hunter Foul Turnover (P1.T11),Turnover,Foul,0,0
235,237,PT09M47.00S,3,1610612751,NJN,1713,Carter,V. Carter,-156,130,20,Missed,1,,,0,v,MISS Carter 20' Jump Shot,Missed Shot,Jump Shot,0,0
236,238,PT09M44.00S,3,1610612751,NJN,1630,Moore,M. Moore,0,0,0,,0,,,0,v,Moore REBOUND (Off:1 Def:3),Rebound,Unknown,0,0
237,239,PT09M44.00S,3,1610612751,NJN,1630,Moore,M. Moore,0,0,0,,0,,,0,v,Moore Lost Ball Turnover (P1.T8),Turnover,Lost Ball,0,0
238,239,PT09M44.00S,3,1610612755,PHI,2738,Iguodala,A. Iguodala,0,0,0,,0,,,0,h,Iguodala STEAL (3 STL),,,0,0
239,240,PT09M40.00S,3,1610612755,PHI,2584,Green,W. Green,0,0,0,Made,1,55,43,98,h,Green Layup (6 PTS) (Iguodala 4 AST),Made Shot,Layup Shot,0,0
240,241,PT09M15.00S,3,1610612751,NJN,2215,Collins,J. Collins,0,0,0,Missed,1,,,0,v,MISS Collins Layup,Missed Shot,Layup Shot,0,0
241,242,PT09M14.00S,3,1610612755,PHI,2223,Dalembert,S. Dalembert,0,0,0,,0,,,0,h,Dalembert REBOUND (Off:2 Def:7),Rebound,Unknown,0,0
242,243,PT09M08.00S,3,1610612755,PHI,2584,Green,W. Green,166,133,21,Made,1,57,43,100,h,Green 21' Jump Shot (8 PTS) (Miller 7 AST),Made Shot,Jump Shot,0,0
243,244,PT08M50.00S,3,1610612751,NJN,467,Kidd,J. Kidd,39,169,17,Missed,1,,,0,v,MISS Kidd 17' Jump Shot,Missed Shot,Jump Shot,0,0
244,245,PT08M48.00S,3,1610612751,NJN,467,Kidd,J. Kidd,0,0,0,,0,,,0,v,Kidd REBOUND (Off:1 Def:6),Rebound,Unknown,0,0
245,246,PT08M47.00S,3,1610612751,NJN,2215,Collins,J. Collins,0,0,0,,0,,,0,v,SUB: Nachbar FOR Collins,Substitution,,0,0
246,247,PT08M37.00S,3,1610612751,NJN,2411,Nachbar,B. Nachbar,-238,-8,24,Missed,1,,,0,v,MISS Nachbar 24' 3PT Jump Shot,Missed Shot,Jump Shot,0,0
247,248,PT08M35.00S,3,1610612755,PHI,2584,Green,W. Green,0,0,0,,0,,,0,h,Green REBOUND (Off:0 Def:4),Rebound,Unknown,0,0
248,249,PT08M32.00S,3,1610612751,NJN,1713,Carter,V. Carter,0,0,0,,0,,,0,v,Carter S.FOUL (P1.T1),Foul,Shooting,0,0
249,250,PT08M32.00S,3,1610612755,PHI,2738,Iguodala,A. Iguodala,0,0,0,,0,58,43,101,h,Iguodala Free Throw 1 of 2 (13 PTS),Free Throw,Free Throw 1 of 2,0,0
250,251,PT08M32.00S,3,1610612755,PHI,2738,Iguodala,A. Iguodala,0,0,0,,0,59,43,102,h,Iguodala Free Throw 2 of 2 (14 PTS),Free Throw,Free Throw 2 of 2,0,0
251,252,PT08M15.00S,3,1610612751,NJN,2411,Nachbar,B. Nachbar,0,0,0,Made,1,59,45,104,v,Nachbar Driving Dunk (6 PTS) (Carter 3 AST),Made Shot,Driving Dunk Shot,0,0
252,253,PT07M54.00S,3,1610612755,PHI,2584,Green,W. Green,123,122,17,Missed,1,,,0,h,MISS Green 17' Jump Shot,Missed Shot,Jump Shot,0,0
253,255,PT07M51.00S,3,1610612755,PHI,2212,Hunter,S. Hunter,0,0,0,,0,,,0,h,Hunter REBOUND (Off:2 Def:2),Rebound,Unknown,0,0
254,254,PT07M51.00S,3,1610612755,PHI,2212,Hunter,S. Hunter,0,0,0,Missed,1,,,0,h,MISS Hunter Tip Shot,Missed Shot,Tip Shot,0,0
255,256,PT07M48.00S,3,1610612755,PHI,2223,Dalembert,S. Dalembert,0,0,0,,0,,,0,h,Dalembert REBOUND (Off:3 Def:7),Rebound,Unknown,0,0
256,258,PT07M36.00S,3,1610612755,PHI,2212,Hunter,S. Hunter,0,0,0,,0,,,0,h,Hunter Traveling Turnover (P2.T12),Turnover,Traveling,0,0
257,259,PT07M23.00S,3,1610612751,NJN,467,Kidd,J. Kidd,0,0,0,Made,1,59,47,106,v,Kidd Driving Layup (8 PTS),Made Shot,Driving Layup Shot,0,0
258,260,PT07M06.00S,3,1610612755,PHI,2223,Dalembert,S. Dalembert,-149,92,18,Missed,1,,,0,h,MISS Dalembert 18' Jump Shot,Missed Shot,Jump Shot,0,0
259,261,PT07M04.00S,3,1610612751,NJN,1713,Carter,V. Carter,0,0,0,,0,,,0,v,Carter REBOUND (Off:2 Def:3),Rebound,Unknown,0,0
260,262,PT07M00.00S,3,1610612755,PHI,2223,Dalembert,S. Dalembert,0,0,0,,0,,,0,h,Dalembert S.FOUL (P3.T1),Foul,Shooting,0,0
261,263,PT07M00.00S,3,1610612751,NJN,2411,Nachbar,B. Nachbar,0,0,0,,0,59,48,107,v,Nachbar Free Throw 1 of 2 (7 PTS),Free Throw,Free Throw 1 of 2,0,0
262,264,PT07M00.00S,3,1610612751,NJN,2411,Nachbar,B. Nachbar,0,0,0,,0,59,49,108,v,Nachbar Free Throw 2 of 2 (8 PTS),Free Throw,Free Throw 2 of 2,0,0
263,265,PT06M47.00S,3,1610612755,PHI,2223,Dalembert,S. Dalembert,0,0,0,Made,1,61,49,110,h,Dalembert Layup (4 PTS) (Iguodala 5 AST),Made Shot,Layup Shot,0,0
264,266,PT06M47.00S,3,1610612751,NJN,2411,Nachbar,B. Nachbar,0,0,0,,0,,,0,v,Nachbar S.FOUL (P1.T2),Foul,Shooting,0,0
265,267,PT06M47.00S,3,1610612755,PHI,2223,Dalembert,S. Dalembert,0,0,0,,0,62,49,111,h,Dalembert Free Throw 1 of 1 (5 PTS),Free Throw,Free Throw 1 of 1,0,0
266,268,PT06M33.00S,3,1610612751,NJN,467,Kidd,J. Kidd,-174,92,20,Missed,1,,,0,v,MISS Kidd 20' Jump Shot,Missed Shot,Jump Shot,0,0
267,269,PT06M31.00S,3,1610612755,PHI,2584,Green,W. Green,0,0,0,,0,,,0,h,Green REBOUND (Off:0 Def:5),Rebound,Unknown,0,0
268,270,PT06M23.00S,3,1610612751,NJN,200801,Adams,H. Adams,0,0,0,,0,,,0,v,Adams P.FOUL (P2.T3),Foul,Personal,0,0
269,271,PT06M13.00S,3,1610612755,PHI,2738,Iguodala,A. Iguodala,0,0,0,,0,,,0,h,Iguodala Bad Pass Turnover (P4.T13),Turnover,Bad Pass,0,0
270,272,PT06M04.00S,3,1610612751,NJN,1713,Carter,V. Carter,0,0,0,,0,,,0,v,Carter Bad Pass Turnover (P1.T9),Turnover,Bad Pass,0,0
271,273,PT05M41.00S,3,1610612755,PHI,2584,Green,W. Green,-125,169,21,Missed,1,,,0,h,MISS Green 21' Jump Shot,Missed Shot,Jump Shot,0,0
272,274,PT05M39.00S,3,1610612755,PHI,1889,Miller,A. Miller,0,0,0,,0,,,0,h,Miller REBOUND (Off:3 Def:1),Rebound,Unknown,0,0
273,275,PT05M32.00S,3,1610612755,PHI,2584,Green,W. Green,0,0,0,Made,1,64,49,113,h,Green Reverse Layup (10 PTS) (Miller 8 AST),Made Shot,Reverse Layup Shot,0,0
274,276,PT05M12.00S,3,1610612751,NJN,1713,Carter,V. Carter,0,0,0,Missed,1,,,0,v,MISS Carter Layup,Missed Shot,Layup Shot,0,0
275,278,PT05M11.00S,3,1610612751,NJN,467,Kidd,J. Kidd,0,0,0,,0,,,0,v,Kidd REBOUND (Off:2 Def:6),Rebound,Unknown,0,0
276,277,PT05M11.00S,3,1610612751,NJN,467,Kidd,J. Kidd,0,0,0,Missed,1,,,0,v,MISS Kidd Tip Shot,Missed Shot,Tip Shot,0,0
277,280,PT05M10.00S,3,1610612751,NJN,1630,Moore,M. Moore,0,0,0,,0,,,0,v,Moore REBOUND (Off:2 Def:3),Rebound,Unknown,0,0
278,279,PT05M10.00S,3,1610612751,NJN,1630,Moore,M. Moore,0,0,0,Made,1,64,51,115,v,Moore Layup (10 PTS),Made Shot,Layup Shot,0,0
279,281,PT05M01.00S,3,1610612755,PHI,2584,Green,W. Green,0,0,0,Made,1,66,51,117,h,Green Alley Oop Dunk (12 PTS) (Miller 9 AST),Made Shot,Alley Oop Dunk Shot,0,0
280,282,PT04M59.00S,3,0,,1610612751,,,0,0,0,,0,,,0,v,Nets Timeout: Regular (Reg.4 Short 1),Timeout,Regular,0,0
281,283,PT04M59.00S,3,1610612755,PHI,2223,Dalembert,S. Dalembert,0,0,0,,0,,,0,h,SUB: Smith FOR Dalembert,Substitution,,0,0
282,284,PT04M48.00S,3,1610612751,NJN,1630,Moore,M. Moore,0,0,0,Made,1,66,53,119,v,Moore Running Dunk (12 PTS) (Kidd 11 AST),Made Shot,Running Dunk Shot,0,0
283,285,PT04M24.00S,3,1610612755,PHI,1889,Miller,A. Miller,-102,104,15,Missed,1,,,0,h,MISS Miller 15' Jump Shot,Missed Shot,Jump Shot,0,0
284,286,PT04M22.00S,3,1610612751,NJN,2411,Nachbar,B. Nachbar,0,0,0,,0,,,0,v,Nachbar REBOUND (Off:0 Def:2),Rebound,Unknown,0,0
285,287,PT04M16.00S,3,1610612751,NJN,200801,Adams,H. Adams,0,0,0,Missed,1,,,0,v,MISS Adams Layup,Missed Shot,Layup Shot,0,0
286,288,PT04M15.00S,3,1610612755,PHI,2212,Hunter,S. Hunter,0,0,0,,0,,,0,h,Hunter REBOUND (Off:2 Def:3),Rebound,Unknown,0,0
287,289,PT04M05.00S,3,1610612755,PHI,1889,Miller,A. Miller,-95,91,13,Made,1,68,53,121,h,Miller 13' Fadeaway Jumper (8 PTS),Made Shot,Fadeaway Jump Shot,0,0
288,290,PT03M54.00S,3,1610612751,NJN,2411,Nachbar,B. Nachbar,-197,184,27,Missed,1,,,0,v,MISS Nachbar 27' 3PT Jump Shot,Missed Shot,Jump Shot,0,0
289,291,PT03M52.00S,3,1610612755,PHI,2212,Hunter,S. Hunter,0,0,0,,0,,,0,h,Hunter REBOUND (Off:2 Def:4),Rebound,Unknown,0,0
290,292,PT03M47.00S,3,1610612755,PHI,2584,Green,W. Green,0,0,0,,0,,,0,h,Green OFF.Foul (P1),Foul,Offensive,0,0
291,293,PT03M47.00S,3,1610612755,PHI,2584,Green,W. Green,0,0,0,,0,,,0,h,Green Foul Turnover (P2.T14),Turnover,Foul,0,0
292,294,PT03M47.00S,3,1610612755,PHI,2212,Hunter,S. Hunter,0,0,0,,0,,,0,h,SUB: Korver FOR Hunter,Substitution,,0,0
293,295,PT03M47.00S,3,1610612751,NJN,200801,Adams,H. Adams,0,0,0,,0,,,0,v,SUB: House FOR Adams,Substitution,,0,0
294,296,PT03M30.00S,3,1610612751,NJN,2411,Nachbar,B. Nachbar,0,0,0,,0,,,0,v,Nachbar Lost Ball Turnover (P1.T10),Turnover,Lost Ball,0,0
295,296,PT03M30.00S,3,1610612755,PHI,2594,Korver,K. Korver,0,0,0,,0,,,0,h,Korver STEAL (1 STL),,,0,0
296,297,PT03M27.00S,3,1610612751,NJN,1713,Carter,V. Carter,0,0,0,,0,,,0,v,Carter S.FOUL (P2.T4),Foul,Shooting,0,0
297,298,PT03M27.00S,3,1610612755,PHI,2738,Iguodala,A. Iguodala,0,0,0,,0,69,53,122,h,Iguodala Free Throw 1 of 2 (15 PTS),Free Throw,Free Throw 1 of 2,0,0
298,299,PT03M27.00S,3,1610612755,PHI,2738,Iguodala,A. Iguodala,0,0,0,,0,,,0,h,MISS Iguodala Free Throw 2 of 2,Free Throw,Free Throw 2 of 2,0,0
299,300,PT03M26.00S,3,1610612751,NJN,467,Kidd,J. Kidd,0,0,0,,0,,,0,v,Kidd REBOUND (Off:2 Def:7),Rebound,Unknown,0,0
300,301,PT03M18.00S,3,1610612751,NJN,2411,Nachbar,B. Nachbar,-130,227,26,Missed,1,,,0,v,MISS Nachbar 26' 3PT Jump Shot,Missed Shot,Jump Shot,0,0
301,302,PT03M16.00S,3,1610612755,PHI,2594,Korver,K. Korver,0,0,0,,0,,,0,h,Korver REBOUND (Off:0 Def:2),Rebound,Unknown,0,0
302,304,PT03M04.00S,3,1610612751,NJN,1630,Moore,M. Moore,0,0,0,,0,,,0,v,Nets T.Foul (Def. 3 Sec Moore ),Foul,Defense 3 Second,0,0
303,305,PT03M04.00S,3,1610612755,PHI,2594,Korver,K. Korver,0,0,0,,0,70,53,123,h,Korver Free Throw Technical (14 PTS),Free Throw,Free Throw Technical,0,0
304,306,PT02M57.00S,3,1610612755,PHI,2584,Green,W. Green,-6,68,7,Made,1,72,53,125,h,Green 7' Turnaround Jump Shot (14 PTS),Made Shot,Turnaround Jump Shot,0,0
305,307,PT02M57.00S,3,1610612751,NJN,2067,House,E. House,0,0,0,,0,,,0,v,House S.FOUL (P1.PN),Foul,Shooting,0,0
306,308,PT02M57.00S,3,1610612755,PHI,2584,Green,W. Green,0,0,0,,0,,,0,h,MISS Green Free Throw 1 of 1,Free Throw,Free Throw 1 of 1,0,0
307,309,PT02M55.00S,3,1610612755,PHI,1889,Miller,A. Miller,0,0,0,,0,,,0,h,Miller REBOUND (Off:4 Def:1),Rebound,Unknown,0,0
308,310,PT02M47.00S,3,1610612755,PHI,2738,Iguodala,A. Iguodala,-61,253,26,Missed,1,,,0,h,MISS Iguodala 26' 3PT Jump Shot,Missed Shot,Jump Shot,0,0
309,311,PT02M45.00S,3,1610612751,NJN,1630,Moore,M. Moore,0,0,0,,0,,,0,v,Moore REBOUND (Off:2 Def:4),Rebound,Unknown,0,0
310,312,PT02M38.00S,3,1610612751,NJN,467,Kidd,J. Kidd,0,0,0,Made,1,72,55,127,v,Kidd Driving Layup (10 PTS),Made Shot,Driving Layup Shot,0,0
311,313,PT02M33.00S,3,1610612755,PHI,1889,Miller,A. Miller,0,0,0,,0,,,0,h,Miller Bad Pass Turnover (P4.T15),Turnover,Bad Pass,0,0
312,313,PT02M33.00S,3,1610612751,NJN,467,Kidd,J. Kidd,0,0,0,,0,,,0,v,Kidd STEAL (3 STL),,,0,0
313,314,PT02M30.00S,3,1610612755,PHI,1889,Miller,A. Miller,0,0,0,,0,,,0,h,Miller P.FOUL (P1.T2),Foul,Personal,0,0
314,315,PT02M30.00S,3,1610612755,PHI,1889,Miller,A. Miller,0,0,0,,0,,,0,h,SUB: Williams FOR Miller,Substitution,,0,0
315,316,PT02M17.00S,3,1610612751,NJN,2411,Nachbar,B. Nachbar,-57,123,14,Missed,1,,,0,v,MISS Nachbar 14' Jump Shot,Missed Shot,Jump Shot,0,0
316,316,PT02M17.00S,3,1610612755,PHI,693,Smith,J. Smith,0,0,0,,0,,,0,h,Smith BLOCK (2 BLK),,,0,0
317,318,PT02M13.00S,3,1610612751,NJN,2411,Nachbar,B. Nachbar,0,0,0,,0,,,0,v,Nachbar REBOUND (Off:1 Def:2),Rebound,Unknown,0,0
318,317,PT02M13.00S,3,1610612751,NJN,2411,Nachbar,B. Nachbar,0,0,0,Made,1,72,57,129,v,Nachbar Dunk (10 PTS),Made Shot,Dunk Shot,0,0
319,319,PT01M48.00S,3,1610612755,PHI,693,Smith,J. Smith,-23,28,4,Made,1,74,57,131,h,Smith 4' Turnaround Hook Shot (7 PTS),Made Shot,Turnaround Hook Shot,0,0
320,320,PT01M39.00S,3,1610612755,PHI,693,Smith,J. Smith,0,0,0,,0,,,0,h,Smith S.FOUL (P1.T3),Foul,Shooting,0,0
321,321,PT01M39.00S,3,1610612751,NJN,2411,Nachbar,B. Nachbar,0,0,0,,0,74,58,132,v,Nachbar Free Throw 1 of 2 (11 PTS),Free Throw,Free Throw 1 of 2,0,0
322,322,PT01M39.00S,3,1610612751,NJN,2411,Nachbar,B. Nachbar,0,0,0,,0,74,59,133,v,Nachbar Free Throw 2 of 2 (12 PTS),Free Throw,Free Throw 2 of 2,0,0
323,323,PT01M31.00S,3,1610612755,PHI,2738,Iguodala,A. Iguodala,0,0,0,Made,1,76,59,135,h,Iguodala Reverse Dunk (17 PTS) (Green 2 AST),Made Shot,Reverse Dunk Shot,0,0
324,324,PT01M24.00S,3,1610612751,NJN,2067,House,E. House,-230,36,0,Made,1,76,62,138,v,House 3PT Jump Shot (5 PTS) (Kidd 12 AST),Made Shot,Jump Shot,0,0
325,325,PT00M54.90S,3,1610612755,PHI,2584,Green,W. Green,-118,109,16,Missed,1,,,0,h,MISS Green 16' Fadeaway Jumper,Missed Shot,Fadeaway Jump Shot,0,0
326,326,PT00M53.90S,3,1610612751,NJN,1713,Carter,V. Carter,0,0,0,,0,,,0,v,Carter REBOUND (Off:2 Def:4),Rebound,Unknown,0,0
327,327,PT00M49.40S,3,1610612751,NJN,2411,Nachbar,B. Nachbar,0,0,0,Made,1,76,64,140,v,Nachbar Layup (14 PTS) (Kidd 13 AST),Made Shot,Layup Shot,0,0
328,328,PT00M49.40S,3,1610612755,PHI,2594,Korver,K. Korver,0,0,0,,0,,,0,h,Korver S.FOUL (P2.PN),Foul,Shooting,0,0
329,329,PT00M49.40S,3,1610612751,NJN,1630,Moore,M. Moore,0,0,0,,0,,,0,v,SUB: C. Robinson FOR Moore,Substitution,,0,0
330,330,PT00M49.40S,3,1610612751,NJN,2411,Nachbar,B. Nachbar,0,0,0,,0,76,65,141,v,Nachbar Free Throw 1 of 1 (15 PTS),Free Throw,Free Throw 1 of 1,0,0
331,331,PT00M49.40S,3,1610612755,PHI,2584,Green,W. Green,0,0,0,,0,,,0,h,SUB: Miller FOR Green,Substitution,,0,0
332,333,PT00M29.90S,3,1610612755,PHI,2594,Korver,K. Korver,-77,265,28,Missed,1,,,0,h,MISS Korver 28' 3PT Jump Shot,Missed Shot,Jump Shot,0,0
333,334,PT00M27.90S,3,1610612755,PHI,1889,Miller,A. Miller,0,0,0,,0,,,0,h,Miller REBOUND (Off:5 Def:1),Rebound,Unknown,0,0
334,335,PT00M07.90S,3,1610612755,PHI,693,Smith,J. Smith,0,0,0,Made,1,78,65,143,h,Smith Running Layup (9 PTS) (Iguodala 6 AST),Made Shot,Running Layup Shot,0,0
335,336,PT00M01.90S,3,1610612751,NJN,467,Kidd,J. Kidd,-172,59,18,Missed,1,,,0,v,MISS Kidd 18' Jump Shot,Missed Shot,Jump Shot,0,0
336,337,PT00M00.10S,3,1610612755,PHI,693,Smith,J. Smith,0,0,0,,0,,,0,h,Smith REBOUND (Off:0 Def:8),Rebound,Unknown,0,0
337,338,PT00M00.00S,3,0,,0,,,0,0,0,,0,78,65,143,,End of 3rd Period (7:38 PM EST),period,end,0,0
338,340,PT12M00.00S,4,0,,0,,,0,0,0,,0,78,65,143,,Start of 4th Period (7:41 PM EST),period,start,0,0
339,341,PT11M38.00S,4,1610612755,PHI,2738,Iguodala,A. Iguodala,105,138,17,Missed,1,,,0,h,MISS Iguodala 17' Jump Shot,Missed Shot,Jump Shot,0,0
340,342,PT11M37.00S,4,1610612751,NJN,2067,House,E. House,0,0,0,,0,,,0,v,House REBOUND (Off:0 Def:1),Rebound,Unknown,0,0
341,343,PT11M25.00S,4,1610612751,NJN,1713,Carter,V. Carter,0,0,0,Missed,1,,,0,v,MISS Carter Layup,Missed Shot,Layup Shot,0,0
342,345,PT11M23.00S,4,1610612751,NJN,361,Robinson,C. Robinson,0,0,0,,0,,,0,v,C. Robinson REBOUND (Off:1 Def:2),Rebound,Unknown,0,0
343,344,PT11M23.00S,4,1610612751,NJN,361,Robinson,C. Robinson,0,0,0,Made,1,78,67,145,v,C. Robinson Layup (7 PTS),Made Shot,Layup Shot,0,0
344,346,PT11M09.00S,4,1610612755,PHI,1889,Miller,A. Miller,133,-46,14,Made,1,80,67,147,h,Miller 14' Turnaround Jump Shot (10 PTS),Made Shot,Turnaround Jump Shot,0,0
345,347,PT10M54.00S,4,1610612751,NJN,200766,Williams,M. Williams,-103,33,11,Missed,1,,,0,v,MISS Williams 11' Jump Shot,Missed Shot,Jump Shot,0,0
346,348,PT10M53.00S,4,1610612755,PHI,693,Smith,J. Smith,0,0,0,,0,,,0,h,Smith REBOUND (Off:0 Def:9),Rebound,Unknown,0,0
347,349,PT10M53.00S,4,1610612751,NJN,200766,Williams,M. Williams,0,0,0,,0,,,0,v,Williams L.B.FOUL (P1.T1),Foul,Loose Ball,0,0
348,351,PT10M39.00S,4,1610612755,PHI,2594,Korver,K. Korver,0,0,0,,0,,,0,h,Korver Lost Ball Turnover (P4.T16),Turnover,Lost Ball,0,0
349,351,PT10M39.00S,4,1610612751,NJN,2411,Nachbar,B. Nachbar,0,0,0,,0,,,0,v,Nachbar STEAL (1 STL),,,0,0
350,352,PT10M32.00S,4,1610612751,NJN,2067,House,E. House,161,207,26,Made,1,80,70,150,v,House 26' 3PT Jump Shot (8 PTS) (Carter 4 AST),Made Shot,Jump Shot,0,0
351,353,PT10M17.00S,4,1610612755,PHI,2594,Korver,K. Korver,169,192,26,Made,1,83,70,153,h,Korver 26' 3PT Jump Shot (17 PTS) (Miller 10 AST),Made Shot,Jump Shot,0,0
352,354,PT09M53.00S,4,1610612751,NJN,1713,Carter,V. Carter,0,0,0,Missed,1,,,0,v,MISS Carter Layup,Missed Shot,Layup Shot,0,0
353,355,PT09M52.00S,4,1610612751,NJN,361,Robinson,C. Robinson,0,0,0,,0,,,0,v,C. Robinson REBOUND (Off:2 Def:2),Rebound,Unknown,0,0
354,356,PT09M52.00S,4,1610612755,PHI,693,Smith,J. Smith,0,0,0,,0,,,0,h,Smith P.FOUL (P2.T1),Foul,Personal,0,0
355,357,PT09M52.00S,4,1610612751,NJN,2411,Nachbar,B. Nachbar,0,0,0,,0,,,0,v,SUB: Kidd FOR Nachbar,Substitution,,0,0
356,358,PT09M45.00S,4,1610612751,NJN,200766,Williams,M. Williams,-11,258,26,Missed,1,,,0,v,MISS Williams 26' 3PT Jump Shot,Missed Shot,Jump Shot,0,0
357,359,PT09M42.00S,4,1610612755,PHI,2738,Iguodala,A. Iguodala,0,0,0,,0,,,0,h,Iguodala REBOUND (Off:0 Def:3),Rebound,Unknown,0,0
358,360,PT09M27.00S,4,1610612755,PHI,693,Smith,J. Smith,141,95,17,Missed,1,,,0,h,MISS Smith 17' Jump Shot,Missed Shot,Jump Shot,0,0
359,361,PT09M25.00S,4,1610612751,NJN,467,Kidd,J. Kidd,0,0,0,,0,,,0,v,Kidd REBOUND (Off:2 Def:8),Rebound,Unknown,0,0
360,362,PT09M05.00S,4,1610612751,NJN,1713,Carter,V. Carter,143,128,19,Missed,1,,,0,v,MISS Carter 19' Jump Shot,Missed Shot,Jump Shot,0,0
361,363,PT09M04.00S,4,1610612751,NJN,361,Robinson,C. Robinson,0,0,0,,0,,,0,v,C. Robinson REBOUND (Off:3 Def:2),Rebound,Unknown,0,0
362,364,PT09M04.00S,4,1610612755,PHI,1889,Miller,A. Miller,0,0,0,,0,,,0,h,Miller S.FOUL (P2.T2),Foul,Shooting,0,0
363,366,PT09M04.00S,4,1610612751,NJN,361,Robinson,C. Robinson,0,0,0,,0,,,0,v,MISS C. Robinson Free Throw 1 of 2,Free Throw,Free Throw 1 of 2,0,0
364,367,PT09M04.00S,4,0,,1610612751,,,0,0,0,,0,,,0,v,Nets Rebound,Rebound,Normal Rebound,0,0
365,368,PT09M04.00S,4,1610612751,NJN,1713,Carter,V. Carter,0,0,0,,0,,,0,v,SUB: Nachbar FOR Carter,Substitution,,0,0
366,369,PT09M04.00S,4,1610612751,NJN,361,Robinson,C. Robinson,0,0,0,,0,83,71,154,v,C. Robinson Free Throw 2 of 2 (8 PTS),Free Throw,Free Throw 2 of 2,0,0
367,370,PT08M51.00S,4,1610612755,PHI,693,Smith,J. Smith,0,0,0,Missed,1,,,0,h,MISS Smith Layup,Missed Shot,Layup Shot,0,0
368,372,PT08M49.00S,4,1610612755,PHI,693,Smith,J. Smith,0,0,0,,0,,,0,h,Smith REBOUND (Off:1 Def:9),Rebound,Unknown,0,0
369,371,PT08M49.00S,4,1610612755,PHI,693,Smith,J. Smith,0,0,0,Made,1,85,71,156,h,Smith Layup (11 PTS),Made Shot,Layup Shot,0,0
370,373,PT08M33.00S,4,1610612755,PHI,2738,Iguodala,A. Iguodala,0,0,0,,0,,,0,h,Iguodala S.FOUL (P2.T3),Foul,Shooting,0,0
371,374,PT08M33.00S,4,0,,0,,,0,0,0,,0,,,0,,Timeout: Official,Timeout,Official,0,0
372,376,PT08M33.00S,4,1610612755,PHI,101150,Williams,L. Williams,0,0,0,,0,,,0,h,SUB: Green FOR Williams,Substitution,,0,0
373,377,PT08M33.00S,4,1610612751,NJN,2411,Nachbar,B. Nachbar,0,0,0,,0,85,72,157,v,Nachbar Free Throw 1 of 2 (16 PTS),Free Throw,Free Throw 1 of 2,0,0
374,378,PT08M33.00S,4,1610612751,NJN,2411,Nachbar,B. Nachbar,0,0,0,,0,,,0,v,MISS Nachbar Free Throw 2 of 2,Free Throw,Free Throw 2 of 2,0,0
375,379,PT08M33.00S,4,1610612755,PHI,2738,Iguodala,A. Iguodala,0,0,0,,0,,,0,h,Iguodala REBOUND (Off:0 Def:4),Rebound,Unknown,0,0
376,380,PT08M17.00S,4,1610612755,PHI,1889,Miller,A. Miller,0,0,0,Missed,1,,,0,h,MISS Miller Layup,Missed Shot,Layup Shot,0,0
377,380,PT08M17.00S,4,1610612751,NJN,2411,Nachbar,B. Nachbar,0,0,0,,0,,,0,v,Nachbar BLOCK (1 BLK),,,0,0
378,381,PT08M15.00S,4,1610612751,NJN,467,Kidd,J. Kidd,0,0,0,,0,,,0,v,Kidd REBOUND (Off:2 Def:9),Rebound,Unknown,0,0
379,382,PT08M12.00S,4,1610612755,PHI,2738,Iguodala,A. Iguodala,0,0,0,,0,,,0,h,Iguodala S.FOUL (P3.T4),Foul,Shooting,0,0
380,383,PT08M12.00S,4,1610612751,NJN,200766,Williams,M. Williams,0,0,0,,0,85,73,158,v,Williams Free Throw 1 of 2 (1 PTS),Free Throw,Free Throw 1 of 2,0,0
381,384,PT08M12.00S,4,1610612751,NJN,200766,Williams,M. Williams,0,0,0,,0,,,0,v,MISS Williams Free Throw 2 of 2,Free Throw,Free Throw 2 of 2,0,0
382,385,PT08M11.00S,4,1610612755,PHI,2594,Korver,K. Korver,0,0,0,,0,,,0,h,Korver REBOUND (Off:0 Def:3),Rebound,Unknown,0,0
383,386,PT07M53.00S,4,1610612755,PHI,2594,Korver,K. Korver,204,143,25,Missed,1,,,0,h,MISS Korver 25' 3PT Jump Shot,Missed Shot,Jump Shot,0,0
384,387,PT07M51.00S,4,1610612751,NJN,467,Kidd,J. Kidd,0,0,0,,0,,,0,v,Kidd REBOUND (Off:2 Def:10),Rebound,Unknown,0,0
385,388,PT07M47.00S,4,1610612751,NJN,467,Kidd,J. Kidd,0,0,0,,0,,,0,v,Kidd Bad Pass Turnover (P2.T11),Turnover,Bad Pass,0,0
386,388,PT07M47.00S,4,1610612755,PHI,2738,Iguodala,A. Iguodala,0,0,0,,0,,,0,h,Iguodala STEAL (4 STL),,,0,0
387,389,PT07M45.00S,4,1610612755,PHI,1889,Miller,A. Miller,0,0,0,,0,,,0,h,Miller Traveling Turnover (P5.T17),Turnover,Traveling,0,0
388,390,PT07M45.00S,4,1610612751,NJN,200766,Williams,M. Williams,0,0,0,,0,,,0,v,SUB: Carter FOR Williams,Substitution,,0,0
389,391,PT07M30.00S,4,1610612755,PHI,2594,Korver,K. Korver,0,0,0,,0,,,0,h,Korver S.FOUL (P3.PN),Foul,Shooting,0,0
390,392,PT07M30.00S,4,1610612751,NJN,467,Kidd,J. Kidd,0,0,0,,0,85,74,159,v,Kidd Free Throw 1 of 2 (11 PTS),Free Throw,Free Throw 1 of 2,0,0
391,393,PT07M30.00S,4,1610612751,NJN,467,Kidd,J. Kidd,0,0,0,,0,,,0,v,MISS Kidd Free Throw 2 of 2,Free Throw,Free Throw 2 of 2,0,0
392,394,PT07M29.00S,4,1610612755,PHI,2738,Iguodala,A. Iguodala,0,0,0,,0,,,0,h,Iguodala REBOUND (Off:0 Def:5),Rebound,Unknown,0,0
393,395,PT07M06.00S,4,1610612755,PHI,2584,Green,W. Green,-169,-3,17,Made,1,87,74,161,h,Green 17' Turnaround Jump Shot (16 PTS),Made Shot,Turnaround Jump Shot,0,0
394,396,PT06M51.00S,4,1610612751,NJN,1713,Carter,V. Carter,-199,3,20,Missed,1,,,0,v,MISS Carter 20' Jump Shot,Missed Shot,Jump Shot,0,0
395,397,PT06M51.00S,4,0,,1610612755,,,0,0,0,,0,,,0,h,76ERS Rebound,Rebound,Unknown,0,0
396,398,PT06M51.00S,4,1610612755,PHI,693,Smith,J. Smith,0,0,0,,0,,,0,h,SUB: Dalembert FOR Smith,Substitution,,0,0
397,399,PT06M40.00S,4,1610612751,NJN,2067,House,E. House,0,0,0,,0,,,0,v,House P.FOUL (P2.T2),Foul,Personal,0,0
398,400,PT06M27.00S,4,1610612755,PHI,2594,Korver,K. Korver,26,303,30,Missed,1,,,0,h,MISS Korver 30' 3PT Jump Shot,Missed Shot,Jump Shot,0,0
399,401,PT06M26.00S,4,1610612755,PHI,2584,Green,W. Green,0,0,0,,0,,,0,h,Green REBOUND (Off:1 Def:5),Rebound,Unknown,0,0
400,402,PT06M23.00S,4,1610612755,PHI,2584,Green,W. Green,0,0,0,Missed,1,,,0,h,MISS Green Layup,Missed Shot,Layup Shot,0,0
401,402,PT06M23.00S,4,1610612751,NJN,361,Robinson,C. Robinson,0,0,0,,0,,,0,v,C. Robinson BLOCK (1 BLK),,,0,0
402,403,PT06M21.00S,4,1610612751,NJN,467,Kidd,J. Kidd,0,0,0,,0,,,0,v,Kidd REBOUND (Off:2 Def:11),Rebound,Unknown,0,0
403,404,PT06M17.00S,4,1610612751,NJN,1713,Carter,V. Carter,117,-1,12,Missed,1,,,0,v,MISS Carter 12' Jump Shot,Missed Shot,Jump Shot,0,0
404,405,PT06M15.00S,4,1610612755,PHI,1889,Miller,A. Miller,0,0,0,,0,,,0,h,Miller REBOUND (Off:5 Def:2),Rebound,Unknown,0,0
405,406,PT06M14.00S,4,1610612755,PHI,1889,Miller,A. Miller,0,0,0,,0,,,0,h,Miller Out of Bounds Lost Ball Turnover (P6.T18),Turnover,Out of Bounds Lost Ball Turnover,0,0
406,407,PT06M03.00S,4,1610612751,NJN,2067,House,E. House,213,140,25,Made,1,87,77,164,v,House 25' 3PT Jump Shot (11 PTS) (C. Robinson 2 AST),Made Shot,Jump Shot,0,0
407,408,PT05M40.00S,4,1610612755,PHI,2738,Iguodala,A. Iguodala,-26,181,18,Missed,1,,,0,h,MISS Iguodala 18' Jump Shot,Missed Shot,Jump Shot,0,0
408,409,PT05M37.00S,4,1610612751,NJN,467,Kidd,J. Kidd,0,0,0,,0,,,0,v,Kidd REBOUND (Off:2 Def:12),Rebound,Unknown,0,0
409,410,PT05M35.00S,4,0,,1610612755,,,0,0,0,,0,,,0,h,76ERS Timeout: Regular (Full 3 Short 0),Timeout,Regular,0,0
410,411,PT05M21.00S,4,1610612751,NJN,2411,Nachbar,B. Nachbar,0,0,0,Made,1,87,79,166,v,Nachbar Driving Dunk (18 PTS) (Carter 5 AST),Made Shot,Driving Dunk Shot,0,0
411,412,PT04M56.00S,4,1610612755,PHI,2584,Green,W. Green,-80,15,8,Made,1,89,79,168,h,Green 8' Jump Bank Shot (18 PTS),Made Shot,Jump Bank Shot,0,0
412,413,PT04M36.00S,4,1610612751,NJN,361,Robinson,C. Robinson,154,209,26,Missed,1,,,0,v,MISS C. Robinson 26' 3PT Jump Shot,Missed Shot,Jump Shot,0,0
413,414,PT04M35.00S,4,1610612755,PHI,2584,Green,W. Green,0,0,0,,0,,,0,h,Green REBOUND (Off:1 Def:6),Rebound,Unknown,0,0
414,415,PT04M35.00S,4,1610612751,NJN,467,Kidd,J. Kidd,0,0,0,,0,,,0,v,Kidd L.B.FOUL (P1.T3),Foul,Loose Ball,0,0
415,416,PT04M15.00S,4,1610612755,PHI,2738,Iguodala,A. Iguodala,130,43,14,Missed,1,,,0,h,MISS Iguodala 14' Jump Shot,Missed Shot,Jump Shot,0,0
416,417,PT04M13.00S,4,1610612755,PHI,2223,Dalembert,S. Dalembert,0,0,0,,0,,,0,h,Dalembert REBOUND (Off:4 Def:7),Rebound,Unknown,0,0
417,418,PT03M54.00S,4,1610612755,PHI,2594,Korver,K. Korver,89,257,27,Made,1,92,79,171,h,Korver 27' 3PT Jump Shot (20 PTS) (Miller 11 AST),Made Shot,Jump Shot,0,0
418,419,PT03M53.00S,4,0,,1610612751,,,0,0,0,,0,,,0,v,Nets Timeout: Regular (Reg.5 Short 1),Timeout,Regular,0,0
419,421,PT03M33.00S,4,1610612751,NJN,2067,House,E. House,205,143,25,Missed,1,,,0,v,MISS House 25' 3PT Jump Shot,Missed Shot,Jump Shot,0,0
420,422,PT03M31.00S,4,1610612755,PHI,2594,Korver,K. Korver,0,0,0,,0,,,0,h,Korver REBOUND (Off:0 Def:4),Rebound,Unknown,0,0
421,423,PT03M28.00S,4,1610612751,NJN,1713,Carter,V. Carter,0,0,0,,0,,,0,v,Carter S.FOUL (P3.T4),Foul,Shooting,0,0
422,424,PT03M28.00S,4,1610612751,NJN,361,Robinson,C. Robinson,0,0,0,,0,,,0,v,SUB: Moore FOR C. Robinson,Substitution,,0,0
423,425,PT03M28.00S,4,1610612751,NJN,1713,Carter,V. Carter,0,0,0,,0,,,0,v,SUB: Adams FOR Carter,Substitution,,0,0
424,426,PT03M28.00S,4,1610612755,PHI,1889,Miller,A. Miller,0,0,0,,0,,,0,h,MISS Miller Free Throw 1 of 2,Free Throw,Free Throw 1 of 2,0,0
425,427,PT03M28.00S,4,0,,1610612755,,,0,0,0,,0,,,0,h,76ERS Rebound,Rebound,Normal Rebound,0,0
426,428,PT03M28.00S,4,1610612755,PHI,1889,Miller,A. Miller,0,0,0,,0,93,79,172,h,Miller Free Throw 2 of 2 (11 PTS),Free Throw,Free Throw 2 of 2,0,0
427,429,PT03M16.00S,4,1610612751,NJN,200801,Adams,H. Adams,0,0,0,,0,,,0,v,Adams Traveling Turnover (P3.T12),Turnover,Traveling,0,0
428,430,PT02M59.00S,4,1610612751,NJN,200801,Adams,H. Adams,0,0,0,,0,,,0,v,Adams Violation:Kicked Ball,Violation,Kicked Ball,0,0
429,431,PT02M54.00S,4,1610612755,PHI,2738,Iguodala,A. Iguodala,0,0,0,,0,,,0,h,Iguodala Bad Pass Turnover (P5.T19),Turnover,Bad Pass,0,0
430,432,PT02M42.00S,4,1610612751,NJN,2411,Nachbar,B. Nachbar,-168,206,27,Made,1,93,82,175,v,Nachbar 27' 3PT Jump Shot (21 PTS) (Kidd 14 AST),Made Shot,Jump Shot,0,0
431,433,PT02M37.00S,4,1610612755,PHI,2584,Green,W. Green,0,0,0,,0,,,0,h,Green Out of Bounds Lost Ball Turnover (P3.T20),Turnover,Out of Bounds Lost Ball Turnover,0,0
432,434,PT02M16.00S,4,1610612751,NJN,2067,House,E. House,3,153,15,Missed,1,,,0,v,MISS House 15' Jump Shot,Missed Shot,Jump Shot,0,0
433,434,PT02M16.00S,4,1610612755,PHI,2594,Korver,K. Korver,0,0,0,,0,,,0,h,Korver BLOCK (3 BLK),,,0,0
434,435,PT02M14.00S,4,1610612755,PHI,2594,Korver,K. Korver,0,0,0,,0,,,0,h,Korver REBOUND (Off:0 Def:5),Rebound,Unknown,0,0
435,436,PT02M14.00S,4,1610612751,NJN,467,Kidd,J. Kidd,0,0,0,,0,,,0,v,Kidd C.P.FOUL (P2.PN),Foul,Clear Path,0,0
436,437,PT02M14.00S,4,1610612755,PHI,2738,Iguodala,A. Iguodala,0,0,0,,0,94,82,176,h,Iguodala Free Throw Clear Path 1 of 2 (18 PTS),Free Throw,Free Throw Clear Path 1 of 2,0,0
437,438,PT02M14.00S,4,1610612751,NJN,200801,Adams,H. Adams,0,0,0,,0,,,0,v,SUB: Williams FOR Adams,Substitution,,0,0
438,439,PT02M14.00S,4,1610612755,PHI,2738,Iguodala,A. Iguodala,0,0,0,,0,95,82,177,h,Iguodala Free Throw Clear Path 2 of 2 (19 PTS),Free Throw,Free Throw Clear Path 2 of 2,0,0
439,440,PT01M58.00S,4,1610612755,PHI,2584,Green,W. Green,133,118,18,Made,1,97,82,179,h,Green 18' Jump Shot (20 PTS) (Miller 12 AST),Made Shot,Jump Shot,0,0
440,441,PT01M54.00S,4,1610612751,NJN,1630,Moore,M. Moore,0,0,0,,0,,,0,v,Moore Lost Ball Turnover (P2.T13),Turnover,Lost Ball,0,0
441,441,PT01M54.00S,4,1610612755,PHI,2738,Iguodala,A. Iguodala,0,0,0,,0,,,0,h,Iguodala STEAL (5 STL),,,0,0
442,444,PT01M52.00S,4,1610612751,NJN,1630,Moore,M. Moore,0,0,0,,0,,,0,v,Moore P.FOUL (P3.PN),Foul,Personal,0,0
443,445,PT01M52.00S,4,1610612755,PHI,2738,Iguodala,A. Iguodala,0,0,0,,0,98,82,180,h,Iguodala Free Throw 1 of 2 (20 PTS),Free Throw,Free Throw 1 of 2,0,0
444,446,PT01M52.00S,4,1610612751,NJN,467,Kidd,J. Kidd,0,0,0,,0,,,0,v,SUB: Adams FOR Kidd,Substitution,,0,0
445,448,PT01M52.00S,4,1610612755,PHI,2738,Iguodala,A. Iguodala,0,0,0,,0,99,82,181,h,Iguodala Free Throw 2 of 2 (21 PTS),Free Throw,Free Throw 2 of 2,0,0
446,449,PT01M31.00S,4,1610612751,NJN,2411,Nachbar,B. Nachbar,148,89,17,Missed,1,,,0,v,MISS Nachbar 17' Jump Shot,Missed Shot,Jump Shot,0,0
447,450,PT01M29.00S,4,1610612755,PHI,1889,Miller,A. Miller,0,0,0,,0,,,0,h,Miller REBOUND (Off:5 Def:3),Rebound,Unknown,0,0
448,451,PT01M07.00S,4,1610612755,PHI,1889,Miller,A. Miller,0,0,0,,0,,,0,h,SUB: Williams FOR Miller,Substitution,,0,0
449,452,PT01M07.00S,4,1610612755,PHI,2738,Iguodala,A. Iguodala,0,0,0,,0,,,0,h,SUB: Jones FOR Iguodala,Substitution,,0,0
450,453,PT01M07.00S,4,1610612751,NJN,2411,Nachbar,B. Nachbar,0,0,0,,0,,,0,v,SUB: Boone FOR Nachbar,Substitution,,0,0
451,454,PT01M07.00S,4,1610612751,NJN,1630,Moore,M. Moore,0,0,0,,0,,,0,v,SUB: B. Robinson FOR Moore,Substitution,,0,0
452,455,PT01M06.00S,4,1610612755,PHI,2223,Dalembert,S. Dalembert,0,0,0,Missed,1,,,0,h,MISS Dalembert Layup,Missed Shot,Layup Shot,0,0
453,456,PT01M05.00S,4,1610612751,NJN,200767,Boone,J. Boone,0,0,0,,0,,,0,v,Boone REBOUND (Off:0 Def:1),Rebound,Unknown,0,0
454,457,PT00M59.90S,4,1610612751,NJN,2067,House,E. House,-166,187,25,Missed,1,,,0,v,MISS House 25' 3PT Jump Shot,Missed Shot,Jump Shot,0,0
455,458,PT00M57.90S,4,1610612755,PHI,2594,Korver,K. Korver,0,0,0,,0,,,0,h,Korver REBOUND (Off:0 Def:6),Rebound,Unknown,0,0
456,459,PT00M37.90S,4,1610612755,PHI,200784,Jones,B. Jones,0,0,0,,0,,,0,h,Jones Lost Ball Turnover (P1.T21),Turnover,Lost Ball,0,0
457,459,PT00M37.90S,4,1610612751,NJN,2774,Robinson,B. Robinson,0,0,0,,0,,,0,v,B. Robinson STEAL (1 STL),,,0,0
458,460,PT00M36.10S,4,1610612755,PHI,200784,Jones,B. Jones,0,0,0,,0,,,0,h,Jones P.FOUL (P1.PN),Foul,Personal,0,0
459,461,PT00M36.10S,4,1610612751,NJN,2774,Robinson,B. Robinson,0,0,0,,0,99,83,182,v,B. Robinson Free Throw 1 of 2 (1 PTS),Free Throw,Free Throw 1 of 2,0,0
460,462,PT00M36.10S,4,1610612751,NJN,2774,Robinson,B. Robinson,0,0,0,,0,99,84,183,v,B. Robinson Free Throw 2 of 2 (2 PTS),Free Throw,Free Throw 2 of 2,0,0
461,463,PT00M21.80S,4,1610612755,PHI,2223,Dalembert,S. Dalembert,0,0,0,,0,,,0,h,Dalembert Lost Ball Turnover (P1.T22),Turnover,Lost Ball,0,0
462,463,PT00M21.80S,4,1610612751,NJN,2774,Robinson,B. Robinson,0,0,0,,0,,,0,v,B. Robinson STEAL (2 STL),,,0,0
463,464,PT00M18.30S,4,1610612751,NJN,200801,Adams,H. Adams,0,0,0,Made,1,99,86,185,v,Adams Slam Dunk (9 PTS) (B. Robinson 1 AST),Made Shot,Slam Dunk Shot,0,0
464,465,PT00M00.00S,4,0,,0,,,0,0,0,,0,99,86,185,,End of 4th Period (8:11 PM EST),period,end,0,0
