actionId,actionNumber,clock,period,teamId,teamTricode,personId,playerName,playerNameI,xLegacy,yLegacy,shotDistance,shotResult,isFieldGoal,scoreHome,scoreAway,pointsTotal,location,description,actionType,subType,videoAvailable,shotValue
1,0,PT12M00.00S,1,0,,0,,,0,0,0,,0,0,0,0,,Start of 1st Period (9:11 PM EST),period,start,0,0
2,1,PT12M00.00S,1,1610612762,UTA,203497,Gobert,R. Gobert,0,0,0,,0,0,0,0,h,Jump Ball Gobert vs. Adams: Tip to Westbrook,Jump Ball,,1,0
3,2,PT11M33.00S,1,1610612760,OKC,203500,Adams,S. Adams,-66,61,9,Missed,1,0,0,0,v,MISS Adams 9' Floating Jump Shot,Missed Shot,Floating Jump shot,1,0
4,3,PT11M33.00S,1,0,,1610612760,,,0,0,0,,0,0,0,0,v,Thunder Rebound,Rebound,Unknown,0,0
5,5,PT11M24.00S,1,1610612760,OKC,203506,Oladipo,V. Oladipo,163,120,20,Made,1,0,2,2,v,Oladipo 20' Pullup Jump Shot (2 PTS),Made Shot,Pullup Jump shot,1,0
6,6,PT11M07.00S,1,1610612762,UTA,202330,Hayward,G. Hayward,69,36,8,Made,1,2,2,4,h,Hayward 8' Driving Floating Bank Jump Shot (2 PTS),Made Shot,Driving Floating Bank Jump Shot,1,0
7,7,PT11M07.00S,1,1610612760,OKC,203460,Roberson,A. Roberson,0,0,0,,0,0,0,0,v,Roberson S.FOUL (P1.T1) (M.McCutchen),Foul,Shooting,1,0
8,8,PT11M07.00S,1,1610612762,UTA,202330,Hayward,G. Hayward,0,0,0,,0,3,2,5,h,Hayward Free Throw 1 of 1 (3 PTS),Free Throw,Free Throw 1 of 1,0,0
9,10,PT10M45.00S,1,1610612760,OKC,203500,Adams,S. Adams,0,1,0,Made,1,3,4,7,v,Adams  Dunk (2 PTS) (Sabonis 1 AST),Made Shot,Dunk Shot,1,0
10,11,PT10M19.00S,1,1610612762,UTA,202330,Hayward,G. Hayward,-132,120,18,Missed,1,0,0,0,h,MISS Hayward 18' Fadeaway Jumper,Missed Shot,Fadeaway Jump Shot,1,0
11,12,PT10M19.00S,1,1610612760,OKC,201566,Westbrook,R. Westbrook,0,0,0,,0,0,0,0,v,Westbrook REBOUND (Off:0 Def:1),Rebound,Unknown,1,0
12,13,PT10M12.00S,1,1610612760,OKC,201566,Westbrook,R. Westbrook,-43,36,6,Missed,1,0,0,0,v,MISS Westbrook 6' Driving Floating Bank Jump Shot,Missed Shot,Driving Floating Bank Jump Shot,1,0
13,14,PT10M12.00S,1,1610612762,UTA,202324,Favors,D. Favors,0,0,0,,0,0,0,0,h,Favors REBOUND (Off:0 Def:1),Rebound,Unknown,1,0
14,15,PT10M03.00S,1,1610612762,UTA,202324,Favors,D. Favors,0,0,0,,0,0,0,0,h,Favors OFF.Foul (P1) (K.Scott),Foul,Offensive,1,0
15,16,PT10M03.00S,1,1610612762,UTA,202324,Favors,D. Favors,0,0,0,,0,0,0,0,h,Favors Foul Turnover (P1.T1),Turnover,Foul,1,0
16,17,PT10M03.00S,1,0,,1610612762,,,0,0,0,,0,0,0,0,h,JAZZ Violation: Delay of game Violation,Violation,Delay Of Game,0,0
17,18,PT09M52.00S,1,1610612760,OKC,203506,Oladipo,V. Oladipo,101,224,25,Made,1,3,7,10,v,Oladipo 25' 3PT Jump Shot (5 PTS) (Westbrook 1 AST),Made Shot,Jump Shot,1,0
18,19,PT09M26.00S,1,1610612762,UTA,201588,Hill,G. Hill,-173,170,24,Missed,1,0,0,0,h,MISS G. Hill 24' 3PT Jump Shot,Missed Shot,Jump Shot,1,0
19,20,PT09M26.00S,1,1610612762,UTA,203497,Gobert,R. Gobert,0,0,0,,0,0,0,0,h,Gobert REBOUND (Off:1 Def:0),Rebound,Unknown,1,0
20,21,PT09M22.00S,1,1610612762,UTA,203497,Gobert,R. Gobert,15,26,3,Made,1,5,7,12,h,Gobert 3' Hook Shot (2 PTS),Made Shot,Hook Shot,1,0
21,22,PT09M07.00S,1,1610612760,OKC,203506,Oladipo,V. Oladipo,143,151,21,Missed,1,0,0,0,v,MISS Oladipo 21' Jump Shot,Missed Shot,Jump Shot,1,0
22,23,PT09M06.00S,1,1610612762,UTA,202330,Hayward,G. Hayward,0,0,0,,0,0,0,0,h,Hayward REBOUND (Off:0 Def:1),Rebound,Unknown,1,0
23,24,PT08M56.00S,1,1610612762,UTA,204060,Ingles,J. Ingles,-151,-21,15,Missed,1,0,0,0,h,MISS Ingles 15' Jump Shot,Missed Shot,Jump Shot,1,0
24,25,PT08M56.00S,1,1610612760,OKC,201566,Westbrook,R. Westbrook,0,0,0,,0,0,0,0,v,Westbrook REBOUND (Off:0 Def:2),Rebound,Unknown,1,0
25,26,PT08M42.00S,1,1610612760,OKC,203500,Adams,S. Adams,-20,-1,2,Made,1,5,9,14,v,Adams 2' Reverse Layup (4 PTS) (Westbrook 2 AST),Made Shot,Reverse Layup Shot,1,0
26,27,PT08M27.00S,1,1610612762,UTA,201588,Hill,G. Hill,-92,21,9,Made,1,7,9,16,h,G. Hill 9' Driving Floating Jump Shot (2 PTS),Made Shot,Driving Floating Jump Shot,1,0
27,28,PT08M05.00S,1,1610612760,OKC,1627734,Sabonis,D. Sabonis,-7,26,3,Missed,1,0,0,0,v,MISS Sabonis 3' Hook Shot,Missed Shot,Hook Shot,1,0
28,29,PT08M04.00S,1,1610612762,UTA,203497,Gobert,R. Gobert,0,0,0,,0,0,0,0,h,Gobert REBOUND (Off:1 Def:1),Rebound,Unknown,1,0
29,30,PT07M53.00S,1,1610612760,OKC,203460,Roberson,A. Roberson,0,0,0,,0,0,0,0,v,Roberson P.FOUL (P2.T2) (M.McCutchen),Foul,Personal,1,0
30,31,PT07M45.00S,1,1610612762,UTA,202330,Hayward,G. Hayward,127,134,18,Made,1,9,9,18,h,Hayward 18' Pullup Jump Shot (5 PTS),Made Shot,Pullup Jump shot,1,0
31,32,PT07M38.00S,1,0,,1610612760,,,0,0,0,,0,0,0,0,v,Thunder Timeout: Regular (Reg.1 Short 0),Timeout,Regular,0,0
32,34,PT07M31.00S,1,1610612760,OKC,203500,Adams,S. Adams,-9,2,1,Missed,1,0,0,0,v,MISS Adams 1' Layup,Missed Shot,Layup Shot,1,0
33,34,PT07M31.00S,1,1610612762,UTA,203497,Gobert,R. Gobert,0,0,0,,0,0,0,0,h,Gobert BLOCK (1 BLK),,,1,0
34,35,PT07M30.00S,1,1610612762,UTA,202330,Hayward,G. Hayward,0,0,0,,0,0,0,0,h,Hayward REBOUND (Off:0 Def:2),Rebound,Unknown,1,0
35,36,PT07M15.00S,1,1610612762,UTA,204060,Ingles,J. Ingles,-27,2,3,Made,1,11,9,20,h,Ingles 3' Driving Layup (2 PTS),Made Shot,Driving Layup Shot,1,0
36,37,PT06M59.00S,1,1610612760,OKC,201566,Westbrook,R. Westbrook,-55,193,20,Missed,1,0,0,0,v,MISS Westbrook 20' Pullup Jump Shot,Missed Shot,Pullup Jump shot,1,0
37,38,PT06M58.00S,1,1610612762,UTA,203497,Gobert,R. Gobert,0,0,0,,0,0,0,0,h,Gobert REBOUND (Off:1 Def:2),Rebound,Unknown,1,0
38,39,PT06M37.00S,1,1610612762,UTA,202330,Hayward,G. Hayward,-241,129,27,Missed,1,0,0,0,h,MISS Hayward 27' 3PT Jump Shot,Missed Shot,Jump Shot,1,0
39,40,PT06M36.00S,1,1610612760,OKC,203460,Roberson,A. Roberson,0,0,0,,0,0,0,0,v,Roberson REBOUND (Off:0 Def:1),Rebound,Unknown,1,0
40,41,PT06M30.00S,1,1610612760,OKC,201566,Westbrook,R. Westbrook,-104,183,21,Made,1,11,11,22,v,Westbrook 21' Running Pull-Up Jump Shot (2 PTS) (Roberson 1 AST),Made Shot,Running Pull-Up Jump Shot,1,0
41,42,PT06M12.00S,1,1610612762,UTA,203497,Gobert,R. Gobert,-32,26,4,Missed,1,0,0,0,h,MISS Gobert 4' Hook Shot,Missed Shot,Hook Shot,1,0
42,44,PT06M12.00S,1,1610612762,UTA,202324,Favors,D. Favors,0,0,0,,0,0,0,0,h,Favors REBOUND (Off:1 Def:1),Rebound,Unknown,1,0
43,43,PT06M12.00S,1,1610612762,UTA,202324,Favors,D. Favors,20,2,2,Made,1,13,11,24,h,Favors 2' Putback Layup (2 PTS),Made Shot,Putback Layup Shot,1,0
44,45,PT06M01.00S,1,1610612760,OKC,203506,Oladipo,V. Oladipo,-27,2,3,Made,1,13,13,26,v,Oladipo 3' Reverse Layup (7 PTS) (Westbrook 3 AST),Made Shot,Reverse Layup Shot,1,0
45,46,PT05M34.00S,1,1610612762,UTA,202324,Favors,D. Favors,-61,232,24,Missed,1,0,0,0,h,MISS Favors 24' 3PT Jump Shot,Missed Shot,Jump Shot,1,0
46,47,PT05M34.00S,1,1610612760,OKC,201566,Westbrook,R. Westbrook,0,0,0,,0,0,0,0,v,Westbrook REBOUND (Off:0 Def:3),Rebound,Unknown,1,0
47,48,PT05M25.00S,1,1610612760,OKC,203500,Adams,S. Adams,-2,51,5,Made,1,13,15,28,v,Adams 5' Floating Jump Shot (6 PTS) (Sabonis 2 AST),Made Shot,Floating Jump shot,1,0
48,49,PT05M06.00S,1,1610612762,UTA,201588,Hill,G. Hill,0,0,0,,0,0,0,0,h,G. Hill Bad Pass Turnover (P1.T2),Turnover,Bad Pass,1,0
49,49,PT05M06.00S,1,1610612760,OKC,203506,Oladipo,V. Oladipo,0,0,0,,0,0,0,0,v,Oladipo STEAL (1 STL),,,1,0
50,50,PT05M01.00S,1,1610612760,OKC,203460,Roberson,A. Roberson,0,1,0,Made,1,13,17,30,v,Roberson  Running Dunk (2 PTS) (Westbrook 4 AST),Made Shot,Running Dunk Shot,1,0
51,51,PT04M52.00S,1,0,,1610612762,,,0,0,0,,0,0,0,0,h,JAZZ Timeout: Regular (Full 1 Short 0),Timeout,Regular,0,0
52,53,PT04M52.00S,1,1610612760,OKC,203500,Adams,S. Adams,0,0,0,,0,0,0,0,v,SUB: Kanter FOR Adams,Substitution,,0,0
53,54,PT04M52.00S,1,1610612760,OKC,203460,Roberson,A. Roberson,0,0,0,,0,0,0,0,v,SUB: Grant FOR Roberson,Substitution,,0,0
54,55,PT04M52.00S,1,1610612762,UTA,202324,Favors,D. Favors,0,0,0,,0,0,0,0,h,SUB: Lyles FOR Favors,Substitution,,0,0
55,56,PT04M52.00S,1,1610612762,UTA,201588,Hill,G. Hill,0,0,0,,0,0,0,0,h,SUB: Exum FOR G. Hill,Substitution,,0,0
56,57,PT04M34.00S,1,1610612762,UTA,203497,Gobert,R. Gobert,15,16,2,Made,1,15,17,32,h,Gobert 2' Layup (4 PTS) (Exum 1 AST),Made Shot,Layup Shot,1,0
57,58,PT04M17.00S,1,1610612760,OKC,201566,Westbrook,R. Westbrook,-92,124,15,Missed,1,0,0,0,v,MISS Westbrook 15' Jump Shot,Missed Shot,Jump Shot,1,0
58,59,PT04M17.00S,1,1610612762,UTA,204060,Ingles,J. Ingles,0,0,0,,0,0,0,0,h,Ingles REBOUND (Off:0 Def:1),Rebound,Unknown,1,0
59,60,PT03M53.00S,1,1610612762,UTA,204060,Ingles,J. Ingles,102,208,23,Missed,1,0,0,0,h,MISS Ingles 23' Jump Shot,Missed Shot,Jump Shot,1,0
60,61,PT03M52.00S,1,1610612760,OKC,203924,Grant,J. Grant,0,0,0,,0,0,0,0,v,Grant REBOUND (Off:0 Def:1),Rebound,Unknown,1,0
61,62,PT03M47.00S,1,1610612760,OKC,201566,Westbrook,R. Westbrook,138,126,19,Made,1,15,19,34,v,Westbrook 19' Running Pull-Up Jump Shot (4 PTS) (Grant 1 AST),Made Shot,Running Pull-Up Jump Shot,1,0
62,63,PT03M38.00S,1,1610612762,UTA,1626168,Lyles,T. Lyles,0,0,0,,0,0,0,0,h,Lyles Bad Pass Turnover (P1.T3),Turnover,Bad Pass,1,0
63,63,PT03M38.00S,1,1610612760,OKC,203506,Oladipo,V. Oladipo,0,0,0,,0,0,0,0,v,Oladipo STEAL (2 STL),,,1,0
64,64,PT03M35.00S,1,1610612760,OKC,203506,Oladipo,V. Oladipo,0,1,0,Made,1,15,21,36,v,Oladipo  Running Dunk (9 PTS),Made Shot,Running Dunk Shot,1,0
65,65,PT03M20.00S,1,1610612760,OKC,203506,Oladipo,V. Oladipo,0,0,0,,0,0,0,0,v,Oladipo P.FOUL (P1.T3) (K.Scott),Foul,Personal,1,0
66,66,PT03M20.00S,1,1610612760,OKC,203506,Oladipo,V. Oladipo,0,0,0,,0,0,0,0,v,SUB: Abrines FOR Oladipo,Substitution,,0,0
67,67,PT03M20.00S,1,1610612760,OKC,1627734,Sabonis,D. Sabonis,0,0,0,,0,0,0,0,v,SUB: Adams FOR Sabonis,Substitution,,0,0
68,68,PT03M20.00S,1,1610612762,UTA,204060,Ingles,J. Ingles,0,0,0,,0,0,0,0,h,SUB: Burks FOR Ingles,Substitution,,0,0
69,69,PT03M10.00S,1,1610612762,UTA,1626168,Lyles,T. Lyles,-22,75,8,Made,1,17,21,38,h,Lyles 8' Driving Floating Jump Shot (2 PTS),Made Shot,Driving Floating Jump Shot,1,0
70,70,PT03M04.00S,1,1610612762,UTA,203957,Exum,D. Exum,0,0,0,,0,0,0,0,h,Exum S.FOUL (P1.T1) (K.Scott),Foul,Shooting,1,0
71,71,PT03M04.00S,1,1610612760,OKC,201566,Westbrook,R. Westbrook,0,0,0,,0,17,22,39,v,Westbrook Free Throw 1 of 2 (5 PTS),Free Throw,Free Throw 1 of 2,0,0
72,73,PT03M04.00S,1,1610612762,UTA,203497,Gobert,R. Gobert,0,0,0,,0,0,0,0,h,SUB: Favors FOR Gobert,Substitution,,0,0
73,74,PT03M04.00S,1,1610612760,OKC,201566,Westbrook,R. Westbrook,0,0,0,,0,17,23,40,v,Westbrook Free Throw 2 of 2 (6 PTS),Free Throw,Free Throw 2 of 2,0,0
74,76,PT02M54.00S,1,1610612762,UTA,202330,Hayward,G. Hayward,14,8,2,Missed,1,0,0,0,h,MISS Hayward 2' Alley Oop Layup,Missed Shot,Alley Oop Layup shot,1,0
75,77,PT02M54.00S,1,1610612760,OKC,203500,Adams,S. Adams,0,0,0,,0,0,0,0,v,Adams REBOUND (Off:0 Def:1),Rebound,Unknown,1,0
76,78,PT02M42.00S,1,1610612760,OKC,201566,Westbrook,R. Westbrook,-94,65,11,Made,1,17,25,42,v,Westbrook 11' Turnaround Fadeaway Bank Jump Shot (8 PTS),Made Shot,Turnaround Fadeaway Bank Jump Shot,1,0
77,79,PT02M20.00S,1,1610612762,UTA,1626168,Lyles,T. Lyles,22,2,2,Missed,1,0,0,0,h,MISS Lyles 2' Reverse Layup,Missed Shot,Reverse Layup Shot,1,0
78,80,PT02M20.00S,1,1610612760,OKC,201566,Westbrook,R. Westbrook,0,0,0,,0,0,0,0,v,Westbrook REBOUND (Off:0 Def:4),Rebound,Unknown,1,0
79,81,PT02M14.00S,1,1610612760,OKC,202683,Freedom,E. Freedom,19,2,2,Missed,1,0,0,0,v,MISS Kanter 2' Reverse Layup,Missed Shot,Reverse Layup Shot,1,0
80,81,PT02M14.00S,1,1610612762,UTA,202692,Burks,A. Burks,0,0,0,,0,0,0,0,h,Burks BLOCK (1 BLK),,,1,0
81,82,PT02M13.00S,1,1610612762,UTA,1626168,Lyles,T. Lyles,0,0,0,,0,0,0,0,h,Lyles REBOUND (Off:0 Def:1),Rebound,Unknown,1,0
82,83,PT02M04.00S,1,1610612762,UTA,1626168,Lyles,T. Lyles,-147,198,25,Made,1,20,25,45,h,Lyles 25' 3PT Jump Shot (5 PTS) (Burks 1 AST),Made Shot,Jump Shot,1,0
83,84,PT01M52.00S,1,1610612760,OKC,203500,Adams,S. Adams,0,0,0,,0,0,0,0,v,Adams Lost Ball Turnover (P1.T1),Turnover,Lost Ball,1,0
84,84,PT01M52.00S,1,1610612762,UTA,203957,Exum,D. Exum,0,0,0,,0,0,0,0,h,Exum STEAL (1 STL),,,1,0
85,85,PT01M51.00S,1,1610612760,OKC,201566,Westbrook,R. Westbrook,0,0,0,,0,0,0,0,v,Westbrook P.FOUL (P1.T4) (B.Nansel),Foul,Personal,1,0
86,86,PT01M51.00S,1,1610612760,OKC,201566,Westbrook,R. Westbrook,0,0,0,,0,0,0,0,v,SUB: Payne FOR Westbrook,Substitution,,0,0
87,87,PT01M51.00S,1,1610612762,UTA,202330,Hayward,G. Hayward,0,0,0,,0,0,0,0,h,SUB: Johnson FOR Hayward,Substitution,,0,0
88,88,PT01M33.00S,1,1610612762,UTA,202324,Favors,D. Favors,33,31,5,Missed,1,0,0,0,h,MISS Favors 5' Jump Shot,Missed Shot,Jump Shot,1,0
89,88,PT01M33.00S,1,1610612760,OKC,203924,Grant,J. Grant,0,0,0,,0,0,0,0,v,Grant BLOCK (1 BLK),,,1,0
90,89,PT01M32.00S,1,1610612760,OKC,202683,Freedom,E. Freedom,0,0,0,,0,0,0,0,v,Kanter REBOUND (Off:0 Def:1),Rebound,Unknown,1,0
91,90,PT01M23.00S,1,1610612760,OKC,1626166,Payne,C. Payne,138,205,25,Missed,1,0,0,0,v,MISS Payne 25' 3PT Jump Shot,Missed Shot,Jump Shot,1,0
92,91,PT01M22.00S,1,1610612762,UTA,202324,Favors,D. Favors,0,0,0,,0,0,0,0,h,Favors REBOUND (Off:1 Def:2),Rebound,Unknown,1,0
93,92,PT01M16.00S,1,1610612760,OKC,1626166,Payne,C. Payne,0,0,0,,0,0,0,0,v,Payne P.FOUL (P1.PN) (B.Nansel),Foul,Personal,1,0
94,93,PT01M16.00S,1,1610612762,UTA,202692,Burks,A. Burks,0,0,0,,0,21,25,46,h,Burks Free Throw 1 of 2 (1 PTS),Free Throw,Free Throw 1 of 2,0,0
95,95,PT01M16.00S,1,1610612762,UTA,203957,Exum,D. Exum,0,0,0,,0,0,0,0,h,SUB: G. Hill FOR Exum,Substitution,,0,0
96,96,PT01M16.00S,1,1610612762,UTA,202692,Burks,A. Burks,0,0,0,,0,22,25,47,h,Burks Free Throw 2 of 2 (2 PTS),Free Throw,Free Throw 2 of 2,0,0
97,98,PT01M00.00S,1,1610612762,UTA,202692,Burks,A. Burks,0,0,0,,0,0,0,0,h,Burks P.FOUL (P1.T2) (M.McCutchen),Foul,Personal,1,0
98,99,PT00M52.80S,1,1610612760,OKC,202683,Freedom,E. Freedom,-47,51,7,Made,1,22,27,49,v,Kanter 7' Hook Shot (2 PTS) (Adams 1 AST),Made Shot,Hook Shot,1,0
99,100,PT00M39.30S,1,1610612762,UTA,202324,Favors,D. Favors,78,129,15,Made,1,24,27,51,h,Favors 15' Jump Shot (4 PTS) (G. Hill 1 AST),Made Shot,Jump Shot,1,0
100,101,PT00M27.90S,1,1610612760,OKC,202683,Freedom,E. Freedom,19,2,2,Missed,1,0,0,0,v,MISS Kanter 2' Reverse Layup,Missed Shot,Reverse Layup Shot,1,0
101,101,PT00M27.90S,1,1610612762,UTA,1626168,Lyles,T. Lyles,0,0,0,,0,0,0,0,h,Lyles BLOCK (1 BLK),,,1,0
102,102,PT00M26.40S,1,1610612762,UTA,202324,Favors,D. Favors,0,0,0,,0,0,0,0,h,Favors REBOUND (Off:1 Def:3),Rebound,Unknown,1,0
103,103,PT00M05.60S,1,1610612762,UTA,201588,Hill,G. Hill,-4,31,3,Made,1,26,27,53,h,G. Hill 3' Finger Roll Layup (4 PTS),Made Shot,Finger Roll Layup Shot,1,0
104,104,PT00M00.00S,1,0,,0,,,0,0,0,,0,26,27,53,,End of 1st Period (9:33 PM EST),period,end,0,0
105,106,PT12M00.00S,2,0,,0,,,0,0,0,,0,26,27,53,,Start of 2nd Period (9:36 PM EST),period,start,0,0
106,107,PT11M41.00S,2,1610612762,UTA,1626168,Lyles,T. Lyles,-228,2,0,Made,1,29,27,56,h,Lyles  3PT Jump Shot (8 PTS) (G. Hill 2 AST),Made Shot,Jump Shot,1,0
107,108,PT11M23.00S,2,1610612760,OKC,203518,Abrines,A. Abrines,33,247,25,Missed,1,0,0,0,v,MISS Abrines 25' 3PT Jump Shot,Missed Shot,Jump Shot,1,0
108,109,PT11M22.00S,2,1610612762,UTA,201588,Hill,G. Hill,0,0,0,,0,0,0,0,h,G. Hill REBOUND (Off:0 Def:1),Rebound,Unknown,1,0
109,110,PT11M11.00S,2,1610612762,UTA,1626168,Lyles,T. Lyles,15,244,24,Missed,1,0,0,0,h,MISS Lyles 24' 3PT Jump Shot,Missed Shot,Jump Shot,1,0
110,111,PT11M11.00S,2,1610612760,OKC,202683,Freedom,E. Freedom,0,0,0,,0,0,0,0,v,Kanter REBOUND (Off:0 Def:2),Rebound,Unknown,1,0
111,112,PT10M51.00S,2,1610612760,OKC,1626166,Payne,C. Payne,-173,124,21,Missed,1,0,0,0,v,MISS Payne 21' Jump Shot,Missed Shot,Jump Shot,1,0
112,113,PT10M50.00S,2,1610612762,UTA,202324,Favors,D. Favors,0,0,0,,0,0,0,0,h,Favors REBOUND (Off:1 Def:4),Rebound,Unknown,1,0
113,114,PT10M36.00S,2,1610612762,UTA,201588,Hill,G. Hill,-127,208,24,Missed,1,0,0,0,h,MISS G. Hill 24' 3PT Jump Shot,Missed Shot,Jump Shot,1,0
114,115,PT10M35.00S,2,1610612762,UTA,202324,Favors,D. Favors,0,0,0,,0,0,0,0,h,Favors REBOUND (Off:2 Def:4),Rebound,Unknown,1,0
115,116,PT10M23.00S,2,1610612760,OKC,1626166,Payne,C. Payne,0,0,0,,0,0,0,0,v,Payne P.FOUL (P2.T1) (M.McCutchen),Foul,Personal,1,0
116,117,PT10M16.00S,2,1610612762,UTA,202324,Favors,D. Favors,12,-1,1,Missed,1,0,0,0,h,MISS Favors 1' Layup,Missed Shot,Layup Shot,1,0
117,118,PT10M16.00S,2,1610612760,OKC,202683,Freedom,E. Freedom,0,0,0,,0,0,0,0,v,Kanter REBOUND (Off:0 Def:3),Rebound,Unknown,1,0
118,119,PT10M08.00S,2,1610612760,OKC,203518,Abrines,A. Abrines,130,218,25,Missed,1,0,0,0,v,MISS Abrines 25' 3PT Jump Shot,Missed Shot,Jump Shot,1,0
119,120,PT10M08.00S,2,1610612762,UTA,2207,Johnson,J. Johnson,0,0,0,,0,0,0,0,h,Johnson REBOUND (Off:0 Def:1),Rebound,Unknown,1,0
120,121,PT09M55.00S,2,1610612762,UTA,2207,Johnson,J. Johnson,46,23,5,Made,1,31,27,58,h,Johnson 5' Driving Floating Bank Jump Shot (2 PTS),Made Shot,Driving Floating Bank Jump Shot,1,0
121,122,PT09M32.00S,2,1610612762,UTA,202324,Favors,D. Favors,0,0,0,,0,0,0,0,h,Favors S.FOUL (P2.T1) (B.Nansel),Foul,Shooting,1,0
122,123,PT09M32.00S,2,1610612760,OKC,202683,Freedom,E. Freedom,0,0,0,,0,31,28,59,v,Kanter Free Throw 1 of 2 (3 PTS),Free Throw,Free Throw 1 of 2,0,0
123,125,PT09M32.00S,2,1610612760,OKC,1626166,Payne,C. Payne,0,0,0,,0,0,0,0,v,SUB: Oladipo FOR Payne,Substitution,,0,0
124,126,PT09M32.00S,2,1610612762,UTA,202692,Burks,A. Burks,0,0,0,,0,0,0,0,h,SUB: Ingles FOR Burks,Substitution,,0,0
125,127,PT09M32.00S,2,1610612762,UTA,202324,Favors,D. Favors,0,0,0,,0,0,0,0,h,SUB: Diaw FOR Favors,Substitution,,0,0
126,128,PT09M32.00S,2,1610612760,OKC,202683,Freedom,E. Freedom,0,0,0,,0,31,29,60,v,Kanter Free Throw 2 of 2 (4 PTS),Free Throw,Free Throw 2 of 2,0,0
127,130,PT09M21.00S,2,1610612762,UTA,2207,Johnson,J. Johnson,-189,159,25,Missed,1,0,0,0,h,MISS Johnson 25' 3PT Jump Shot,Missed Shot,Jump Shot,1,0
128,131,PT09M21.00S,2,1610612760,OKC,203518,Abrines,A. Abrines,0,0,0,,0,0,0,0,v,Abrines REBOUND (Off:0 Def:1),Rebound,Unknown,1,0
129,132,PT09M07.00S,2,1610612760,OKC,203924,Grant,J. Grant,-53,75,9,Missed,1,0,0,0,v,MISS Grant 9' Floating Jump Shot,Missed Shot,Floating Jump shot,1,0
130,133,PT09M07.00S,2,0,,1610612760,,,0,0,0,,0,0,0,0,v,Thunder Rebound,Rebound,Unknown,0,0
131,135,PT08M55.00S,2,1610612762,UTA,204060,Ingles,J. Ingles,0,0,0,,0,0,0,0,h,Ingles S.FOUL (P1.T2) (K.Scott),Foul,Shooting,1,0
132,136,PT08M55.00S,2,0,,0,,,0,0,0,,0,0,0,0,,Timeout: Regular,Timeout,Regular,0,0
133,138,PT08M55.00S,2,1610612762,UTA,1626168,Lyles,T. Lyles,0,0,0,,0,0,0,0,h,SUB: Gobert FOR Lyles,Substitution,,0,0
134,139,PT08M55.00S,2,1610612762,UTA,201588,Hill,G. Hill,0,0,0,,0,0,0,0,h,SUB: Exum FOR G. Hill,Substitution,,0,0
135,140,PT08M55.00S,2,1610612760,OKC,202683,Freedom,E. Freedom,0,0,0,,0,31,30,61,v,Kanter Free Throw 1 of 2 (5 PTS),Free Throw,Free Throw 1 of 2,0,0
136,142,PT08M55.00S,2,1610612760,OKC,202683,Freedom,E. Freedom,0,0,0,,0,31,31,62,v,Kanter Free Throw 2 of 2 (6 PTS),Free Throw,Free Throw 2 of 2,0,0
137,144,PT08M42.00S,2,1610612762,UTA,204060,Ingles,J. Ingles,-202,-1,20,Made,1,33,31,64,h,Ingles 20' Step Back Jump Shot (4 PTS),Made Shot,Step Back Jump shot,1,0
138,145,PT08M27.00S,2,1610612760,OKC,203506,Oladipo,V. Oladipo,-71,106,13,Made,1,33,33,66,v,Oladipo 13' Pullup Jump Shot (11 PTS),Made Shot,Pullup Jump shot,1,0
139,146,PT08M10.00S,2,1610612760,OKC,203530,Lauvergne,J. Lauvergne,0,0,0,,0,0,0,0,v,Lauvergne Violation:Kicked Ball (.),Violation,Kicked Ball,0,0
140,147,PT08M10.00S,2,1610612760,OKC,203518,Abrines,A. Abrines,0,0,0,,0,0,0,0,v,SUB: Westbrook FOR Abrines,Substitution,,0,0
141,148,PT08M03.00S,2,1610612760,OKC,202683,Freedom,E. Freedom,0,0,0,,0,0,0,0,v,Kanter S.FOUL (P1.T2) (K.Scott),Foul,Shooting,1,0
142,149,PT08M03.00S,2,1610612762,UTA,203497,Gobert,R. Gobert,0,0,0,,0,0,0,0,h,MISS Gobert Free Throw 1 of 2,Free Throw,Free Throw 1 of 2,0,0
143,150,PT08M03.00S,2,0,,1610612762,,,0,0,0,,0,0,0,0,h,JAZZ Rebound,Rebound,Normal Rebound,0,0
144,151,PT08M03.00S,2,1610612762,UTA,203497,Gobert,R. Gobert,0,0,0,,0,0,0,0,h,MISS Gobert Free Throw 2 of 2,Free Throw,Free Throw 2 of 2,0,0
145,153,PT08M03.00S,2,1610612760,OKC,201566,Westbrook,R. Westbrook,0,0,0,,0,0,0,0,v,Westbrook REBOUND (Off:0 Def:5),Rebound,Unknown,1,0
146,154,PT07M54.00S,2,1610612760,OKC,201566,Westbrook,R. Westbrook,0,0,0,,0,0,0,0,v,Westbrook Bad Pass Turnover (P1.T2),Turnover,Bad Pass,1,0
147,154,PT07M54.00S,2,1610612762,UTA,204060,Ingles,J. Ingles,0,0,0,,0,0,0,0,h,Ingles STEAL (1 STL),,,1,0
148,155,PT07M51.00S,2,1610612762,UTA,204060,Ingles,J. Ingles,0,1,0,Made,1,35,33,68,h,Ingles  Running Dunk (6 PTS),Made Shot,Running Dunk Shot,1,0
149,156,PT07M35.00S,2,1610612760,OKC,201566,Westbrook,R. Westbrook,0,0,0,,0,0,0,0,v,Westbrook Bad Pass Turnover (P2.T3),Turnover,Bad Pass,1,0
150,156,PT07M35.00S,2,1610612762,UTA,2564,Diaw,B. Diaw,0,0,0,,0,0,0,0,h,Diaw STEAL (1 STL),,,1,0
151,157,PT07M28.00S,2,1610612762,UTA,203957,Exum,D. Exum,-173,180,25,Made,1,38,33,71,h,Exum 25' 3PT Jump Shot (3 PTS) (Diaw 1 AST),Made Shot,Jump Shot,1,0
152,158,PT07M26.00S,2,0,,1610612760,,,0,0,0,,0,0,0,0,v,Thunder Timeout: Regular (Reg.2 Short 0),Timeout,Regular,0,0
153,160,PT07M26.00S,2,1610612760,OKC,202683,Freedom,E. Freedom,0,0,0,,0,0,0,0,v,SUB: Adams FOR Kanter,Substitution,,0,0
154,161,PT07M26.00S,2,1610612762,UTA,2207,Johnson,J. Johnson,0,0,0,,0,0,0,0,h,SUB: Hayward FOR Johnson,Substitution,,0,0
155,162,PT07M09.00S,2,1610612760,OKC,201566,Westbrook,R. Westbrook,143,11,14,Made,1,38,35,73,v,Westbrook 14' Fadeaway Jumper (10 PTS),Made Shot,Fadeaway Jump Shot,1,0
156,163,PT06M52.00S,2,1610612762,UTA,203497,Gobert,R. Gobert,0,0,0,,0,0,0,0,h,Gobert OFF.Foul (P1) (M.McCutchen),Foul,Offensive,1,0
157,164,PT06M52.00S,2,1610612762,UTA,203497,Gobert,R. Gobert,0,0,0,,0,0,0,0,h,Gobert Foul Turnover (P1.T4),Turnover,Foul,1,0
158,165,PT06M52.00S,2,1610612760,OKC,203530,Lauvergne,J. Lauvergne,0,0,0,,0,0,0,0,v,SUB: Sabonis FOR Lauvergne,Substitution,,0,0
159,166,PT06M37.00S,2,1610612760,OKC,201566,Westbrook,R. Westbrook,-84,121,15,Made,1,38,37,75,v,Westbrook 15' Step Back Jump Shot (12 PTS),Made Shot,Step Back Jump shot,1,0
160,167,PT06M29.00S,2,1610612760,OKC,203506,Oladipo,V. Oladipo,0,0,0,,0,0,0,0,v,Oladipo P.FOUL (P2.T3) (K.Scott),Foul,Personal,1,0
161,168,PT06M29.00S,2,1610612762,UTA,203957,Exum,D. Exum,0,0,0,,0,0,0,0,h,SUB: G. Hill FOR Exum,Substitution,,0,0
162,169,PT06M12.00S,2,1610612762,UTA,201588,Hill,G. Hill,-16,31,3,Missed,1,0,0,0,h,MISS G. Hill 3' Jump Shot,Missed Shot,Jump Shot,1,0
163,169,PT06M12.00S,2,1610612760,OKC,203500,Adams,S. Adams,0,0,0,,0,0,0,0,v,Adams BLOCK (1 BLK),,,1,0
164,170,PT06M10.00S,2,1610612760,OKC,1627734,Sabonis,D. Sabonis,0,0,0,,0,0,0,0,v,Sabonis REBOUND (Off:0 Def:1),Rebound,Unknown,1,0
165,171,PT06M08.00S,2,1610612762,UTA,202330,Hayward,G. Hayward,0,0,0,,0,0,0,0,h,Hayward S.FOUL (P1.T3) (B.Nansel),Foul,Shooting,1,0
166,172,PT06M08.00S,2,1610612760,OKC,201566,Westbrook,R. Westbrook,0,0,0,,0,38,38,76,v,Westbrook Free Throw 1 of 2 (13 PTS),Free Throw,Free Throw 1 of 2,0,0
167,174,PT06M08.00S,2,1610612760,OKC,203924,Grant,J. Grant,0,0,0,,0,0,0,0,v,SUB: Roberson FOR Grant,Substitution,,0,0
168,175,PT06M08.00S,2,1610612760,OKC,201566,Westbrook,R. Westbrook,0,0,0,,0,38,39,77,v,Westbrook Free Throw 2 of 2 (14 PTS),Free Throw,Free Throw 2 of 2,0,0
169,177,PT05M53.00S,2,1610612762,UTA,203497,Gobert,R. Gobert,0,1,0,Made,1,40,39,79,h,Gobert  Alley Oop Dunk (6 PTS) (Diaw 2 AST),Made Shot,Alley Oop Dunk Shot,1,0
170,178,PT05M53.00S,2,1610612760,OKC,1627734,Sabonis,D. Sabonis,0,0,0,,0,0,0,0,v,Sabonis S.FOUL (P1.T4) (M.McCutchen),Foul,Shooting,1,0
171,179,PT05M53.00S,2,1610612762,UTA,203497,Gobert,R. Gobert,0,0,0,,0,0,0,0,h,MISS Gobert Free Throw 1 of 1,Free Throw,Free Throw 1 of 1,0,0
172,181,PT05M52.00S,2,1610612760,OKC,1627734,Sabonis,D. Sabonis,0,0,0,,0,0,0,0,v,Sabonis REBOUND (Off:0 Def:2),Rebound,Unknown,1,0
173,182,PT05M40.00S,2,1610612760,OKC,1627734,Sabonis,D. Sabonis,0,0,0,,0,0,0,0,v,Sabonis Bad Pass Turnover (P1.T4),Turnover,Bad Pass,1,0
174,182,PT05M40.00S,2,1610612762,UTA,204060,Ingles,J. Ingles,0,0,0,,0,0,0,0,h,Ingles STEAL (2 STL),,,1,0
175,183,PT05M25.00S,2,1610612762,UTA,201588,Hill,G. Hill,232,7,0,Missed,1,0,0,0,h,MISS G. Hill  3PT Jump Shot,Missed Shot,Jump Shot,1,0
176,184,PT05M25.00S,2,1610612760,OKC,203506,Oladipo,V. Oladipo,0,0,0,,0,0,0,0,v,Oladipo REBOUND (Off:0 Def:1),Rebound,Unknown,1,0
177,185,PT05M17.00S,2,1610612760,OKC,203506,Oladipo,V. Oladipo,-104,87,14,Made,1,40,41,81,v,Oladipo 14' Pullup Jump Shot (13 PTS),Made Shot,Pullup Jump shot,1,0
178,186,PT05M08.00S,2,1610612762,UTA,2564,Diaw,B. Diaw,15,-6,2,Made,1,42,41,83,h,Diaw 2' Reverse Layup (2 PTS) (Ingles 1 AST),Made Shot,Reverse Layup Shot,1,0
179,187,PT04M53.00S,2,1610612760,OKC,203500,Adams,S. Adams,30,41,5,Missed,1,0,0,0,v,MISS Adams 5' Floating Jump Shot,Missed Shot,Floating Jump shot,1,0
180,188,PT04M53.00S,2,1610612762,UTA,204060,Ingles,J. Ingles,0,0,0,,0,0,0,0,h,Ingles REBOUND (Off:0 Def:2),Rebound,Unknown,1,0
181,189,PT04M36.00S,2,1610612760,OKC,1627734,Sabonis,D. Sabonis,0,0,0,,0,0,0,0,v,Sabonis Personal Block Foul (P2.PN) (B.Nansel),Foul,Personal Block,1,0
182,190,PT04M36.00S,2,1610612762,UTA,201588,Hill,G. Hill,0,0,0,,0,43,41,84,h,G. Hill Free Throw 1 of 2 (5 PTS),Free Throw,Free Throw 1 of 2,0,0
183,191,PT04M36.00S,2,1610612760,OKC,1627734,Sabonis,D. Sabonis,0,0,0,,0,0,0,0,v,SUB: Kanter FOR Sabonis,Substitution,,0,0
184,192,PT04M36.00S,2,1610612762,UTA,201588,Hill,G. Hill,0,0,0,,0,44,41,85,h,G. Hill Free Throw 2 of 2 (6 PTS),Free Throw,Free Throw 2 of 2,0,0
185,194,PT04M25.00S,2,1610612760,OKC,201566,Westbrook,R. Westbrook,-4,249,25,Made,1,44,44,88,v,Westbrook 25' 3PT Jump Shot (17 PTS),Made Shot,Jump Shot,1,0
186,195,PT04M10.00S,2,1610612760,OKC,203506,Oladipo,V. Oladipo,0,0,0,,0,0,0,0,v,Oladipo S.FOUL (P3.PN) (B.Nansel),Foul,Shooting,1,0
187,196,PT04M10.00S,2,1610612762,UTA,202330,Hayward,G. Hayward,0,0,0,,0,45,44,89,h,Hayward Free Throw 1 of 2 (6 PTS),Free Throw,Free Throw 1 of 2,0,0
188,198,PT04M10.00S,2,1610612762,UTA,204060,Ingles,J. Ingles,0,0,0,,0,0,0,0,h,SUB: Burks FOR Ingles,Substitution,,0,0
189,199,PT04M10.00S,2,1610612762,UTA,202330,Hayward,G. Hayward,0,0,0,,0,46,44,90,h,Hayward Free Throw 2 of 2 (7 PTS),Free Throw,Free Throw 2 of 2,0,0
190,201,PT03M58.00S,2,1610612762,UTA,202692,Burks,A. Burks,0,0,0,,0,0,0,0,h,Burks S.FOUL (P2.T4) (B.Nansel),Foul,Shooting,1,0
191,202,PT03M58.00S,2,1610612760,OKC,201566,Westbrook,R. Westbrook,0,0,0,,0,46,45,91,v,Westbrook Free Throw 1 of 2 (18 PTS),Free Throw,Free Throw 1 of 2,0,0
192,204,PT03M58.00S,2,1610612760,OKC,203506,Oladipo,V. Oladipo,0,0,0,,0,0,0,0,v,SUB: Abrines FOR Oladipo,Substitution,,0,0
193,205,PT03M58.00S,2,1610612760,OKC,201566,Westbrook,R. Westbrook,0,0,0,,0,46,46,92,v,Westbrook Free Throw 2 of 2 (19 PTS),Free Throw,Free Throw 2 of 2,0,0
194,207,PT03M45.00S,2,1610612762,UTA,201588,Hill,G. Hill,0,0,0,,0,0,0,0,h,G. Hill Out of Bounds - Bad Pass Turnover Turnover (P2.T5),Turnover,Out of Bounds - Bad Pass Turnover,1,0
195,208,PT03M34.00S,2,1610612760,OKC,203500,Adams,S. Adams,0,1,0,Missed,1,0,0,0,v,MISS Adams  Dunk,Missed Shot,Dunk Shot,1,0
196,209,PT03M34.00S,2,1610612760,OKC,202683,Freedom,E. Freedom,0,0,0,,0,0,0,0,v,Kanter REBOUND (Off:1 Def:3),Rebound,Unknown,1,0
197,210,PT03M31.00S,2,1610612760,OKC,202683,Freedom,E. Freedom,-1,43,4,Made,1,46,48,94,v,Kanter 4' Jump Shot (8 PTS),Made Shot,Jump Shot,1,0
198,211,PT03M13.00S,2,1610612762,UTA,202330,Hayward,G. Hayward,-25,7,3,Missed,1,0,0,0,h,MISS Hayward 3' Jump Bank Shot,Missed Shot,Jump Bank Shot,1,0
199,212,PT03M12.00S,2,1610612760,OKC,203460,Roberson,A. Roberson,0,0,0,,0,0,0,0,v,Roberson REBOUND (Off:0 Def:2),Rebound,Unknown,1,0
200,213,PT03M07.00S,2,1610612760,OKC,201566,Westbrook,R. Westbrook,-122,229,26,Made,1,46,51,97,v,Westbrook 26' 3PT Running Pull-Up Jump Shot (22 PTS) (Roberson 2 AST),Made Shot,Running Pull-Up Jump Shot,1,0
201,214,PT03M05.00S,2,0,,1610612762,,,0,0,0,,0,0,0,0,h,JAZZ Timeout: Regular (Full 2 Short 0),Timeout,Regular,0,0
202,216,PT03M05.00S,2,1610612762,UTA,2564,Diaw,B. Diaw,0,0,0,,0,0,0,0,h,SUB: Favors FOR Diaw,Substitution,,0,0
203,217,PT02M46.00S,2,1610612762,UTA,201588,Hill,G. Hill,-166,75,18,Missed,1,0,0,0,h,MISS G. Hill 18' Pullup Jump Shot,Missed Shot,Pullup Jump shot,1,0
204,218,PT02M46.00S,2,1610612760,OKC,201566,Westbrook,R. Westbrook,0,0,0,,0,0,0,0,v,Westbrook REBOUND (Off:0 Def:6),Rebound,Unknown,1,0
205,219,PT02M28.00S,2,1610612760,OKC,201566,Westbrook,R. Westbrook,-238,31,24,Missed,1,0,0,0,v,MISS Westbrook 24' 3PT Jump Shot,Missed Shot,Jump Shot,1,0
206,220,PT02M28.00S,2,1610612762,UTA,202324,Favors,D. Favors,0,0,0,,0,0,0,0,h,Favors REBOUND (Off:2 Def:5),Rebound,Unknown,1,0
207,221,PT02M19.00S,2,1610612762,UTA,202330,Hayward,G. Hayward,-1,28,3,Missed,1,0,0,0,h,MISS Hayward 3' Driving Floating Jump Shot,Missed Shot,Driving Floating Jump Shot,1,0
208,221,PT02M19.00S,2,1610612760,OKC,201566,Westbrook,R. Westbrook,0,0,0,,0,0,0,0,v,Westbrook BLOCK (1 BLK),,,1,0
209,222,PT02M18.00S,2,1610612760,OKC,203460,Roberson,A. Roberson,0,0,0,,0,0,0,0,v,Roberson REBOUND (Off:0 Def:3),Rebound,Unknown,1,0
210,223,PT02M12.00S,2,1610612760,OKC,203518,Abrines,A. Abrines,215,111,24,Made,1,46,54,100,v,Abrines 24' 3PT Jump Shot (3 PTS) (Westbrook 5 AST),Made Shot,Jump Shot,1,0
211,224,PT01M48.00S,2,1610612762,UTA,202330,Hayward,G. Hayward,-230,11,0,Missed,1,0,0,0,h,MISS Hayward  3PT Jump Shot,Missed Shot,Jump Shot,1,0
212,225,PT01M47.00S,2,1610612760,OKC,203500,Adams,S. Adams,0,0,0,,0,0,0,0,v,Adams REBOUND (Off:0 Def:2),Rebound,Unknown,1,0
213,226,PT01M35.00S,2,1610612760,OKC,201566,Westbrook,R. Westbrook,0,0,0,,0,0,0,0,v,Westbrook Bad Pass Turnover (P3.T5),Turnover,Bad Pass,1,0
214,226,PT01M35.00S,2,1610612762,UTA,202324,Favors,D. Favors,0,0,0,,0,0,0,0,h,Favors STEAL (1 STL),,,1,0
215,227,PT01M34.00S,2,1610612760,OKC,203500,Adams,S. Adams,0,0,0,,0,0,0,0,v,Adams P.FOUL (P1.PN) (B.Nansel),Foul,Personal,1,0
216,228,PT01M34.00S,2,1610612762,UTA,201588,Hill,G. Hill,0,0,0,,0,0,0,0,h,MISS G. Hill Free Throw 1 of 2,Free Throw,Free Throw 1 of 2,0,0
217,229,PT01M34.00S,2,0,,1610612762,,,0,0,0,,0,0,0,0,h,JAZZ Rebound,Rebound,Normal Rebound,0,0
218,230,PT01M34.00S,2,1610612762,UTA,202692,Burks,A. Burks,0,0,0,,0,0,0,0,h,SUB: Ingles FOR Burks,Substitution,,0,0
219,231,PT01M34.00S,2,1610612762,UTA,201588,Hill,G. Hill,0,0,0,,0,47,54,101,h,G. Hill Free Throw 2 of 2 (7 PTS),Free Throw,Free Throw 2 of 2,0,0
220,233,PT01M23.00S,2,1610612760,OKC,201566,Westbrook,R. Westbrook,-68,190,20,Missed,1,0,0,0,v,MISS Westbrook 20' Jump Shot,Missed Shot,Jump Shot,1,0
221,234,PT01M22.00S,2,1610612762,UTA,202330,Hayward,G. Hayward,0,0,0,,0,0,0,0,h,Hayward REBOUND (Off:0 Def:3),Rebound,Unknown,1,0
222,235,PT01M12.00S,2,1610612762,UTA,204060,Ingles,J. Ingles,0,0,0,,0,0,0,0,h,Ingles Bad Pass Turnover (P1.T6),Turnover,Bad Pass,1,0
223,235,PT01M12.00S,2,1610612760,OKC,201566,Westbrook,R. Westbrook,0,0,0,,0,0,0,0,v,Westbrook STEAL (1 STL),,,1,0
224,236,PT01M07.00S,2,1610612760,OKC,203460,Roberson,A. Roberson,0,1,0,Made,1,47,56,103,v,Roberson  Running Alley Oop Dunk Shot (4 PTS) (Westbrook 6 AST),Made Shot,Running Alley Oop Dunk Shot,1,0
225,237,PT00M49.90S,2,1610612762,UTA,201588,Hill,G. Hill,35,38,5,Missed,1,0,0,0,h,MISS G. Hill 5' Floating Jump Shot,Missed Shot,Floating Jump shot,1,0
226,238,PT00M48.90S,2,1610612760,OKC,203460,Roberson,A. Roberson,0,0,0,,0,0,0,0,v,Roberson REBOUND (Off:0 Def:4),Rebound,Unknown,1,0
227,239,PT00M46.30S,2,1610612762,UTA,204060,Ingles,J. Ingles,0,0,0,,0,0,0,0,h,Ingles P.FOUL (P2.PN) (M.McCutchen),Foul,Personal,1,0
228,240,PT00M46.30S,2,1610612760,OKC,201566,Westbrook,R. Westbrook,0,0,0,,0,0,0,0,v,MISS Westbrook Free Throw 1 of 2,Free Throw,Free Throw 1 of 2,0,0
229,241,PT00M46.30S,2,0,,1610612760,,,0,0,0,,0,0,0,0,v,Thunder Rebound,Rebound,Normal Rebound,0,0
230,243,PT00M46.30S,2,0,,1610612762,,,0,0,0,,0,0,0,0,h,JAZZ Timeout: Short (Full 2 Short 1),Timeout,Short,0,0
231,245,PT00M46.30S,2,1610612760,OKC,201566,Westbrook,R. Westbrook,0,0,0,,0,0,0,0,v,MISS Westbrook Free Throw 2 of 2,Free Throw,Free Throw 2 of 2,0,0
232,247,PT00M45.90S,2,1610612762,UTA,202324,Favors,D. Favors,0,0,0,,0,0,0,0,h,Favors REBOUND (Off:2 Def:6),Rebound,Unknown,1,0
233,248,PT00M30.30S,2,1610612762,UTA,202324,Favors,D. Favors,0,1,0,Made,1,49,56,105,h,Favors  Dunk (6 PTS) (Gobert 1 AST),Made Shot,Dunk Shot,1,0
234,249,PT00M10.90S,2,1610612760,OKC,201566,Westbrook,R. Westbrook,0,1,0,Missed,1,0,0,0,v,MISS Westbrook  Driving Dunk,Missed Shot,Driving Dunk Shot,1,0
235,249,PT00M10.90S,2,1610612762,UTA,203497,Gobert,R. Gobert,0,0,0,,0,0,0,0,h,Gobert BLOCK (2 BLK),,,1,0
236,250,PT00M10.90S,2,1610612762,UTA,202330,Hayward,G. Hayward,0,0,0,,0,0,0,0,h,Hayward REBOUND (Off:0 Def:4),Rebound,Unknown,1,0
237,251,PT00M06.40S,2,1610612762,UTA,202330,Hayward,G. Hayward,-7,8,1,Made,1,51,56,107,h,Hayward 1' Running Layup (9 PTS),Made Shot,Running Layup Shot,1,0
238,252,PT00M01.20S,2,1610612760,OKC,201566,Westbrook,R. Westbrook,0,0,0,,0,0,0,0,v,Westbrook Bad Pass Turnover (P4.T6),Turnover,Bad Pass,1,0
239,252,PT00M01.20S,2,1610612762,UTA,201588,Hill,G. Hill,0,0,0,,0,0,0,0,h,G. Hill STEAL (1 STL),,,1,0
240,253,PT00M01.20S,2,1610612760,OKC,203500,Adams,S. Adams,0,0,0,,0,0,0,0,v,Adams P.FOUL (P2.PN) (M.McCutchen),Foul,Personal,1,0
241,254,PT00M01.20S,2,0,,253,,,0,0,0,,0,0,0,0,,Support Ruling,Instant Replay,Support Ruling,0,0
242,255,PT00M01.20S,2,1610612762,UTA,201588,Hill,G. Hill,0,0,0,,0,52,56,108,h,G. Hill Free Throw 1 of 2 (8 PTS),Free Throw,Free Throw 1 of 2,0,0
243,257,PT00M01.20S,2,1610612762,UTA,201588,Hill,G. Hill,0,0,0,,0,53,56,109,h,G. Hill Free Throw 2 of 2 (9 PTS),Free Throw,Free Throw 2 of 2,0,0
244,259,PT00M00.00S,2,0,,0,,,0,0,0,,0,53,56,109,,End of 2nd Period (10:08 PM EST),period,end,0,0
245,261,PT12M00.00S,3,0,,0,,,0,0,0,,0,53,56,109,,Start of 3rd Period (10:23 PM EST),period,start,0,0
246,262,PT11M40.00S,3,1610612762,UTA,201588,Hill,G. Hill,156,193,25,Missed,1,0,0,0,h,MISS G. Hill 25' 3PT Jump Shot,Missed Shot,Jump Shot,1,0
247,263,PT11M40.00S,3,0,,1610612760,,,0,0,0,,0,0,0,0,v,Thunder Rebound,Rebound,Unknown,0,0
248,264,PT11M22.00S,3,1610612760,OKC,203500,Adams,S. Adams,-19,33,4,Missed,1,0,0,0,v,MISS Adams 4' Hook Shot,Missed Shot,Hook Shot,1,0
249,265,PT11M21.00S,3,1610612762,UTA,203497,Gobert,R. Gobert,0,0,0,,0,0,0,0,h,Gobert REBOUND (Off:1 Def:3),Rebound,Unknown,1,0
250,266,PT11M06.00S,3,1610612762,UTA,202324,Favors,D. Favors,0,0,0,,0,0,0,0,h,Favors Out of Bounds - Bad Pass Turnover Turnover (P2.T7),Turnover,Out of Bounds - Bad Pass Turnover,1,0
251,267,PT10M53.00S,3,1610612762,UTA,201588,Hill,G. Hill,0,0,0,,0,0,0,0,h,G. Hill S.FOUL (P1.T1) (K.Scott),Foul,Shooting,1,0
252,268,PT10M53.00S,3,1610612760,OKC,201566,Westbrook,R. Westbrook,0,0,0,,0,53,57,110,v,Westbrook Free Throw 1 of 2 (23 PTS),Free Throw,Free Throw 1 of 2,0,0
253,270,PT10M53.00S,3,1610612760,OKC,201566,Westbrook,R. Westbrook,0,0,0,,0,53,58,111,v,Westbrook Free Throw 2 of 2 (24 PTS),Free Throw,Free Throw 2 of 2,0,0
254,272,PT10M35.00S,3,1610612762,UTA,202330,Hayward,G. Hayward,51,47,7,Missed,1,0,0,0,h,MISS Hayward 7' Driving Floating Jump Shot,Missed Shot,Driving Floating Jump Shot,1,0
255,273,PT10M34.00S,3,1610612760,OKC,203500,Adams,S. Adams,0,0,0,,0,0,0,0,v,Adams REBOUND (Off:0 Def:3),Rebound,Unknown,1,0
256,274,PT10M24.00S,3,1610612760,OKC,1627734,Sabonis,D. Sabonis,40,237,24,Missed,1,0,0,0,v,MISS Sabonis 24' 3PT Jump Shot,Missed Shot,Jump Shot,1,0
257,275,PT10M24.00S,3,1610612762,UTA,201588,Hill,G. Hill,0,0,0,,0,0,0,0,h,G. Hill REBOUND (Off:0 Def:2),Rebound,Unknown,1,0
258,276,PT10M05.00S,3,1610612762,UTA,204060,Ingles,J. Ingles,0,0,0,,0,0,0,0,h,Ingles Bad Pass Turnover (P2.T8),Turnover,Bad Pass,1,0
259,276,PT10M05.00S,3,1610612760,OKC,201566,Westbrook,R. Westbrook,0,0,0,,0,0,0,0,v,Westbrook STEAL (2 STL),,,1,0
260,277,PT10M01.00S,3,1610612760,OKC,203460,Roberson,A. Roberson,0,1,0,Made,1,53,60,113,v,Roberson  Running Dunk (6 PTS) (Westbrook 7 AST),Made Shot,Running Dunk Shot,1,0
261,278,PT09M35.00S,3,1610612762,UTA,202330,Hayward,G. Hayward,141,198,24,Missed,1,0,0,0,h,MISS Hayward 24' 3PT Jump Shot,Missed Shot,Jump Shot,1,0
262,279,PT09M35.00S,3,0,,1610612762,,,0,0,0,,0,0,0,0,h,JAZZ Rebound,Rebound,Unknown,0,0
263,280,PT09M35.00S,3,1610612760,OKC,203460,Roberson,A. Roberson,0,0,0,,0,0,0,0,v,Roberson P.FOUL (P3.T1) (K.Scott),Foul,Personal,1,0
264,281,PT09M35.00S,3,1610612762,UTA,204060,Ingles,J. Ingles,0,0,0,,0,0,0,0,h,SUB: Burks FOR Ingles,Substitution,,0,0
265,282,PT09M35.00S,3,1610612762,UTA,202324,Favors,D. Favors,0,0,0,,0,0,0,0,h,SUB: Lyles FOR Favors,Substitution,,0,0
266,283,PT09M27.00S,3,1610612762,UTA,203497,Gobert,R. Gobert,-30,7,3,Missed,1,0,0,0,h,MISS Gobert 3' Jump Shot,Missed Shot,Jump Shot,1,0
267,284,PT09M27.00S,3,1610612760,OKC,201566,Westbrook,R. Westbrook,0,0,0,,0,0,0,0,v,Westbrook REBOUND (Off:0 Def:7),Rebound,Unknown,1,0
268,285,PT09M17.00S,3,1610612760,OKC,1627734,Sabonis,D. Sabonis,102,218,24,Missed,1,0,0,0,v,MISS Sabonis 24' 3PT Jump Shot,Missed Shot,Jump Shot,1,0
269,286,PT09M17.00S,3,0,,1610612762,,,0,0,0,,0,0,0,0,h,JAZZ Rebound,Rebound,Unknown,0,0
270,287,PT09M01.00S,3,1610612762,UTA,1626168,Lyles,T. Lyles,1,51,5,Missed,1,0,0,0,h,MISS Lyles 5' Turnaround Fadeaway Shot,Missed Shot,Turnaround Fadeaway shot,1,0
271,288,PT09M01.00S,3,1610612760,OKC,203460,Roberson,A. Roberson,0,0,0,,0,0,0,0,v,Roberson REBOUND (Off:0 Def:5),Rebound,Unknown,1,0
272,289,PT08M42.00S,3,1610612760,OKC,1627734,Sabonis,D. Sabonis,-53,0,5,Missed,1,0,0,0,v,MISS Sabonis 5' Jump Shot,Missed Shot,Jump Shot,1,0
273,290,PT08M42.00S,3,1610612760,OKC,203506,Oladipo,V. Oladipo,0,0,0,,0,0,0,0,v,Oladipo REBOUND (Off:1 Def:1),Rebound,Unknown,1,0
274,291,PT08M33.00S,3,1610612760,OKC,201566,Westbrook,R. Westbrook,0,0,0,,0,0,0,0,v,Westbrook Bad Pass Turnover (P5.T7),Turnover,Bad Pass,1,0
275,291,PT08M33.00S,3,1610612762,UTA,202330,Hayward,G. Hayward,0,0,0,,0,0,0,0,h,Hayward STEAL (1 STL),,,1,0
276,292,PT08M17.00S,3,1610612760,OKC,203506,Oladipo,V. Oladipo,0,0,0,,0,0,0,0,v,Oladipo S.FOUL (P4.T2) (B.Nansel),Foul,Shooting,1,0
277,293,PT08M17.00S,3,1610612762,UTA,202692,Burks,A. Burks,0,0,0,,0,0,0,0,h,MISS Burks Free Throw 1 of 2,Free Throw,Free Throw 1 of 2,0,0
278,294,PT08M17.00S,3,0,,1610612762,,,0,0,0,,0,0,0,0,h,JAZZ Rebound,Rebound,Normal Rebound,0,0
279,295,PT08M17.00S,3,1610612762,UTA,201588,Hill,G. Hill,0,0,0,,0,0,0,0,h,SUB: Exum FOR G. Hill,Substitution,,0,0
280,296,PT08M17.00S,3,0,,1610612760,,,0,0,0,,0,0,0,0,v,Thunder Timeout: Regular (Reg.3 Short 0),Timeout,Regular,0,0
281,298,PT08M17.00S,3,1610612762,UTA,202692,Burks,A. Burks,0,0,0,,0,54,60,114,h,Burks Free Throw 2 of 2 (3 PTS),Free Throw,Free Throw 2 of 2,0,0
282,300,PT08M04.00S,3,1610612760,OKC,201566,Westbrook,R. Westbrook,181,85,20,Missed,1,0,0,0,v,MISS Westbrook 20' Pullup Jump Shot,Missed Shot,Pullup Jump shot,1,0
283,301,PT08M03.00S,3,1610612762,UTA,202330,Hayward,G. Hayward,0,0,0,,0,0,0,0,h,Hayward REBOUND (Off:0 Def:5),Rebound,Unknown,1,0
284,302,PT07M55.00S,3,1610612760,OKC,201566,Westbrook,R. Westbrook,0,0,0,,0,0,0,0,v,Westbrook L.B.FOUL (P2.T3) (B.Nansel),Foul,Loose Ball,1,0
285,303,PT07M55.00S,3,1610612760,OKC,203506,Oladipo,V. Oladipo,0,0,0,,0,0,0,0,v,SUB: Abrines FOR Oladipo,Substitution,,0,0
286,304,PT07M40.00S,3,1610612762,UTA,203957,Exum,D. Exum,233,65,24,Missed,1,0,0,0,h,MISS Exum 24' 3PT Jump Shot,Missed Shot,Jump Shot,1,0
287,305,PT07M40.00S,3,1610612760,OKC,203460,Roberson,A. Roberson,0,0,0,,0,0,0,0,v,Roberson REBOUND (Off:0 Def:6),Rebound,Unknown,1,0
288,306,PT07M22.00S,3,1610612760,OKC,201566,Westbrook,R. Westbrook,-204,139,25,Missed,1,0,0,0,v,MISS Westbrook 25' 3PT Jump Shot,Missed Shot,Jump Shot,1,0
289,307,PT07M21.00S,3,1610612762,UTA,202692,Burks,A. Burks,0,0,0,,0,0,0,0,h,Burks REBOUND (Off:0 Def:1),Rebound,Unknown,1,0
290,308,PT07M13.00S,3,1610612762,UTA,202692,Burks,A. Burks,-27,0,3,Missed,1,0,0,0,h,MISS Burks 3' Driving Layup,Missed Shot,Driving Layup Shot,1,0
291,308,PT07M13.00S,3,1610612760,OKC,203500,Adams,S. Adams,0,0,0,,0,0,0,0,v,Adams BLOCK (2 BLK),,,1,0
292,309,PT07M13.00S,3,0,,1610612762,,,0,0,0,,0,0,0,0,h,JAZZ Rebound,Rebound,Unknown,0,0
293,311,PT07M06.00S,3,1610612762,UTA,203957,Exum,D. Exum,17,-6,2,Made,1,56,60,116,h,Exum 2' Driving Layup (5 PTS),Made Shot,Driving Layup Shot,1,0
294,312,PT07M06.00S,3,1610612760,OKC,203518,Abrines,A. Abrines,0,0,0,,0,0,0,0,v,Abrines S.FOUL (P1.T4) (B.Nansel),Foul,Shooting,1,0
295,313,PT07M06.00S,3,1610612762,UTA,203957,Exum,D. Exum,0,0,0,,0,57,60,117,h,Exum Free Throw 1 of 1 (6 PTS),Free Throw,Free Throw 1 of 1,0,0
296,315,PT06M53.00S,3,1610612760,OKC,203518,Abrines,A. Abrines,4,242,24,Missed,1,0,0,0,v,MISS Abrines 24' 3PT Jump Shot,Missed Shot,Jump Shot,1,0
297,316,PT06M52.00S,3,1610612760,OKC,203500,Adams,S. Adams,0,0,0,,0,0,0,0,v,Adams REBOUND (Off:1 Def:3),Rebound,Unknown,1,0
298,317,PT06M46.00S,3,1610612760,OKC,1627734,Sabonis,D. Sabonis,-17,-1,2,Missed,1,0,0,0,v,MISS Sabonis 2' Running Reverse Layup,Missed Shot,Running Reverse Layup Shot,1,0
299,318,PT06M46.00S,3,1610612762,UTA,1626168,Lyles,T. Lyles,0,0,0,,0,0,0,0,h,Lyles REBOUND (Off:0 Def:2),Rebound,Unknown,1,0
300,319,PT06M37.00S,3,1610612762,UTA,1626168,Lyles,T. Lyles,-12,-1,1,Missed,1,0,0,0,h,MISS Lyles 1' Driving Layup,Missed Shot,Driving Layup Shot,1,0
301,320,PT06M35.00S,3,1610612760,OKC,1627734,Sabonis,D. Sabonis,0,0,0,,0,0,0,0,v,Sabonis REBOUND (Off:0 Def:3),Rebound,Unknown,1,0
302,321,PT06M15.00S,3,1610612760,OKC,201566,Westbrook,R. Westbrook,191,149,24,Missed,1,0,0,0,v,MISS Westbrook 24' 3PT Jump Shot,Missed Shot,Jump Shot,1,0
303,322,PT06M14.00S,3,1610612762,UTA,203497,Gobert,R. Gobert,0,0,0,,0,0,0,0,h,Gobert REBOUND (Off:1 Def:4),Rebound,Unknown,1,0
304,323,PT06M06.00S,3,1610612762,UTA,203957,Exum,D. Exum,-22,-6,2,Made,1,59,60,119,h,Exum 2' Driving Layup (8 PTS),Made Shot,Driving Layup Shot,1,0
305,324,PT05M53.00S,3,1610612760,OKC,201566,Westbrook,R. Westbrook,38,3,4,Missed,1,0,0,0,v,MISS Westbrook 4' Jump Shot,Missed Shot,Jump Shot,1,0
306,324,PT05M53.00S,3,1610612762,UTA,203497,Gobert,R. Gobert,0,0,0,,0,0,0,0,h,Gobert BLOCK (3 BLK),,,1,0
307,325,PT05M53.00S,3,0,,1610612760,,,0,0,0,,0,0,0,0,v,Thunder Rebound,Rebound,Unknown,0,0
308,327,PT05M53.00S,3,1610612760,OKC,203518,Abrines,A. Abrines,0,0,0,,0,0,0,0,v,SUB: Payne FOR Abrines,Substitution,,0,0
309,328,PT05M53.00S,3,1610612760,OKC,203500,Adams,S. Adams,0,0,0,,0,0,0,0,v,SUB: Kanter FOR Adams,Substitution,,0,0
310,329,PT05M53.00S,3,1610612762,UTA,202330,Hayward,G. Hayward,0,0,0,,0,0,0,0,h,SUB: Johnson FOR Hayward,Substitution,,0,0
311,330,PT05M47.00S,3,1610612762,UTA,203497,Gobert,R. Gobert,0,0,0,,0,0,0,0,h,Gobert S.FOUL (P2.T2) (B.Nansel),Foul,Shooting,1,0
312,331,PT05M47.00S,3,1610612760,OKC,201566,Westbrook,R. Westbrook,0,0,0,,0,0,0,0,v,MISS Westbrook Free Throw 1 of 2,Free Throw,Free Throw 1 of 2,0,0
313,332,PT05M47.00S,3,0,,1610612760,,,0,0,0,,0,0,0,0,v,Thunder Rebound,Rebound,Normal Rebound,0,0
314,333,PT05M47.00S,3,1610612760,OKC,201566,Westbrook,R. Westbrook,0,0,0,,0,0,0,0,v,MISS Westbrook Free Throw 2 of 2,Free Throw,Free Throw 2 of 2,0,0
315,335,PT05M46.00S,3,1610612762,UTA,203957,Exum,D. Exum,0,0,0,,0,0,0,0,h,Exum REBOUND (Off:0 Def:1),Rebound,Unknown,1,0
316,336,PT05M23.00S,3,1610612762,UTA,2207,Johnson,J. Johnson,38,75,8,Missed,1,0,0,0,h,MISS Johnson 8' Floating Jump Shot,Missed Shot,Floating Jump shot,1,0
317,337,PT05M22.00S,3,1610612762,UTA,2207,Johnson,J. Johnson,0,0,0,,0,0,0,0,h,Johnson REBOUND (Off:1 Def:1),Rebound,Unknown,1,0
318,338,PT05M20.00S,3,1610612762,UTA,2207,Johnson,J. Johnson,-1,36,4,Made,1,61,60,121,h,Johnson 4' Jump Shot (4 PTS),Made Shot,Jump Shot,1,0
319,339,PT04M59.00S,3,1610612760,OKC,202683,Freedom,E. Freedom,-2,36,4,Missed,1,0,0,0,v,MISS Kanter 4' Hook Shot,Missed Shot,Hook Shot,1,0
320,340,PT04M58.00S,3,1610612762,UTA,1626168,Lyles,T. Lyles,0,0,0,,0,0,0,0,h,Lyles REBOUND (Off:0 Def:3),Rebound,Unknown,1,0
321,341,PT04M50.00S,3,1610612760,OKC,202683,Freedom,E. Freedom,0,0,0,,0,0,0,0,v,Thunder T.Foul (Def. 3 Sec Kanter ) (M.McCutchen),Foul,Defense 3 Second,1,0
322,342,PT04M50.00S,3,1610612762,UTA,2207,Johnson,J. Johnson,0,0,0,,0,62,60,122,h,Johnson Free Throw Technical (5 PTS),Free Throw,Free Throw Technical,0,0
323,344,PT04M50.00S,3,1610612760,OKC,1627734,Sabonis,D. Sabonis,0,0,0,,0,0,0,0,v,SUB: Adams FOR Sabonis,Substitution,,0,0
324,345,PT04M41.00S,3,1610612762,UTA,203497,Gobert,R. Gobert,-4,16,2,Made,1,64,60,124,h,Gobert 2' Layup (8 PTS) (Exum 2 AST),Made Shot,Layup Shot,1,0
325,346,PT04M28.00S,3,1610612760,OKC,201566,Westbrook,R. Westbrook,0,0,0,,0,0,0,0,v,Westbrook Bad Pass Turnover (P6.T8),Turnover,Bad Pass,1,0
326,346,PT04M28.00S,3,1610612762,UTA,1626168,Lyles,T. Lyles,0,0,0,,0,0,0,0,h,Lyles STEAL (1 STL),,,1,0
327,347,PT04M27.00S,3,1610612760,OKC,201566,Westbrook,R. Westbrook,0,0,0,,0,0,0,0,v,Westbrook P.FOUL (P3.PN) (M.McCutchen),Foul,Personal,1,0
328,348,PT04M27.00S,3,1610612762,UTA,1626168,Lyles,T. Lyles,0,0,0,,0,0,0,0,h,MISS Lyles Free Throw 1 of 2,Free Throw,Free Throw 1 of 2,0,0
329,349,PT04M27.00S,3,0,,1610612762,,,0,0,0,,0,0,0,0,h,JAZZ Rebound,Rebound,Normal Rebound,0,0
330,350,PT04M27.00S,3,1610612762,UTA,1626168,Lyles,T. Lyles,0,0,0,,0,65,60,125,h,Lyles Free Throw 2 of 2 (9 PTS),Free Throw,Free Throw 2 of 2,0,0
331,352,PT04M16.00S,3,1610612760,OKC,201566,Westbrook,R. Westbrook,-52,149,16,Missed,1,0,0,0,v,MISS Westbrook 16' Step Back Jump Shot,Missed Shot,Step Back Jump shot,1,0
332,353,PT04M15.00S,3,1610612762,UTA,203497,Gobert,R. Gobert,0,0,0,,0,0,0,0,h,Gobert REBOUND (Off:1 Def:5),Rebound,Unknown,1,0
333,354,PT03M58.00S,3,1610612760,OKC,202683,Freedom,E. Freedom,0,0,0,,0,0,0,0,v,Kanter S.FOUL (P2.PN) (M.McCutchen),Foul,Shooting,1,0
334,355,PT03M58.00S,3,1610612762,UTA,203497,Gobert,R. Gobert,0,0,0,,0,0,0,0,h,MISS Gobert Free Throw 1 of 2,Free Throw,Free Throw 1 of 2,0,0
335,356,PT03M58.00S,3,0,,1610612762,,,0,0,0,,0,0,0,0,h,JAZZ Rebound,Rebound,Normal Rebound,0,0
336,357,PT03M58.00S,3,1610612762,UTA,203497,Gobert,R. Gobert,0,0,0,,0,66,60,126,h,Gobert Free Throw 2 of 2 (9 PTS),Free Throw,Free Throw 2 of 2,0,0
337,359,PT03M47.00S,3,1610612760,OKC,203460,Roberson,A. Roberson,15,2,2,Made,1,66,62,128,v,Roberson 2' Layup (8 PTS) (Westbrook 8 AST),Made Shot,Layup Shot,1,0
338,360,PT03M35.00S,3,1610612762,UTA,203957,Exum,D. Exum,-142,205,25,Missed,1,0,0,0,h,MISS Exum 25' 3PT Jump Shot,Missed Shot,Jump Shot,1,0
339,361,PT03M34.00S,3,1610612760,OKC,203460,Roberson,A. Roberson,0,0,0,,0,0,0,0,v,Roberson REBOUND (Off:0 Def:7),Rebound,Unknown,1,0
340,362,PT03M28.00S,3,1610612760,OKC,201566,Westbrook,R. Westbrook,15,13,2,Missed,1,0,0,0,v,MISS Westbrook 2' Driving Layup,Missed Shot,Driving Layup Shot,1,0
341,365,PT03M27.00S,3,1610612762,UTA,1626168,Lyles,T. Lyles,0,0,0,,0,0,0,0,h,Lyles REBOUND (Off:0 Def:4),Rebound,Unknown,1,0
342,366,PT03M24.00S,3,1610612762,UTA,1626168,Lyles,T. Lyles,0,0,0,,0,0,0,0,h,Lyles Lost Ball Turnover (P2.T9),Turnover,Lost Ball,1,0
343,366,PT03M24.00S,3,1610612760,OKC,201566,Westbrook,R. Westbrook,0,0,0,,0,0,0,0,v,Westbrook STEAL (3 STL),,,1,0
344,367,PT03M22.00S,3,1610612762,UTA,203497,Gobert,R. Gobert,0,0,0,,0,0,0,0,h,Gobert P.FOUL (P3.T3) (M.McCutchen),Foul,Personal,1,0
345,368,PT03M07.00S,3,1610612760,OKC,202683,Freedom,E. Freedom,-215,11,22,Missed,1,0,0,0,v,MISS Kanter 22' Jump Shot,Missed Shot,Jump Shot,1,0
346,369,PT03M06.00S,3,1610612760,OKC,203500,Adams,S. Adams,0,0,0,,0,0,0,0,v,Adams REBOUND (Off:2 Def:3),Rebound,Unknown,1,0
347,370,PT03M04.00S,3,1610612760,OKC,201566,Westbrook,R. Westbrook,87,232,25,Missed,1,0,0,0,v,MISS Westbrook 25' 3PT Jump Shot,Missed Shot,Jump Shot,1,0
348,371,PT03M03.00S,3,1610612762,UTA,203497,Gobert,R. Gobert,0,0,0,,0,0,0,0,h,Gobert REBOUND (Off:1 Def:6),Rebound,Unknown,1,0
349,373,PT02M57.00S,3,0,,1610612762,,,0,0,0,,0,0,0,0,h,JAZZ Timeout: Regular (Full 3 Short 1),Timeout,Regular,0,0
350,375,PT02M57.00S,3,1610612762,UTA,203497,Gobert,R. Gobert,0,0,0,,0,0,0,0,h,SUB: Favors FOR Gobert,Substitution,,0,0
351,376,PT02M48.00S,3,1610612762,UTA,202692,Burks,A. Burks,-86,51,10,Made,1,68,62,130,h,Burks 10' Driving Floating Bank Jump Shot (5 PTS),Made Shot,Driving Floating Bank Jump Shot,1,0
352,377,PT02M32.00S,3,1610612762,UTA,1626168,Lyles,T. Lyles,0,0,0,,0,0,0,0,h,Lyles P.FOUL (P1.T4) (M.McCutchen),Foul,Personal,1,0
353,378,PT02M32.00S,3,1610612760,OKC,201566,Westbrook,R. Westbrook,0,0,0,,0,0,0,0,v,SUB: Grant FOR Westbrook,Substitution,,0,0
354,379,PT02M32.00S,3,1610612762,UTA,203957,Exum,D. Exum,0,0,0,,0,0,0,0,h,SUB: G. Hill FOR Exum,Substitution,,0,0
355,380,PT02M19.00S,3,1610612760,OKC,203460,Roberson,A. Roberson,227,0,0,Missed,1,0,0,0,v,MISS Roberson  3PT Jump Shot,Missed Shot,Jump Shot,1,0
356,381,PT02M18.00S,3,0,,1610612760,,,0,0,0,,0,0,0,0,v,Thunder Rebound,Rebound,Unknown,0,0
357,383,PT02M18.00S,3,1610612762,UTA,1626168,Lyles,T. Lyles,0,0,0,,0,0,0,0,h,SUB: Diaw FOR Lyles,Substitution,,0,0
358,384,PT02M17.00S,3,0,,1610612760,,,0,0,0,,0,0,0,0,v,Thunder Turnover: Shot Clock (T#9),Turnover,Shot Clock Turnover,0,0
359,385,PT02M01.00S,3,1610612762,UTA,2207,Johnson,J. Johnson,35,124,13,Missed,1,0,0,0,h,MISS Johnson 13' Fadeaway Jumper,Missed Shot,Fadeaway Jump Shot,1,0
360,386,PT02M00.00S,3,1610612760,OKC,203460,Roberson,A. Roberson,0,0,0,,0,0,0,0,v,Roberson REBOUND (Off:0 Def:8),Rebound,Unknown,1,0
361,387,PT01M52.00S,3,1610612760,OKC,1626166,Payne,C. Payne,-150,115,19,Made,1,68,64,132,v,Payne 19' Pullup Jump Shot (2 PTS),Made Shot,Pullup Jump shot,1,0
362,388,PT01M36.00S,3,1610612762,UTA,202692,Burks,A. Burks,0,1,0,Made,1,70,64,134,h,Burks  Dunk (7 PTS) (Diaw 3 AST),Made Shot,Dunk Shot,1,0
363,389,PT01M11.00S,3,1610612760,OKC,202683,Freedom,E. Freedom,-183,26,18,Made,1,70,66,136,v,Kanter 18' Jump Shot (10 PTS),Made Shot,Jump Shot,1,0
364,390,PT00M53.90S,3,1610612762,UTA,2564,Diaw,B. Diaw,-25,-5,3,Made,1,72,66,138,h,Diaw 3' Reverse Layup (4 PTS),Made Shot,Reverse Layup Shot,1,0
365,391,PT00M34.60S,3,1610612760,OKC,1626166,Payne,C. Payne,46,267,27,Missed,1,0,0,0,v,MISS Payne 27' 3PT Jump Shot,Missed Shot,Jump Shot,1,0
366,392,PT00M33.00S,3,0,,1610612760,,,0,0,0,,0,0,0,0,v,Thunder Rebound,Rebound,Unknown,0,0
367,393,PT00M33.00S,3,1610612762,UTA,2564,Diaw,B. Diaw,0,0,0,,0,0,0,0,h,Diaw L.B.FOUL (P1.PN) (M.McCutchen),Foul,Loose Ball,1,0
368,394,PT00M33.00S,3,1610612760,OKC,203500,Adams,S. Adams,0,0,0,,0,0,0,0,v,MISS Adams Free Throw 1 of 2,Free Throw,Free Throw 1 of 2,0,0
369,395,PT00M33.00S,3,0,,1610612760,,,0,0,0,,0,0,0,0,v,Thunder Rebound,Rebound,Normal Rebound,0,0
370,396,PT00M33.00S,3,1610612760,OKC,203500,Adams,S. Adams,0,0,0,,0,72,67,139,v,Adams Free Throw 2 of 2 (7 PTS),Free Throw,Free Throw 2 of 2,0,0
371,398,PT00M18.70S,3,1610612762,UTA,202324,Favors,D. Favors,2,139,14,Missed,1,0,0,0,h,MISS Favors 14' Jump Shot,Missed Shot,Jump Shot,1,0
372,399,PT00M17.90S,3,1610612760,OKC,203460,Roberson,A. Roberson,0,0,0,,0,0,0,0,v,Roberson REBOUND (Off:0 Def:9),Rebound,Unknown,1,0
373,400,PT00M02.00S,3,1610612760,OKC,1626166,Payne,C. Payne,-2,139,14,Missed,1,0,0,0,v,MISS Payne 14' Jump Shot,Missed Shot,Jump Shot,1,0
374,400,PT00M02.00S,3,1610612762,UTA,201588,Hill,G. Hill,0,0,0,,0,0,0,0,h,G. Hill BLOCK (1 BLK),,,1,0
375,401,PT00M00.00S,3,0,,1610612760,,,0,0,0,,0,0,0,0,v,Thunder Rebound,Rebound,Unknown,0,0
376,402,PT00M00.00S,3,0,,0,,,0,0,0,,0,72,67,139,,End of 3rd Period (10:50 PM EST),period,end,0,0
377,404,PT12M00.00S,4,0,,0,,,0,0,0,,0,72,67,139,,Start of 4th Period (10:53 PM EST),period,start,0,0
378,405,PT11M44.00S,4,1610612760,OKC,203506,Oladipo,V. Oladipo,73,146,16,Missed,1,0,0,0,v,MISS Oladipo 16' Pullup Jump Shot,Missed Shot,Pullup Jump shot,1,0
379,406,PT11M43.00S,4,1610612762,UTA,2207,Johnson,J. Johnson,0,0,0,,0,0,0,0,h,Johnson REBOUND (Off:1 Def:2),Rebound,Unknown,1,0
380,407,PT11M27.00S,4,1610612762,UTA,202324,Favors,D. Favors,9,36,4,Missed,1,0,0,0,h,MISS Favors 4' Jump Shot,Missed Shot,Jump Shot,1,0
381,408,PT11M27.00S,4,1610612762,UTA,202324,Favors,D. Favors,0,0,0,,0,0,0,0,h,Favors REBOUND (Off:3 Def:6),Rebound,Unknown,1,0
382,409,PT11M25.00S,4,1610612762,UTA,202324,Favors,D. Favors,0,1,0,Made,1,74,67,141,h,Favors  Dunk (8 PTS),Made Shot,Dunk Shot,1,0
383,410,PT11M11.00S,4,1610612760,OKC,203530,Lauvergne,J. Lauvergne,0,0,0,,0,0,0,0,v,Lauvergne Bad Pass Turnover (P1.T10),Turnover,Bad Pass,1,0
384,410,PT11M11.00S,4,1610612762,UTA,202324,Favors,D. Favors,0,0,0,,0,0,0,0,h,Favors STEAL (2 STL),,,1,0
385,411,PT10M59.00S,4,1610612762,UTA,2564,Diaw,B. Diaw,-47,95,11,Made,1,76,67,143,h,Diaw 11' Turnaround Fadeaway (6 PTS),Made Shot,Turnaround Fadeaway shot,1,0
386,412,PT10M57.00S,4,0,,1610612760,,,0,0,0,,0,0,0,0,v,Thunder Timeout: Regular (Reg.4 Short 0),Timeout,Regular,0,0
387,414,PT10M49.00S,4,1610612762,UTA,202324,Favors,D. Favors,0,0,0,,0,0,0,0,h,Favors P.FOUL (P3.T1) (M.McCutchen),Foul,Personal,1,0
388,415,PT10M42.00S,4,1610612760,OKC,1626166,Payne,C. Payne,227,80,24,Made,1,76,70,146,v,Payne 24' 3PT Jump Shot (5 PTS) (Oladipo 1 AST),Made Shot,Jump Shot,1,0
389,416,PT10M27.00S,4,1610612762,UTA,202330,Hayward,G. Hayward,-20,115,12,Made,1,78,70,148,h,Hayward 12' Jump Shot (11 PTS) (Diaw 4 AST),Made Shot,Jump Shot,1,0
390,417,PT10M06.00S,4,1610612760,OKC,203506,Oladipo,V. Oladipo,-110,169,20,Made,1,78,72,150,v,Oladipo 20' Pullup Jump Shot (15 PTS),Made Shot,Pullup Jump shot,1,0
391,418,PT09M46.00S,4,1610612762,UTA,202324,Favors,D. Favors,-37,149,15,Missed,1,0,0,0,h,MISS Favors 15' Jump Shot,Missed Shot,Jump Shot,1,0
392,419,PT09M46.00S,4,1610612760,OKC,1626166,Payne,C. Payne,0,0,0,,0,0,0,0,v,Payne REBOUND (Off:0 Def:1),Rebound,Unknown,1,0
393,420,PT09M36.00S,4,1610612760,OKC,203924,Grant,J. Grant,228,7,0,Missed,1,0,0,0,v,MISS Grant  3PT Jump Shot,Missed Shot,Jump Shot,1,0
394,421,PT09M36.00S,4,1610612762,UTA,2564,Diaw,B. Diaw,0,0,0,,0,0,0,0,h,Diaw REBOUND (Off:0 Def:1),Rebound,Unknown,1,0
395,422,PT09M12.00S,4,1610612762,UTA,2207,Johnson,J. Johnson,-89,-1,9,Missed,1,0,0,0,h,MISS Johnson 9' Jump Shot,Missed Shot,Jump Shot,1,0
396,423,PT09M12.00S,4,1610612760,OKC,203506,Oladipo,V. Oladipo,0,0,0,,0,0,0,0,v,Oladipo REBOUND (Off:1 Def:2),Rebound,Unknown,1,0
397,424,PT09M07.00S,4,1610612762,UTA,201588,Hill,G. Hill,0,0,0,,0,0,0,0,h,G. Hill S.FOUL (P2.T2) (M.McCutchen),Foul,Shooting,1,0
398,425,PT09M07.00S,4,1610612760,OKC,203506,Oladipo,V. Oladipo,0,0,0,,0,78,73,151,v,Oladipo Free Throw 1 of 2 (16 PTS),Free Throw,Free Throw 1 of 2,0,0
399,427,PT09M07.00S,4,1610612762,UTA,201588,Hill,G. Hill,0,0,0,,0,0,0,0,h,SUB: Exum FOR G. Hill,Substitution,,0,0
400,428,PT09M07.00S,4,1610612762,UTA,202324,Favors,D. Favors,0,0,0,,0,0,0,0,h,SUB: Gobert FOR Favors,Substitution,,0,0
401,429,PT09M07.00S,4,1610612760,OKC,203506,Oladipo,V. Oladipo,0,0,0,,0,0,0,0,v,MISS Oladipo Free Throw 2 of 2,Free Throw,Free Throw 2 of 2,0,0
402,431,PT09M06.00S,4,1610612762,UTA,2564,Diaw,B. Diaw,0,0,0,,0,0,0,0,h,Diaw REBOUND (Off:0 Def:2),Rebound,Unknown,1,0
403,432,PT08M52.00S,4,1610612762,UTA,203957,Exum,D. Exum,-232,70,24,Missed,1,0,0,0,h,MISS Exum 24' 3PT Jump Shot,Missed Shot,Jump Shot,1,0
404,433,PT08M51.00S,4,1610612760,OKC,203530,Lauvergne,J. Lauvergne,0,0,0,,0,0,0,0,v,Lauvergne REBOUND (Off:0 Def:1),Rebound,Unknown,1,0
405,434,PT08M38.00S,4,1610612760,OKC,203506,Oladipo,V. Oladipo,32,154,16,Made,1,78,75,153,v,Oladipo 16' Pullup Jump Shot (18 PTS),Made Shot,Pullup Jump shot,1,0
406,435,PT08M27.00S,4,1610612760,OKC,203530,Lauvergne,J. Lauvergne,0,0,0,,0,0,0,0,v,Lauvergne P.FOUL (P1.T1) (M.McCutchen),Foul,Personal,1,0
407,436,PT08M27.00S,4,1610612760,OKC,1626166,Payne,C. Payne,0,0,0,,0,0,0,0,v,SUB: Westbrook FOR Payne,Substitution,,0,0
408,437,PT08M27.00S,4,1610612760,OKC,202683,Freedom,E. Freedom,0,0,0,,0,0,0,0,v,SUB: Adams FOR Kanter,Substitution,,0,0
409,438,PT08M27.00S,4,1610612762,UTA,2207,Johnson,J. Johnson,0,0,0,,0,0,0,0,h,SUB: Ingles FOR Johnson,Substitution,,0,0
410,439,PT08M21.00S,4,1610612762,UTA,202330,Hayward,G. Hayward,-156,183,24,Made,1,81,75,156,h,Hayward 24' 3PT Jump Shot (14 PTS) (Diaw 5 AST),Made Shot,Jump Shot,1,0
411,440,PT08M00.00S,4,1610612760,OKC,203506,Oladipo,V. Oladipo,69,120,14,Missed,1,0,0,0,v,MISS Oladipo 14' Fadeaway Jumper,Missed Shot,Fadeaway Jump Shot,1,0
412,441,PT07M59.00S,4,1610612762,UTA,202330,Hayward,G. Hayward,0,0,0,,0,0,0,0,h,Hayward REBOUND (Off:0 Def:6),Rebound,Unknown,1,0
413,442,PT07M46.00S,4,1610612762,UTA,202330,Hayward,G. Hayward,33,237,24,Missed,1,0,0,0,h,MISS Hayward 24' 3PT Jump Shot,Missed Shot,Jump Shot,1,0
414,443,PT07M46.00S,4,1610612760,OKC,203924,Grant,J. Grant,0,0,0,,0,0,0,0,v,Grant REBOUND (Off:0 Def:2),Rebound,Unknown,1,0
415,444,PT07M32.00S,4,1610612760,OKC,203924,Grant,J. Grant,19,3,2,Made,1,81,77,158,v,Grant 2' Driving Layup (2 PTS),Made Shot,Driving Layup Shot,1,0
416,445,PT07M09.00S,4,1610612762,UTA,2564,Diaw,B. Diaw,0,0,0,,0,0,0,0,h,Diaw Bad Pass Turnover (P1.T10),Turnover,Bad Pass,1,0
417,445,PT07M09.00S,4,1610612760,OKC,201566,Westbrook,R. Westbrook,0,0,0,,0,0,0,0,v,Westbrook STEAL (4 STL),,,1,0
418,446,PT06M52.00S,4,1610612760,OKC,203500,Adams,S. Adams,0,0,0,,0,0,0,0,v,Adams Lost Ball Turnover (P2.T11),Turnover,Lost Ball,1,0
419,446,PT06M52.00S,4,1610612762,UTA,204060,Ingles,J. Ingles,0,0,0,,0,0,0,0,h,Ingles STEAL (3 STL),,,1,0
420,447,PT06M47.00S,4,1610612760,OKC,203924,Grant,J. Grant,0,0,0,,0,0,0,0,v,Grant S.FOUL (P1.T2) (K.Scott),Foul,Shooting,1,0
421,448,PT06M47.00S,4,1610612762,UTA,203497,Gobert,R. Gobert,0,0,0,,0,0,0,0,h,MISS Gobert Free Throw 1 of 2,Free Throw,Free Throw 1 of 2,0,0
422,449,PT06M47.00S,4,0,,1610612762,,,0,0,0,,0,0,0,0,h,JAZZ Rebound,Rebound,Normal Rebound,0,0
423,450,PT06M47.00S,4,1610612762,UTA,203957,Exum,D. Exum,0,0,0,,0,0,0,0,h,SUB: Burks FOR Exum,Substitution,,0,0
424,451,PT06M47.00S,4,1610612762,UTA,2564,Diaw,B. Diaw,0,0,0,,0,0,0,0,h,SUB: Lyles FOR Diaw,Substitution,,0,0
425,452,PT06M47.00S,4,1610612762,UTA,203497,Gobert,R. Gobert,0,0,0,,0,82,77,159,h,Gobert Free Throw 2 of 2 (10 PTS),Free Throw,Free Throw 2 of 2,0,0
426,454,PT06M28.00S,4,1610612760,OKC,201566,Westbrook,R. Westbrook,-115,121,17,Missed,1,0,0,0,v,MISS Westbrook 17' Jump Shot,Missed Shot,Jump Shot,1,0
427,455,PT06M26.00S,4,1610612762,UTA,203497,Gobert,R. Gobert,0,0,0,,0,0,0,0,h,Gobert REBOUND (Off:1 Def:7),Rebound,Unknown,1,0
428,456,PT06M20.00S,4,1610612762,UTA,202692,Burks,A. Burks,-25,2,3,Made,1,84,77,161,h,Burks 3' Running Layup (9 PTS),Made Shot,Running Layup Shot,1,0
429,457,PT06M03.00S,4,1610612762,UTA,203497,Gobert,R. Gobert,0,0,0,,0,0,0,0,h,JAZZ T.Foul (Def. 3 Sec Gobert ) (M.McCutchen),Foul,Defense 3 Second,1,0
430,458,PT06M03.00S,4,1610612760,OKC,201566,Westbrook,R. Westbrook,0,0,0,,0,84,78,162,v,Westbrook Free Throw Technical (25 PTS),Free Throw,Free Throw Technical,0,0
431,460,PT06M03.00S,4,1610612760,OKC,203530,Lauvergne,J. Lauvergne,0,0,0,,0,0,0,0,v,SUB: Kanter FOR Lauvergne,Substitution,,0,0
432,461,PT06M03.00S,4,1610612760,OKC,203924,Grant,J. Grant,0,0,0,,0,0,0,0,v,SUB: Roberson FOR Grant,Substitution,,0,0
433,462,PT05M58.00S,4,1610612760,OKC,201566,Westbrook,R. Westbrook,-88,134,16,Missed,1,0,0,0,v,MISS Westbrook 16' Jump Shot,Missed Shot,Jump Shot,1,0
434,463,PT05M57.00S,4,1610612760,OKC,202683,Freedom,E. Freedom,0,0,0,,0,0,0,0,v,Kanter REBOUND (Off:2 Def:3),Rebound,Unknown,1,0
435,464,PT05M55.00S,4,1610612760,OKC,202683,Freedom,E. Freedom,15,8,2,Made,1,84,80,164,v,Kanter 2' Putback Layup (12 PTS),Made Shot,Putback Layup Shot,1,0
436,465,PT05M38.00S,4,1610612762,UTA,1626168,Lyles,T. Lyles,-7,16,2,Missed,1,0,0,0,h,MISS Lyles 2' Driving Layup,Missed Shot,Driving Layup Shot,1,0
437,465,PT05M38.00S,4,1610612760,OKC,203500,Adams,S. Adams,0,0,0,,0,0,0,0,v,Adams BLOCK (3 BLK),,,1,0
438,466,PT05M38.00S,4,0,,1610612762,,,0,0,0,,0,0,0,0,h,JAZZ Rebound,Rebound,Unknown,0,0
439,468,PT05M38.00S,4,0,,0,,,0,0,0,,0,0,0,0,,Timeout: Regular,Timeout,Regular,0,0
440,470,PT05M38.00S,4,0,,439,,,0,0,0,,0,0,0,0,,Overturn Ruling,Instant Replay,Overturn Ruling,0,0
441,471,PT05M33.00S,4,1610612762,UTA,1626168,Lyles,T. Lyles,4,16,2,Missed,1,0,0,0,h,MISS Lyles 2' Driving Layup,Missed Shot,Driving Layup Shot,1,0
442,472,PT05M32.00S,4,1610612760,OKC,203460,Roberson,A. Roberson,0,0,0,,0,0,0,0,v,Roberson REBOUND (Off:0 Def:10),Rebound,Unknown,1,0
443,473,PT05M20.00S,4,1610612760,OKC,201566,Westbrook,R. Westbrook,43,124,13,Missed,1,0,0,0,v,MISS Westbrook 13' Pullup Jump Shot,Missed Shot,Pullup Jump shot,1,0
444,474,PT05M19.00S,4,1610612760,OKC,201566,Westbrook,R. Westbrook,0,0,0,,0,0,0,0,v,Westbrook REBOUND (Off:1 Def:7),Rebound,Unknown,1,0
445,475,PT05M03.00S,4,1610612760,OKC,201566,Westbrook,R. Westbrook,46,16,5,Made,1,84,82,166,v,Westbrook 5' Driving Floating Bank Jump Shot (27 PTS),Made Shot,Driving Floating Bank Jump Shot,1,0
446,477,PT04M45.00S,4,1610612762,UTA,1626168,Lyles,T. Lyles,0,0,0,,0,0,0,0,h,SUB: Diaw FOR Lyles,Substitution,,0,0
447,478,PT04M45.00S,4,1610612762,UTA,204060,Ingles,J. Ingles,0,0,0,,0,0,0,0,h,SUB: G. Hill FOR Ingles,Substitution,,0,0
448,479,PT04M40.00S,4,1610612762,UTA,202330,Hayward,G. Hayward,53,169,18,Missed,1,0,0,0,h,MISS Hayward 18' Jump Shot,Missed Shot,Jump Shot,1,0
449,480,PT04M40.00S,4,1610612760,OKC,201566,Westbrook,R. Westbrook,0,0,0,,0,0,0,0,v,Westbrook REBOUND (Off:1 Def:8),Rebound,Unknown,1,0
450,481,PT04M32.00S,4,1610612760,OKC,202683,Freedom,E. Freedom,-20,2,2,Made,1,84,84,168,v,Kanter 2' Reverse Layup (14 PTS) (Westbrook 9 AST),Made Shot,Reverse Layup Shot,1,0
451,482,PT04M08.00S,4,1610612762,UTA,202330,Hayward,G. Hayward,17,146,15,Missed,1,0,0,0,h,MISS Hayward 15' Jump Shot,Missed Shot,Jump Shot,1,0
452,483,PT04M07.00S,4,1610612762,UTA,203497,Gobert,R. Gobert,0,0,0,,0,0,0,0,h,Gobert REBOUND (Off:2 Def:7),Rebound,Unknown,1,0
453,484,PT04M05.00S,4,1610612762,UTA,203497,Gobert,R. Gobert,9,16,2,Missed,1,0,0,0,h,MISS Gobert 2' Tip Layup Shot,Missed Shot,Tip Layup Shot,1,0
454,548,PT04M04.00S,4,1610612762,UTA,203497,Gobert,R. Gobert,0,0,0,,0,0,0,0,h,Gobert REBOUND (Off:3 Def:7),Rebound,Unknown,0,0
455,547,PT04M04.00S,4,1610612762,UTA,203497,Gobert,R. Gobert,2,13,1,Missed,1,0,0,0,h,MISS Gobert 1' Tip Layup Shot,Missed Shot,Tip Layup Shot,0,0
456,485,PT04M04.00S,4,1610612760,OKC,203506,Oladipo,V. Oladipo,0,0,0,,0,0,0,0,v,Oladipo REBOUND (Off:1 Def:3),Rebound,Unknown,1,0
457,486,PT03M49.00S,4,1610612760,OKC,201566,Westbrook,R. Westbrook,-92,175,20,Missed,1,0,0,0,v,MISS Westbrook 20' Jump Shot,Missed Shot,Jump Shot,1,0
458,487,PT03M49.00S,4,1610612762,UTA,202692,Burks,A. Burks,0,0,0,,0,0,0,0,h,Burks REBOUND (Off:0 Def:2),Rebound,Unknown,1,0
459,488,PT03M26.00S,4,1610612762,UTA,202692,Burks,A. Burks,-30,2,3,Made,1,86,84,170,h,Burks 3' Layup (11 PTS) (G. Hill 3 AST),Made Shot,Layup Shot,1,0
460,489,PT03M06.00S,4,1610612760,OKC,201566,Westbrook,R. Westbrook,-156,229,28,Made,1,86,87,173,v,Westbrook 28' 3PT Jump Shot (30 PTS),Made Shot,Jump Shot,1,0
461,490,PT02M57.00S,4,0,,1610612762,,,0,0,0,,0,0,0,0,h,JAZZ Timeout: Regular (Full 4 Short 1),Timeout,Regular,0,0
462,492,PT02M57.00S,4,1610612762,UTA,2564,Diaw,B. Diaw,0,0,0,,0,0,0,0,h,SUB: Favors FOR Diaw,Substitution,,0,0
463,493,PT02M52.00S,4,1610612762,UTA,201588,Hill,G. Hill,176,72,19,Missed,1,0,0,0,h,MISS G. Hill 19' Step Back Jump Shot,Missed Shot,Step Back Jump shot,1,0
464,494,PT02M52.00S,4,1610612760,OKC,201566,Westbrook,R. Westbrook,0,0,0,,0,0,0,0,v,Westbrook REBOUND (Off:1 Def:9),Rebound,Unknown,1,0
465,496,PT02M31.00S,4,1610612760,OKC,203460,Roberson,A. Roberson,227,80,24,Missed,1,0,0,0,v,MISS Roberson 24' 3PT Jump Shot,Missed Shot,Jump Shot,1,0
466,497,PT02M30.00S,4,0,,1610612762,,,0,0,0,,0,0,0,0,h,JAZZ Rebound,Rebound,Unknown,0,0
467,498,PT02M30.00S,4,1610612760,OKC,202683,Freedom,E. Freedom,0,0,0,,0,0,0,0,v,Kanter L.B.FOUL (P3.T3) (M.McCutchen),Foul,Loose Ball,1,0
468,499,PT02M18.00S,4,1610612762,UTA,202324,Favors,D. Favors,-84,2,8,Made,1,88,87,175,h,Favors 8' Jump Shot (10 PTS) (Burks 2 AST),Made Shot,Jump Shot,1,0
469,501,PT01M55.00S,4,1610612760,OKC,201566,Westbrook,R. Westbrook,173,115,21,Made,1,88,89,177,v,Westbrook 21' Turnaround Jump Shot (32 PTS),Made Shot,Turnaround Jump Shot,1,0
470,502,PT01M43.00S,4,1610612760,OKC,203506,Oladipo,V. Oladipo,0,0,0,,0,0,0,0,v,Oladipo S.FOUL (P5.T4) (B.Nansel),Foul,Shooting,1,0
471,503,PT01M43.00S,4,1610612762,UTA,202692,Burks,A. Burks,0,0,0,,0,89,89,178,h,Burks Free Throw 1 of 2 (12 PTS),Free Throw,Free Throw 1 of 2,1,0
472,506,PT01M43.00S,4,0,,1610612760,,,0,0,0,,0,0,0,0,v,Thunder Timeout: Regular (Reg.5 Short 0),Timeout,Regular,0,0
473,508,PT01M43.00S,4,1610612762,UTA,202692,Burks,A. Burks,0,0,0,,0,90,89,179,h,Burks Free Throw 2 of 2 (13 PTS),Free Throw,Free Throw 2 of 2,1,0
474,510,PT01M33.00S,4,1610612760,OKC,203500,Adams,S. Adams,-11,7,1,Missed,1,0,0,0,v,MISS Adams 1' Layup,Missed Shot,Layup Shot,1,0
475,510,PT01M33.00S,4,1610612762,UTA,203497,Gobert,R. Gobert,0,0,0,,0,0,0,0,h,Gobert BLOCK (4 BLK),,,1,0
476,511,PT01M31.00S,4,1610612760,OKC,203460,Roberson,A. Roberson,0,0,0,,0,0,0,0,v,Roberson REBOUND (Off:1 Def:10),Rebound,Unknown,1,0
477,512,PT01M22.00S,4,1610612762,UTA,201588,Hill,G. Hill,0,0,0,,0,0,0,0,h,G. Hill S.FOUL (P3.T3) (M.McCutchen),Foul,Shooting,1,0
478,513,PT01M22.00S,4,1610612760,OKC,201566,Westbrook,R. Westbrook,0,0,0,,0,90,90,180,v,Westbrook Free Throw 1 of 2 (33 PTS),Free Throw,Free Throw 1 of 2,1,0
479,515,PT01M22.00S,4,1610612760,OKC,201566,Westbrook,R. Westbrook,0,0,0,,0,90,91,181,v,Westbrook Free Throw 2 of 2 (34 PTS),Free Throw,Free Throw 2 of 2,1,0
480,517,PT01M08.00S,4,1610612762,UTA,202324,Favors,D. Favors,0,16,2,Missed,1,0,0,0,h,MISS Favors 2' Layup,Missed Shot,Layup Shot,1,0
481,517,PT01M08.00S,4,1610612760,OKC,203500,Adams,S. Adams,0,0,0,,0,0,0,0,v,Adams BLOCK (4 BLK),,,1,0
482,518,PT01M07.00S,4,1610612760,OKC,201566,Westbrook,R. Westbrook,0,0,0,,0,0,0,0,v,Westbrook REBOUND (Off:1 Def:10),Rebound,Unknown,1,0
483,519,PT01M04.00S,4,1610612760,OKC,203500,Adams,S. Adams,0,1,0,Made,1,90,93,183,v,Adams  Running Dunk (9 PTS) (Westbrook 10 AST),Made Shot,Running Dunk Shot,1,0
484,520,PT00M44.90S,4,1610612762,UTA,202692,Burks,A. Burks,119,213,24,Missed,1,0,0,0,h,MISS Burks 24' 3PT Jump Shot,Missed Shot,Jump Shot,1,0
485,521,PT00M44.50S,4,1610612762,UTA,202324,Favors,D. Favors,0,0,0,,0,0,0,0,h,Favors REBOUND (Off:4 Def:6),Rebound,Unknown,1,0
486,522,PT00M41.60S,4,1610612762,UTA,203497,Gobert,R. Gobert,0,1,0,Made,1,92,93,185,h,Gobert  Dunk (12 PTS) (Hayward 1 AST),Made Shot,Dunk Shot,1,0
487,523,PT00M20.90S,4,1610612760,OKC,201566,Westbrook,R. Westbrook,-171,136,22,Missed,1,0,0,0,v,MISS Westbrook 22' Pullup Jump Shot,Missed Shot,Pullup Jump shot,1,0
488,524,PT00M16.90S,4,1610612760,OKC,203500,Adams,S. Adams,0,0,0,,0,0,0,0,v,Adams REBOUND (Off:3 Def:3),Rebound,Unknown,1,0
489,525,PT00M12.90S,4,1610612762,UTA,202692,Burks,A. Burks,0,0,0,,0,0,0,0,h,Burks P.FOUL (P3.PN) (M.McCutchen),Foul,Personal,1,0
490,526,PT00M12.90S,4,1610612760,OKC,201566,Westbrook,R. Westbrook,0,0,0,,0,92,94,186,v,Westbrook Free Throw 1 of 2 (35 PTS),Free Throw,Free Throw 1 of 2,1,0
491,528,PT00M12.90S,4,1610612760,OKC,201566,Westbrook,R. Westbrook,0,0,0,,0,92,95,187,v,Westbrook Free Throw 2 of 2 (36 PTS),Free Throw,Free Throw 2 of 2,1,0
492,530,PT00M12.90S,4,0,,1610612762,,,0,0,0,,0,0,0,0,h,JAZZ Timeout: Regular (Full 5 Short 1),Timeout,Regular,0,0
493,532,PT00M12.90S,4,1610612762,UTA,202324,Favors,D. Favors,0,0,0,,0,0,0,0,h,SUB: Ingles FOR Favors,Substitution,,0,0
494,533,PT00M12.90S,4,1610612760,OKC,202683,Freedom,E. Freedom,0,0,0,,0,0,0,0,v,SUB: Grant FOR Kanter,Substitution,,0,0
495,534,PT00M10.50S,4,1610612762,UTA,202330,Hayward,G. Hayward,127,223,26,Made,1,95,95,190,h,Hayward 26' 3PT Jump Shot (17 PTS) (Ingles 2 AST),Made Shot,Jump Shot,1,0
496,535,PT00M10.50S,4,0,,1610612760,,,0,0,0,,0,0,0,0,v,Thunder Timeout: Short (Reg.5 Short 1),Timeout,Short,0,0
497,537,PT00M10.50S,4,1610612760,OKC,203924,Grant,J. Grant,0,0,0,,0,0,0,0,v,SUB: Abrines FOR Grant,Substitution,,0,0
498,538,PT00M01.40S,4,1610612760,OKC,201566,Westbrook,R. Westbrook,148,134,20,Made,1,95,97,192,v,Westbrook 20' Pullup Jump Shot (38 PTS),Made Shot,Pullup Jump shot,1,0
499,539,PT00M01.40S,4,0,,1610612762,,,0,0,0,,0,0,0,0,h,JAZZ Timeout: Short (Full 5 Short 2),Timeout,Short,0,0
500,541,PT00M01.40S,4,1610612760,OKC,203518,Abrines,A. Abrines,0,0,0,,0,0,0,0,v,SUB: Grant FOR Abrines,Substitution,,0,0
501,542,PT00M00.40S,4,1610612762,UTA,202692,Burks,A. Burks,-223,8,0,Missed,1,0,0,0,h,MISS Burks  3PT Jump Shot,Missed Shot,Jump Shot,1,0
502,543,PT00M00.00S,4,0,,1610612762,,,0,0,0,,0,0,0,0,h,JAZZ Rebound,Rebound,Unknown,0,0
503,544,PT00M00.00S,4,0,,0,,,0,0,0,,0,95,97,192,,End of 4th Period (11:27 PM EST),period,end,1,0
