actionId,actionNumber,clock,period,teamId,teamTricode,personId,playerName,playerNameI,xLegacy,yLegacy,shotDistance,shotResult,isFieldGoal,scoreHome,scoreAway,pointsTotal,location,description,actionType,subType,videoAvailable,shotValue
1,0,PT12M00.00S,1,0,,0,,,0,0,0,,0,0,0,0,,Start of 1st Period (8:11 PM EST),period,start,0,0
2,1,PT12M00.00S,1,1610612741,CHI,201577,Lopez,R. Lopez,0,0,0,,0,,,0,h,Jump Ball Lopez vs. Turner: Tip to Gibson,Jump Ball,,1,0
3,2,PT11M38.00S,1,1610612741,CHI,202710,Butler,J. Butler,122,219,25,Missed,1,,,0,h,MISS Butler 25' 3PT Jump Shot,Missed Shot,Jump Shot,1,0
4,4,PT11M37.00S,1,1610612741,CHI,2548,Wade,D. Wade,0,0,0,,0,,,0,h,Wade REBOUND (Off:1 Def:0),Rebound,Unknown,1,0
5,3,PT11M37.00S,1,1610612741,CHI,2548,Wade,D. Wade,0,1,0,Missed,1,,,0,h,MISS Wade Putback Dunk,Missed Shot,Putback Dunk Shot,1,0
6,5,PT11M36.00S,1,1610612754,IND,201952,Teague,J. Teague,0,0,0,,0,,,0,v,Teague REBOUND (Off:0 Def:1),Rebound,Unknown,1,0
7,6,PT11M32.00S,1,1610612754,IND,201952,Teague,J. Teague,-14,95,10,Missed,1,,,0,v,MISS Teague 10' Floating Jump Shot,Missed Shot,Floating Jump shot,1,0
8,7,PT11M30.00S,1,1610612741,CHI,201577,Lopez,R. Lopez,0,0,0,,0,,,0,h,Lopez REBOUND (Off:0 Def:1),Rebound,Unknown,1,0
9,8,PT11M10.00S,1,1610612741,CHI,201959,Gibson,T. Gibson,48,115,12,Missed,1,,,0,h,MISS Gibson 12' Jump Shot,Missed Shot,Jump Shot,1,0
10,9,PT11M09.00S,1,1610612754,IND,201152,Young,T. Young,0,0,0,,0,,,0,v,T. Young REBOUND (Off:0 Def:1),Rebound,Unknown,1,0
11,10,PT11M06.00S,1,1610612754,IND,201952,Teague,J. Teague,0,0,0,,0,,,0,v,Teague Lost Ball Turnover (P1.T1),Turnover,Lost Ball,1,0
12,10,PT11M06.00S,1,1610612741,CHI,200765,Rondo,R. Rondo,0,0,0,,0,,,0,h,Rondo STEAL (1 STL),,,1,0
13,11,PT11M01.00S,1,1610612741,CHI,201577,Lopez,R. Lopez,0,1,0,Missed,1,,,0,h,MISS Lopez Dunk,Missed Shot,Dunk Shot,1,0
14,11,PT11M01.00S,1,1610612754,IND,1626167,Turner,M. Turner,0,0,0,,0,,,0,v,Turner BLOCK (1 BLK),,,1,0
15,12,PT10M59.00S,1,1610612741,CHI,201577,Lopez,R. Lopez,0,0,0,,0,,,0,h,Lopez REBOUND (Off:1 Def:1),Rebound,Unknown,1,0
16,13,PT10M56.00S,1,1610612741,CHI,200765,Rondo,R. Rondo,28,0,3,Missed,1,,,0,h,MISS Rondo 3' Tip Layup Shot,Missed Shot,Tip Layup Shot,1,0
17,15,PT10M54.00S,1,1610612741,CHI,202710,Butler,J. Butler,0,0,0,,0,,,0,h,Butler REBOUND (Off:1 Def:0),Rebound,Unknown,1,0
18,14,PT10M54.00S,1,1610612741,CHI,202710,Butler,J. Butler,14,21,3,Made,1,2,0,2,h,Butler 3' Layup (2 PTS),Made Shot,Layup Shot,1,0
19,16,PT10M38.00S,1,1610612754,IND,1626167,Turner,M. Turner,-160,149,22,Made,1,2,2,4,v,Turner 22' Jump Shot (2 PTS) (Teague 1 AST),Made Shot,Jump Shot,1,0
20,17,PT10M10.00S,1,1610612741,CHI,200765,Rondo,R. Rondo,197,146,25,Missed,1,,,0,h,MISS Rondo 25' 3PT Fadeaway Jumper,Missed Shot,Fadeaway Jump Shot,1,0
21,18,PT10M09.00S,1,1610612754,IND,101145,Ellis,M. Ellis,0,0,0,,0,,,0,v,Ellis REBOUND (Off:0 Def:1),Rebound,Unknown,1,0
22,19,PT10M01.00S,1,1610612754,IND,202331,George,P. George,4,205,21,Missed,1,,,0,v,MISS George 21' Pullup Jump Shot,Missed Shot,Pullup Jump shot,1,0
23,20,PT10M00.00S,1,1610612741,CHI,200765,Rondo,R. Rondo,0,0,0,,0,,,0,h,Rondo REBOUND (Off:0 Def:1),Rebound,Unknown,1,0
24,21,PT09M51.00S,1,1610612741,CHI,201577,Lopez,R. Lopez,0,1,0,Made,1,4,2,6,h,Lopez Dunk (2 PTS) (Rondo 1 AST),Made Shot,Dunk Shot,1,0
25,22,PT09M30.00S,1,1610612754,IND,202331,George,P. George,-34,11,4,Made,1,4,4,8,v,George 4' Driving Bank Shot (2 PTS) (T. Young 1 AST),Made Shot,Driving Bank shot,1,0
26,23,PT09M13.00S,1,1610612741,CHI,200765,Rondo,R. Rondo,-132,200,24,Missed,1,,,0,h,MISS Rondo 24' 3PT Jump Shot,Missed Shot,Jump Shot,1,0
27,24,PT09M11.00S,1,1610612741,CHI,202710,Butler,J. Butler,0,0,0,,0,,,0,h,Butler REBOUND (Off:2 Def:0),Rebound,Unknown,1,0
28,25,PT08M57.00S,1,1610612741,CHI,201577,Lopez,R. Lopez,-27,2,3,Missed,1,,,0,h,MISS Lopez 3' Layup,Missed Shot,Layup Shot,1,0
29,25,PT08M57.00S,1,1610612754,IND,1626167,Turner,M. Turner,0,0,0,,0,,,0,v,Turner BLOCK (2 BLK),,,1,0
30,26,PT08M56.00S,1,1610612754,IND,1626167,Turner,M. Turner,0,0,0,,0,,,0,v,Turner REBOUND (Off:0 Def:1),Rebound,Unknown,1,0
31,27,PT08M52.00S,1,1610612754,IND,101145,Ellis,M. Ellis,0,0,0,,0,,,0,v,Ellis Out of Bounds - Bad Pass Turnover Turnover (P1.T2),Turnover,Out of Bounds - Bad Pass Turnover,1,0
32,28,PT08M40.00S,1,1610612741,CHI,2548,Wade,D. Wade,-16,164,16,Made,1,6,4,10,h,Wade 16' Pullup Jump Shot (2 PTS),Made Shot,Pullup Jump shot,1,0
33,29,PT08M34.00S,1,1610612741,CHI,2548,Wade,D. Wade,0,0,0,,0,,,0,h,Wade P.FOUL (P1.T1) (C.Blair),Foul,Personal,1,0
34,30,PT08M25.00S,1,1610612754,IND,1626167,Turner,M. Turner,-9,16,2,Made,1,6,6,12,v,Turner 2' Layup (4 PTS) (Ellis 1 AST),Made Shot,Layup Shot,1,0
35,31,PT08M25.00S,1,1610612741,CHI,201577,Lopez,R. Lopez,0,0,0,,0,,,0,h,Lopez S.FOUL (P1.T2) (M.Lindsay),Foul,Shooting,1,0
36,32,PT08M25.00S,1,1610612754,IND,1626167,Turner,M. Turner,0,0,0,,0,6,7,13,v,Turner Free Throw 1 of 1 (5 PTS),Free Throw,Free Throw 1 of 1,0,0
37,34,PT08M12.00S,1,1610612741,CHI,201577,Lopez,R. Lopez,71,7,7,Made,1,8,7,15,h,Lopez 7' Hook Shot (4 PTS) (Rondo 2 AST),Made Shot,Hook Shot,1,0
38,35,PT07M58.00S,1,1610612754,IND,1626167,Turner,M. Turner,-88,100,13,Missed,1,,,0,v,MISS Turner 13' Jump Shot,Missed Shot,Jump Shot,1,0
39,36,PT07M56.00S,1,1610612741,CHI,200765,Rondo,R. Rondo,0,0,0,,0,,,0,h,Rondo REBOUND (Off:0 Def:2),Rebound,Unknown,1,0
40,37,PT07M50.00S,1,1610612741,CHI,201577,Lopez,R. Lopez,164,11,16,Made,1,10,7,17,h,Lopez 16' Jump Shot (6 PTS) (Gibson 1 AST),Made Shot,Jump Shot,1,0
41,38,PT07M44.00S,1,1610612754,IND,201152,Young,T. Young,-30,11,3,Made,1,10,9,19,v,T. Young 3' Running Layup (2 PTS),Made Shot,Running Layup Shot,1,0
42,39,PT07M29.00S,1,1610612741,CHI,201959,Gibson,T. Gibson,50,169,18,Missed,1,,,0,h,MISS Gibson 18' Jump Shot,Missed Shot,Jump Shot,1,0
43,40,PT07M28.00S,1,1610612754,IND,201152,Young,T. Young,0,0,0,,0,,,0,v,T. Young REBOUND (Off:0 Def:2),Rebound,Unknown,1,0
44,43,PT07M12.00S,1,1610612754,IND,202331,George,P. George,-202,139,25,Made,1,10,12,22,v,George 25' 3PT Jump Shot (5 PTS) (Teague 2 AST),Made Shot,Jump Shot,1,0
45,44,PT06M55.00S,1,1610612741,CHI,2548,Wade,D. Wade,151,-5,15,Made,1,12,12,24,h,Wade 15' Turnaround Fadeaway (4 PTS),Made Shot,Turnaround Fadeaway shot,1,0
46,45,PT06M44.00S,1,1610612754,IND,1626167,Turner,M. Turner,58,203,21,Missed,1,,,0,v,MISS Turner 21' Jump Shot,Missed Shot,Jump Shot,1,0
47,46,PT06M43.00S,1,1610612741,CHI,202710,Butler,J. Butler,0,0,0,,0,,,0,h,Butler REBOUND (Off:2 Def:1),Rebound,Unknown,1,0
48,47,PT06M30.00S,1,1610612741,CHI,201959,Gibson,T. Gibson,6,62,6,Made,1,14,12,26,h,Gibson 6' Jump Shot (2 PTS) (Lopez 1 AST),Made Shot,Jump Shot,1,0
49,48,PT06M16.00S,1,1610612754,IND,202331,George,P. George,99,105,14,Made,1,14,14,28,v,George 14' Turnaround Fadeaway (7 PTS) (Turner 1 AST),Made Shot,Turnaround Fadeaway shot,1,0
50,49,PT05M55.00S,1,1610612741,CHI,201959,Gibson,T. Gibson,33,120,12,Made,1,16,14,30,h,Gibson 12' Pullup Jump Shot (4 PTS) (Butler 1 AST),Made Shot,Pullup Jump shot,1,0
51,50,PT05M37.00S,1,1610612754,IND,1626167,Turner,M. Turner,27,16,3,Missed,1,,,0,v,MISS Turner 3' Layup,Missed Shot,Layup Shot,1,0
52,51,PT05M36.00S,1,1610612741,CHI,2548,Wade,D. Wade,0,0,0,,0,,,0,h,Wade REBOUND (Off:1 Def:1),Rebound,Unknown,1,0
53,52,PT05M30.00S,1,1610612741,CHI,2548,Wade,D. Wade,4,11,1,Missed,1,,,0,h,MISS Wade 1' Layup,Missed Shot,Layup Shot,1,0
54,52,PT05M30.00S,1,1610612754,IND,1626167,Turner,M. Turner,0,0,0,,0,,,0,v,Turner BLOCK (3 BLK),,,1,0
55,53,PT05M30.00S,1,0,,1610612741,,,0,0,0,,0,,,0,h,BULLS Rebound,Rebound,Unknown,0,0
56,94,PT05M30.00S,1,0,,1610612741,,,0,0,0,,0,,,0,h,BULLS Timeout: Regular (Full 1 Short 0),Timeout,Regular,0,0
57,54,PT05M30.00S,1,1610612741,CHI,2548,Wade,D. Wade,0,0,0,,0,,,0,h,SUB: McDermott FOR Wade,Substitution,,0,0
58,55,PT05M22.00S,1,1610612741,CHI,202710,Butler,J. Butler,-165,-6,17,Missed,1,,,0,h,MISS Butler 17' Jump Shot,Missed Shot,Jump Shot,1,0
59,56,PT05M21.00S,1,1610612754,IND,201952,Teague,J. Teague,0,0,0,,0,,,0,v,Teague REBOUND (Off:0 Def:2),Rebound,Unknown,1,0
60,57,PT05M17.00S,1,1610612754,IND,201952,Teague,J. Teague,-19,36,4,Missed,1,,,0,v,MISS Teague 4' Jump Shot,Missed Shot,Jump Shot,1,0
61,57,PT05M17.00S,1,1610612741,CHI,203926,McDermott,D. McDermott,0,0,0,,0,,,0,h,McDermott BLOCK (1 BLK),,,1,0
62,58,PT05M17.00S,1,0,,1610612754,,,0,0,0,,0,,,0,v,Pacers Rebound,Rebound,Unknown,0,0
63,59,PT05M13.00S,1,1610612741,CHI,203926,McDermott,D. McDermott,0,0,0,,0,,,0,h,McDermott P.FOUL (P1.T3) (C.Blair),Foul,Personal,1,0
64,60,PT05M01.00S,1,1610612754,IND,201152,Young,T. Young,0,0,0,,0,,,0,v,T. Young Out of Bounds - Bad Pass Turnover Turnover (P1.T3),Turnover,Out of Bounds - Bad Pass Turnover,1,0
65,61,PT04M49.00S,1,1610612741,CHI,201959,Gibson,T. Gibson,-99,-5,10,Missed,1,,,0,h,MISS Gibson 10' Jump Shot,Missed Shot,Jump Shot,1,0
66,62,PT04M49.00S,1,0,,1610612754,,,0,0,0,,0,,,0,v,Pacers Rebound,Rebound,Unknown,0,0
67,63,PT04M49.00S,1,1610612741,CHI,201577,Lopez,R. Lopez,0,0,0,,0,,,0,h,Lopez L.B.FOUL (P2.T4) (C.Blair),Foul,Loose Ball,1,0
68,64,PT04M49.00S,1,1610612741,CHI,201577,Lopez,R. Lopez,0,0,0,,0,,,0,h,SUB: Mirotic FOR Lopez,Substitution,,0,0
69,65,PT04M34.00S,1,1610612754,IND,202331,George,P. George,-19,2,2,Made,1,16,16,32,v,George 2' Layup (9 PTS) (Teague 3 AST),Made Shot,Layup Shot,1,0
70,66,PT04M21.00S,1,1610612741,CHI,203926,McDermott,D. McDermott,-4,121,12,Made,1,18,16,34,h,McDermott 12' Pullup Jump Shot (2 PTS) (Rondo 3 AST),Made Shot,Pullup Jump shot,1,0
71,67,PT04M05.00S,1,1610612754,IND,101145,Ellis,M. Ellis,150,7,15,Missed,1,,,0,v,MISS Ellis 15' Jump Shot,Missed Shot,Jump Shot,1,0
72,68,PT04M03.00S,1,1610612754,IND,201952,Teague,J. Teague,0,0,0,,0,,,0,v,Teague REBOUND (Off:1 Def:2),Rebound,Unknown,1,0
73,69,PT03M57.00S,1,1610612754,IND,201952,Teague,J. Teague,-56,242,25,Missed,1,,,0,v,MISS Teague 25' 3PT Step Back Jump Shot,Missed Shot,Step Back Jump shot,1,0
74,70,PT03M56.00S,1,1610612741,CHI,203926,McDermott,D. McDermott,0,0,0,,0,,,0,h,McDermott REBOUND (Off:0 Def:1),Rebound,Unknown,1,0
75,72,PT03M54.00S,1,1610612754,IND,101145,Ellis,M. Ellis,0,0,0,,0,,,0,v,SUB: Miles FOR Ellis,Substitution,,0,0
76,73,PT03M44.00S,1,1610612741,CHI,203926,McDermott,D. McDermott,0,1,0,Missed,1,,,0,h,MISS McDermott Dunk,Missed Shot,Dunk Shot,1,0
77,74,PT03M42.00S,1,1610612741,CHI,200765,Rondo,R. Rondo,0,0,0,,0,,,0,h,Rondo REBOUND (Off:1 Def:2),Rebound,Unknown,1,0
78,75,PT03M32.00S,1,1610612741,CHI,202710,Butler,J. Butler,28,28,4,Made,1,20,16,36,h,Butler 4' Driving Bank Shot (4 PTS) (Mirotic 1 AST),Made Shot,Driving Bank shot,1,0
79,76,PT03M25.00S,1,0,,1610612754,,,0,0,0,,0,,,0,v,Pacers Timeout: Regular (Reg.1 Short 0),Timeout,Regular,0,0
80,77,PT03M25.00S,1,1610612754,IND,1626167,Turner,M. Turner,0,0,0,,0,,,0,v,SUB: Jefferson FOR Turner,Substitution,,0,0
81,78,PT03M20.00S,1,1610612741,CHI,202703,Mirotic,N. Mirotic,0,0,0,,0,,,0,h,Kicked Ball,Violation,Kicked Ball,0,0
82,79,PT03M07.00S,1,1610612754,IND,2744,Jefferson,A. Jefferson,-17,62,6,Made,1,20,18,38,v,Jefferson 6' Hook Shot (2 PTS),Made Shot,Hook Shot,1,0
83,80,PT02M44.00S,1,1610612741,CHI,200765,Rondo,R. Rondo,0,0,0,,0,,,0,h,Rondo Lost Ball Turnover (P1.T1),Turnover,Lost Ball,1,0
84,80,PT02M44.00S,1,1610612754,IND,201952,Teague,J. Teague,0,0,0,,0,,,0,v,Teague STEAL (1 STL),,,1,0
85,81,PT02M40.00S,1,1610612754,IND,201152,Young,T. Young,-4,11,1,Made,1,20,20,40,v,T. Young 1' Layup (4 PTS) (Teague 4 AST),Made Shot,Layup Shot,1,0
86,82,PT02M22.00S,1,1610612741,CHI,202703,Mirotic,N. Mirotic,-163,124,20,Missed,1,,,0,h,MISS Mirotic 20' Jump Shot,Missed Shot,Jump Shot,1,0
87,83,PT02M20.00S,1,1610612754,IND,2744,Jefferson,A. Jefferson,0,0,0,,0,,,0,v,Jefferson REBOUND (Off:0 Def:1),Rebound,Unknown,1,0
88,84,PT01M58.00S,1,1610612754,IND,201952,Teague,J. Teague,138,26,14,Missed,1,,,0,v,MISS Teague 14' Jump Shot,Missed Shot,Jump Shot,1,0
89,85,PT01M57.00S,1,1610612741,CHI,201959,Gibson,T. Gibson,0,0,0,,0,,,0,h,Gibson REBOUND (Off:0 Def:1),Rebound,Unknown,1,0
90,86,PT01M44.00S,1,1610612741,CHI,201959,Gibson,T. Gibson,0,1,0,Made,1,22,20,42,h,Gibson Dunk (6 PTS) (Rondo 4 AST),Made Shot,Dunk Shot,1,0
91,87,PT01M21.00S,1,1610612754,IND,202331,George,P. George,-37,249,25,Missed,1,,,0,v,MISS George 25' 3PT Jump Shot,Missed Shot,Jump Shot,1,0
92,88,PT01M20.00S,1,1610612741,CHI,201959,Gibson,T. Gibson,0,0,0,,0,,,0,h,Gibson REBOUND (Off:0 Def:2),Rebound,Unknown,1,0
93,89,PT01M02.00S,1,1610612741,CHI,203926,McDermott,D. McDermott,-107,110,15,Missed,1,,,0,h,MISS McDermott 15' Turnaround Jump Shot,Missed Shot,Turnaround Jump Shot,1,0
94,90,PT01M01.00S,1,1610612754,IND,201152,Young,T. Young,0,0,0,,0,,,0,v,T. Young REBOUND (Off:0 Def:3),Rebound,Unknown,1,0
95,91,PT00M49.90S,1,1610612754,IND,101139,Miles,C. Miles,58,116,13,Missed,1,,,0,v,MISS Miles 13' Jump Shot,Missed Shot,Jump Shot,1,0
96,92,PT00M46.80S,1,1610612741,CHI,201959,Gibson,T. Gibson,0,0,0,,0,,,0,h,Gibson REBOUND (Off:0 Def:3),Rebound,Unknown,1,0
97,93,PT00M42.10S,1,1610612741,CHI,202710,Butler,J. Butler,0,1,0,Made,1,24,20,44,h,Butler Alley Oop Dunk (6 PTS) (Rondo 5 AST),Made Shot,Alley Oop Dunk Shot,1,0
98,95,PT00M24.60S,1,1610612754,IND,101139,Miles,C. Miles,-209,-6,21,Missed,1,,,0,v,MISS Miles 21' Jump Shot,Missed Shot,Jump Shot,1,0
99,96,PT00M22.90S,1,1610612754,IND,201152,Young,T. Young,0,0,0,,0,,,0,v,T. Young REBOUND (Off:1 Def:3),Rebound,Unknown,1,0
100,97,PT00M19.90S,1,1610612754,IND,101139,Miles,C. Miles,37,-5,4,Missed,1,,,0,v,MISS Miles 4' Reverse Layup,Missed Shot,Reverse Layup Shot,1,0
101,97,PT00M19.90S,1,1610612741,CHI,202703,Mirotic,N. Mirotic,0,0,0,,0,,,0,h,Mirotic BLOCK (1 BLK),,,1,0
102,98,PT00M18.10S,1,1610612741,CHI,201959,Gibson,T. Gibson,0,0,0,,0,,,0,h,Gibson REBOUND (Off:0 Def:4),Rebound,Unknown,1,0
103,99,PT00M01.90S,1,1610612741,CHI,203926,McDermott,D. McDermott,-130,205,24,Missed,1,,,0,h,MISS McDermott 24' 3PT Jump Shot,Missed Shot,Jump Shot,1,0
104,100,PT00M00.50S,1,1610612754,IND,201152,Young,T. Young,0,0,0,,0,,,0,v,T. Young REBOUND (Off:1 Def:4),Rebound,Unknown,1,0
105,101,PT00M00.10S,1,1610612754,IND,201152,Young,T. Young,-150,644,66,Missed,1,,,0,v,MISS T. Young 66' 3PT Jump Shot,Missed Shot,Jump Shot,1,0
106,103,PT00M00.00S,1,0,,1610612754,,,0,0,0,,0,,,0,v,Pacers Rebound,Rebound,Unknown,0,0
107,102,PT00M00.00S,1,0,,0,,,0,0,0,,0,24,20,44,,End of 1st Period (8:32 PM EST),period,end,0,0
108,105,PT12M00.00S,2,0,,0,,,0,0,0,,0,24,20,44,,Start of 2nd Period (8:34 PM EST),period,start,0,0
109,106,PT12M00.00S,2,1610612741,CHI,203926,McDermott,D. McDermott,0,0,0,,0,,,0,h,McDermott P.FOUL (P2.T1) (C.Blair),Foul,Personal,1,0
110,107,PT11M38.00S,2,1610612754,IND,202730,Allen,L. Allen,-42,65,8,Missed,1,,,0,v,MISS Allen 8' Hook Shot,Missed Shot,Hook Shot,1,0
111,108,PT11M37.00S,2,1610612741,CHI,1626245,Felicio,C. Felicio,0,0,0,,0,,,0,h,Felicio REBOUND (Off:0 Def:1),Rebound,Unknown,1,0
112,109,PT11M17.00S,2,1610612741,CHI,202703,Mirotic,N. Mirotic,-132,208,25,Made,1,27,20,47,h,Mirotic 25' 3PT Jump Shot (3 PTS) (Carter-Williams 1 AST),Made Shot,Jump Shot,1,0
113,111,PT10M54.00S,2,1610612741,CHI,1626245,Felicio,C. Felicio,0,0,0,,0,,,0,h,Felicio P.FOUL (P1.T2) (M.Lindsay),Foul,Personal,1,0
114,112,PT10M44.00S,2,1610612754,IND,203922,Robinson III,G. Robinson III,-199,115,23,Made,1,27,22,49,v,Robinson III 23' Jump Shot (2 PTS) (Allen 1 AST),Made Shot,Jump Shot,1,0
115,113,PT10M26.00S,2,1610612741,CHI,203926,McDermott,D. McDermott,53,23,6,Missed,1,,,0,h,MISS McDermott 6' Driving Bank Shot,Missed Shot,Driving Bank shot,1,0
116,114,PT10M25.00S,2,1610612754,IND,202730,Allen,L. Allen,0,0,0,,0,,,0,v,Allen REBOUND (Off:0 Def:1),Rebound,Unknown,1,0
117,115,PT10M07.00S,2,1610612754,IND,2744,Jefferson,A. Jefferson,-124,85,15,Missed,1,,,0,v,MISS Jefferson 15' Jump Shot,Missed Shot,Jump Shot,1,0
118,116,PT10M06.00S,2,1610612754,IND,203922,Robinson III,G. Robinson III,0,0,0,,0,,,0,v,Robinson III REBOUND (Off:1 Def:0),Rebound,Unknown,1,0
119,117,PT09M53.00S,2,1610612754,IND,2744,Jefferson,A. Jefferson,74,31,8,Made,1,27,24,51,v,Jefferson 8' Jump Shot (4 PTS) (Allen 2 AST),Made Shot,Jump Shot,1,0
120,118,PT09M37.00S,2,1610612754,IND,202730,Allen,L. Allen,0,0,0,,0,,,0,v,Allen P.FOUL (P1.T1) (C.Blair),Foul,Personal,1,0
121,119,PT09M26.00S,2,1610612754,IND,101139,Miles,C. Miles,0,0,0,,0,,,0,v,Miles S.FOUL (P1.T2) (M.Lindsay),Foul,Shooting,1,0
122,120,PT09M26.00S,2,1610612741,CHI,2548,Wade,D. Wade,0,0,0,,0,28,24,52,h,Wade Free Throw 1 of 2 (5 PTS),Free Throw,Free Throw 1 of 2,0,0
123,122,PT09M26.00S,2,1610612741,CHI,2548,Wade,D. Wade,0,0,0,,0,29,24,53,h,Wade Free Throw 2 of 2 (6 PTS),Free Throw,Free Throw 2 of 2,0,0
124,124,PT09M11.00S,2,1610612754,IND,101139,Miles,C. Miles,-176,-1,18,Missed,1,,,0,v,MISS Miles 18' Jump Shot,Missed Shot,Jump Shot,1,0
125,125,PT09M10.00S,2,1610612741,CHI,2548,Wade,D. Wade,0,0,0,,0,,,0,h,Wade REBOUND (Off:1 Def:2),Rebound,Unknown,1,0
126,126,PT09M07.00S,2,1610612741,CHI,2548,Wade,D. Wade,35,16,4,Made,1,31,24,55,h,Wade 4' Running Layup (8 PTS),Made Shot,Running Layup Shot,1,0
127,127,PT08M49.00S,2,1610612754,IND,1626202,Young,J. Young,9,85,9,Missed,1,,,0,v,MISS J. Young 9' Turnaround Jump Shot,Missed Shot,Turnaround Jump Shot,1,0
128,128,PT08M48.00S,2,1610612741,CHI,1626245,Felicio,C. Felicio,0,0,0,,0,,,0,h,Felicio REBOUND (Off:0 Def:2),Rebound,Unknown,1,0
129,129,PT08M39.00S,2,1610612741,CHI,203487,Carter-Williams,M. Carter-Williams,-3,10,1,Missed,1,,,0,h,MISS Carter-Williams 1' Layup,Missed Shot,Layup Shot,1,0
130,129,PT08M39.00S,2,1610612754,IND,202730,Allen,L. Allen,0,0,0,,0,,,0,v,Allen BLOCK (1 BLK),,,1,0
131,130,PT08M37.00S,2,1610612754,IND,203922,Robinson III,G. Robinson III,0,0,0,,0,,,0,v,Robinson III REBOUND (Off:1 Def:1),Rebound,Unknown,1,0
132,131,PT08M33.00S,2,1610612754,IND,203922,Robinson III,G. Robinson III,4,7,1,Missed,1,,,0,v,MISS Robinson III 1' Layup,Missed Shot,Layup Shot,1,0
133,132,PT08M32.00S,2,1610612741,CHI,203926,McDermott,D. McDermott,0,0,0,,0,,,0,h,McDermott REBOUND (Off:0 Def:2),Rebound,Unknown,1,0
134,133,PT08M28.00S,2,1610612741,CHI,203926,McDermott,D. McDermott,-30,26,4,Made,1,33,24,57,h,McDermott 4' Running Jump Shot (4 PTS),Made Shot,Running Jump Shot,1,0
135,134,PT08M01.00S,2,1610612754,IND,203922,Robinson III,G. Robinson III,140,213,25,Missed,1,,,0,v,MISS Robinson III 25' 3PT Jump Shot,Missed Shot,Jump Shot,1,0
136,135,PT07M59.00S,2,1610612741,CHI,1626245,Felicio,C. Felicio,0,0,0,,0,,,0,h,Felicio REBOUND (Off:0 Def:3),Rebound,Unknown,1,0
137,136,PT07M57.00S,2,1610612741,CHI,202703,Mirotic,N. Mirotic,14,8,2,Made,1,35,24,59,h,Mirotic 2' Cutting Layup Shot (5 PTS) (McDermott 1 AST),Made Shot,Cutting Layup Shot,1,0
138,137,PT07M57.00S,2,1610612754,IND,202730,Allen,L. Allen,0,0,0,,0,,,0,v,Allen S.FOUL (P2.T3) (Z.Zarba),Foul,Shooting,1,0
139,138,PT07M57.00S,2,0,,0,,,0,0,0,,0,,,0,,Timeout: Regular,Timeout,Regular,0,0
140,141,PT07M57.00S,2,1610612754,IND,101139,Miles,C. Miles,0,0,0,,0,,,0,v,SUB: Seraphin FOR Miles,Substitution,,0,0
141,142,PT07M57.00S,2,1610612754,IND,2744,Jefferson,A. Jefferson,0,0,0,,0,,,0,v,SUB: Ellis FOR Jefferson,Substitution,,0,0
142,139,PT07M57.00S,2,1610612741,CHI,202703,Mirotic,N. Mirotic,0,0,0,,0,36,24,60,h,Mirotic Free Throw 1 of 1 (6 PTS),Free Throw,Free Throw 1 of 1,0,0
143,143,PT07M35.00S,2,1610612754,IND,101145,Ellis,M. Ellis,-14,46,5,Missed,1,,,0,v,MISS Ellis 5' Jump Shot,Missed Shot,Jump Shot,1,0
144,143,PT07M35.00S,2,1610612741,CHI,203487,Carter-Williams,M. Carter-Williams,0,0,0,,0,,,0,h,Carter-Williams BLOCK (1 BLK),,,1,0
145,144,PT07M32.00S,2,1610612741,CHI,1626245,Felicio,C. Felicio,0,0,0,,0,,,0,h,Felicio REBOUND (Off:0 Def:4),Rebound,Unknown,1,0
146,145,PT07M26.00S,2,1610612741,CHI,203926,McDermott,D. McDermott,-235,46,24,Made,1,39,24,63,h,McDermott 24' 3PT Jump Shot (7 PTS) (Mirotic 2 AST),Made Shot,Jump Shot,1,0
147,146,PT07M01.00S,2,1610612754,IND,202338,Seraphin,K. Seraphin,-7,62,6,Missed,1,,,0,v,MISS Seraphin 6' Hook Shot,Missed Shot,Hook Shot,1,0
148,147,PT07M00.00S,2,1610612741,CHI,2548,Wade,D. Wade,0,0,0,,0,,,0,h,Wade REBOUND (Off:1 Def:3),Rebound,Unknown,1,0
149,148,PT06M47.00S,2,1610612741,CHI,1626245,Felicio,C. Felicio,-32,8,3,Made,1,41,24,65,h,Felicio 3' Layup (2 PTS) (Wade 1 AST),Made Shot,Layup Shot,1,0
150,149,PT06M28.00S,2,1610612754,IND,203922,Robinson III,G. Robinson III,0,0,0,,0,,,0,v,Robinson III Lost Ball Turnover (P1.T4),Turnover,Lost Ball,1,0
151,149,PT06M28.00S,2,1610612741,CHI,203487,Carter-Williams,M. Carter-Williams,0,0,0,,0,,,0,h,Carter-Williams STEAL (1 STL),,,1,0
152,150,PT06M25.00S,2,1610612741,CHI,203926,McDermott,D. McDermott,-20,18,3,Made,1,43,24,67,h,McDermott 3' Running Layup (9 PTS) (Carter-Williams 2 AST),Made Shot,Running Layup Shot,1,0
153,151,PT06M21.00S,2,0,,1610612754,,,0,0,0,,0,,,0,v,Pacers Timeout: Regular (Reg.2 Short 0),Timeout,Regular,0,0
154,153,PT06M21.00S,2,1610612754,IND,202730,Allen,L. Allen,0,0,0,,0,,,0,v,SUB: George FOR Allen,Substitution,,0,0
155,154,PT06M21.00S,2,1610612754,IND,203922,Robinson III,G. Robinson III,0,0,0,,0,,,0,v,SUB: T. Young FOR Robinson III,Substitution,,0,0
156,155,PT06M21.00S,2,1610612754,IND,1626202,Young,J. Young,0,0,0,,0,,,0,v,SUB: Teague FOR J. Young,Substitution,,0,0
157,156,PT06M13.00S,2,1610612754,IND,201152,Young,T. Young,-34,16,4,Made,1,43,26,69,v,T. Young 4' Jump Shot (6 PTS) (Ellis 2 AST),Made Shot,Jump Shot,1,0
158,157,PT05M50.00S,2,1610612741,CHI,203487,Carter-Williams,M. Carter-Williams,0,0,0,,0,,,0,h,Carter-Williams Bad Pass Turnover (P1.T2),Turnover,Bad Pass,1,0
159,157,PT05M50.00S,2,1610612754,IND,202338,Seraphin,K. Seraphin,0,0,0,,0,,,0,v,Seraphin STEAL (1 STL),,,1,0
160,158,PT05M42.00S,2,1610612754,IND,201152,Young,T. Young,42,7,4,Made,1,43,28,71,v,T. Young 4' Jump Shot (8 PTS) (Teague 5 AST),Made Shot,Jump Shot,1,0
161,159,PT05M25.00S,2,1610612741,CHI,1626245,Felicio,C. Felicio,0,0,0,,0,,,0,h,Felicio Bad Pass Turnover (P1.T3),Turnover,Bad Pass,1,0
162,159,PT05M25.00S,2,1610612754,IND,202338,Seraphin,K. Seraphin,0,0,0,,0,,,0,v,Seraphin STEAL (2 STL),,,1,0
163,160,PT05M15.00S,2,1610612754,IND,201152,Young,T. Young,-233,-24,0,Missed,1,,,0,v,MISS T. Young 3PT Jump Shot,Missed Shot,Jump Shot,1,0
164,161,PT05M14.00S,2,1610612741,CHI,202703,Mirotic,N. Mirotic,0,0,0,,0,,,0,h,Mirotic REBOUND (Off:0 Def:1),Rebound,Unknown,1,0
165,162,PT04M57.00S,2,1610612754,IND,202338,Seraphin,K. Seraphin,0,0,0,,0,,,0,v,Seraphin S.FOUL (P1.T4) (M.Lindsay),Foul,Shooting,1,0
166,163,PT04M57.00S,2,1610612741,CHI,2548,Wade,D. Wade,0,0,0,,0,44,28,72,h,Wade Free Throw 1 of 2 (9 PTS),Free Throw,Free Throw 1 of 2,0,0
167,165,PT04M57.00S,2,1610612754,IND,202338,Seraphin,K. Seraphin,0,0,0,,0,,,0,v,SUB: Turner FOR Seraphin,Substitution,,0,0
168,166,PT04M57.00S,2,1610612741,CHI,203926,McDermott,D. McDermott,0,0,0,,0,,,0,h,SUB: Butler FOR McDermott,Substitution,,0,0
169,167,PT04M57.00S,2,1610612741,CHI,203487,Carter-Williams,M. Carter-Williams,0,0,0,,0,,,0,h,SUB: Rondo FOR Carter-Williams,Substitution,,0,0
170,168,PT04M57.00S,2,1610612741,CHI,1626245,Felicio,C. Felicio,0,0,0,,0,,,0,h,SUB: Gibson FOR Felicio,Substitution,,0,0
171,169,PT04M57.00S,2,1610612741,CHI,2548,Wade,D. Wade,0,0,0,,0,45,28,73,h,Wade Free Throw 2 of 2 (10 PTS),Free Throw,Free Throw 2 of 2,0,0
172,171,PT04M45.00S,2,1610612754,IND,1626167,Turner,M. Turner,-7,101,10,Made,1,45,30,75,v,Turner 10' Pullup Jump Shot (7 PTS) (Ellis 3 AST),Made Shot,Pullup Jump shot,1,0
173,172,PT04M30.00S,2,1610612741,CHI,201959,Gibson,T. Gibson,51,26,6,Made,1,47,30,77,h,Gibson 6' Jump Shot (8 PTS) (Rondo 6 AST),Made Shot,Jump Shot,1,0
174,173,PT04M19.00S,2,1610612754,IND,202331,George,P. George,-32,-1,3,Made,1,47,32,79,v,George 3' Layup (11 PTS) (T. Young 2 AST),Made Shot,Layup Shot,1,0
175,174,PT04M04.00S,2,1610612741,CHI,202703,Mirotic,N. Mirotic,10,247,25,Missed,1,,,0,h,MISS Mirotic 25' 3PT Jump Shot,Missed Shot,Jump Shot,1,0
176,175,PT04M03.00S,2,1610612754,IND,202331,George,P. George,0,0,0,,0,,,0,v,George REBOUND (Off:0 Def:1),Rebound,Unknown,1,0
177,176,PT03M57.00S,2,1610612741,CHI,201959,Gibson,T. Gibson,0,0,0,,0,,,0,h,Gibson P.FOUL (P1.T3) (M.Lindsay),Foul,Personal,1,0
178,177,PT03M57.00S,2,1610612741,CHI,2548,Wade,D. Wade,0,0,0,,0,,,0,h,SUB: Canaan FOR Wade,Substitution,,0,0
179,178,PT03M46.00S,2,1610612754,IND,1626167,Turner,M. Turner,-25,7,3,Made,1,47,34,81,v,Turner 3' Layup (9 PTS) (George 1 AST),Made Shot,Layup Shot,1,0
180,179,PT03M27.00S,2,1610612741,CHI,201959,Gibson,T. Gibson,0,1,0,Made,1,49,34,83,h,Gibson Dunk (10 PTS) (Rondo 7 AST),Made Shot,Dunk Shot,1,0
181,180,PT03M12.00S,2,1610612754,IND,202331,George,P. George,0,0,0,,0,,,0,v,George Bad Pass Turnover (P1.T5),Turnover,Bad Pass,1,0
182,180,PT03M12.00S,2,1610612741,CHI,202710,Butler,J. Butler,0,0,0,,0,,,0,h,Butler STEAL (1 STL),,,1,0
183,181,PT03M06.00S,2,1610612741,CHI,203477,Canaan,I. Canaan,210,124,24,Made,1,52,34,86,h,Canaan 24' 3PT Jump Shot (3 PTS) (Rondo 8 AST),Made Shot,Jump Shot,1,0
184,182,PT02M52.00S,2,1610612754,IND,202331,George,P. George,-66,65,9,Missed,1,,,0,v,MISS George 9' Jump Shot,Missed Shot,Jump Shot,1,0
185,183,PT02M51.00S,2,1610612741,CHI,201959,Gibson,T. Gibson,0,0,0,,0,,,0,h,Gibson REBOUND (Off:0 Def:5),Rebound,Unknown,1,0
186,184,PT02M31.00S,2,1610612741,CHI,202710,Butler,J. Butler,69,-1,7,Made,1,54,34,88,h,Butler 7' Pullup Jump Shot (8 PTS) (Rondo 9 AST),Made Shot,Pullup Jump shot,1,0
187,185,PT02M24.00S,2,0,,1610612754,,,0,0,0,,0,,,0,v,Pacers Timeout: Short (Reg.2 Short 1),Timeout,Short,0,0
188,186,PT02M24.00S,2,0,,1610612741,,,0,0,0,,0,,,0,h,BULLS Timeout: Regular (Full 2 Short 0),Timeout,Regular,0,0
189,188,PT02M18.00S,2,1610612754,IND,201952,Teague,J. Teague,0,0,0,,0,,,0,v,Teague Bad Pass Turnover (P2.T6),Turnover,Bad Pass,1,0
190,188,PT02M18.00S,2,1610612741,CHI,203477,Canaan,I. Canaan,0,0,0,,0,,,0,h,Canaan STEAL (1 STL),,,1,0
191,189,PT02M11.00S,2,1610612741,CHI,203477,Canaan,I. Canaan,-197,156,25,Missed,1,,,0,h,MISS Canaan 25' 3PT Jump Shot,Missed Shot,Jump Shot,1,0
192,190,PT02M10.00S,2,1610612754,IND,1626167,Turner,M. Turner,0,0,0,,0,,,0,v,Turner REBOUND (Off:0 Def:2),Rebound,Unknown,1,0
193,191,PT01M58.00S,2,1610612754,IND,101145,Ellis,M. Ellis,0,0,0,,0,,,0,v,Ellis Bad Pass Turnover (P2.T7),Turnover,Bad Pass,1,0
194,191,PT01M58.00S,2,1610612741,CHI,201959,Gibson,T. Gibson,0,0,0,,0,,,0,h,Gibson STEAL (1 STL),,,1,0
195,192,PT01M53.00S,2,1610612741,CHI,203477,Canaan,I. Canaan,32,11,3,Made,1,56,34,90,h,Canaan 3' Reverse Layup (5 PTS) (Rondo 10 AST),Made Shot,Reverse Layup Shot,1,0
196,193,PT01M37.00S,2,1610612754,IND,1626167,Turner,M. Turner,53,8,5,Made,1,56,36,92,v,Turner 5' Jump Shot (11 PTS) (George 2 AST),Made Shot,Jump Shot,1,0
197,194,PT01M14.00S,2,1610612754,IND,1626167,Turner,M. Turner,0,0,0,,0,,,0,v,Turner S.FOUL (P1.PN) (C.Blair),Foul,Shooting,1,0
198,195,PT01M14.00S,2,1610612741,CHI,202710,Butler,J. Butler,0,0,0,,0,57,36,93,h,Butler Free Throw 1 of 2 (9 PTS),Free Throw,Free Throw 1 of 2,0,0
199,197,PT01M14.00S,2,1610612741,CHI,202710,Butler,J. Butler,0,0,0,,0,58,36,94,h,Butler Free Throw 2 of 2 (10 PTS),Free Throw,Free Throw 2 of 2,0,0
200,199,PT01M04.00S,2,1610612754,IND,201952,Teague,J. Teague,38,62,7,Missed,1,,,0,v,MISS Teague 7' Floating Jump Shot,Missed Shot,Floating Jump shot,1,0
201,200,PT01M03.00S,2,1610612741,CHI,201959,Gibson,T. Gibson,0,0,0,,0,,,0,h,Gibson REBOUND (Off:0 Def:6),Rebound,Unknown,1,0
202,201,PT01M01.00S,2,1610612741,CHI,202710,Butler,J. Butler,0,1,0,Made,1,60,36,96,h,Butler Dunk (12 PTS) (Rondo 11 AST),Made Shot,Dunk Shot,1,0
203,202,PT00M47.10S,2,1610612754,IND,202331,George,P. George,-241,-15,24,Made,1,60,39,99,v,George 24' 3PT Jump Shot (14 PTS) (Ellis 4 AST),Made Shot,Jump Shot,1,0
204,203,PT00M30.20S,2,1610612741,CHI,200765,Rondo,R. Rondo,56,41,7,Made,1,62,39,101,h,Rondo 7' Jump Shot (2 PTS),Made Shot,Jump Shot,1,0
205,205,PT00M13.00S,2,1610612754,IND,201152,Young,T. Young,-25,0,3,Made,1,62,41,103,v,T. Young 3' Layup (10 PTS) (George 3 AST),Made Shot,Layup Shot,1,0
206,207,PT00M00.50S,2,0,,1610612741,,,0,0,0,,0,,,0,h,BULLS Timeout: Short (Full 2 Short 1),Timeout,Short,0,0
207,209,PT00M00.00S,2,0,,0,,,0,0,0,,0,62,41,103,,End of 2nd Period (9:01 PM EST),period,end,0,0
208,210,PT12M00.00S,3,0,,0,,,0,0,0,,0,62,41,103,,Start of 3rd Period (9:16 PM EST),period,start,0,0
209,211,PT11M45.00S,3,1610612754,IND,1626167,Turner,M. Turner,-2,188,19,Made,1,62,43,105,v,Turner 19' Jump Shot (13 PTS) (Teague 6 AST),Made Shot,Jump Shot,1,0
210,213,PT11M18.00S,3,1610612741,CHI,2548,Wade,D. Wade,0,205,21,Made,1,64,43,107,h,Wade 21' Jump Shot (12 PTS) (Butler 2 AST),Made Shot,Jump Shot,1,0
211,214,PT11M01.00S,3,1610612754,IND,202331,George,P. George,127,213,25,Made,1,64,46,110,v,George 25' 3PT Jump Shot (17 PTS) (Turner 2 AST),Made Shot,Jump Shot,1,0
212,215,PT10M34.00S,3,1610612741,CHI,200765,Rondo,R. Rondo,0,0,0,,0,,,0,h,Rondo Bad Pass Turnover (P2.T4),Turnover,Bad Pass,1,0
213,215,PT10M34.00S,3,1610612754,IND,202331,George,P. George,0,0,0,,0,,,0,v,George STEAL (1 STL),,,1,0
214,216,PT10M30.00S,3,1610612754,IND,202331,George,P. George,0,0,0,,0,,,0,v,George Lost Ball Turnover (P2.T8),Turnover,Lost Ball,1,0
215,216,PT10M30.00S,3,1610612741,CHI,2548,Wade,D. Wade,0,0,0,,0,,,0,h,Wade STEAL (1 STL),,,1,0
216,217,PT10M15.00S,3,1610612741,CHI,201959,Gibson,T. Gibson,25,8,3,Missed,1,,,0,h,MISS Gibson 3' Layup,Missed Shot,Layup Shot,1,0
217,218,PT10M13.00S,3,1610612754,IND,201952,Teague,J. Teague,0,0,0,,0,,,0,v,Teague REBOUND (Off:1 Def:3),Rebound,Unknown,1,0
218,219,PT09M53.00S,3,1610612754,IND,1626167,Turner,M. Turner,-19,90,9,Missed,1,,,0,v,MISS Turner 9' Jump Shot,Missed Shot,Jump Shot,1,0
219,220,PT09M52.00S,3,1610612741,CHI,201959,Gibson,T. Gibson,0,0,0,,0,,,0,h,Gibson REBOUND (Off:0 Def:7),Rebound,Unknown,1,0
220,221,PT09M37.00S,3,1610612754,IND,1626167,Turner,M. Turner,0,0,0,,0,,,0,v,Turner S.FOUL (P2.T1) (Z.Zarba),Foul,Shooting,1,0
221,222,PT09M37.00S,3,1610612741,CHI,202710,Butler,J. Butler,0,0,0,,0,65,46,111,h,Butler Free Throw 1 of 2 (13 PTS),Free Throw,Free Throw 1 of 2,0,0
222,224,PT09M37.00S,3,1610612741,CHI,202710,Butler,J. Butler,0,0,0,,0,66,46,112,h,Butler Free Throw 2 of 2 (14 PTS),Free Throw,Free Throw 2 of 2,0,0
223,226,PT09M27.00S,3,1610612754,IND,101145,Ellis,M. Ellis,0,0,0,,0,,,0,v,Ellis Bad Pass Turnover (P3.T9),Turnover,Bad Pass,1,0
224,226,PT09M27.00S,3,1610612741,CHI,2548,Wade,D. Wade,0,0,0,,0,,,0,h,Wade STEAL (2 STL),,,1,0
225,227,PT09M24.00S,3,1610612754,IND,201952,Teague,J. Teague,0,0,0,,0,,,0,v,Teague S.FOUL (P1.T2) (C.Blair),Foul,Shooting,1,0
226,228,PT09M24.00S,3,1610612741,CHI,2548,Wade,D. Wade,0,0,0,,0,67,46,113,h,Wade Free Throw 1 of 2 (13 PTS),Free Throw,Free Throw 1 of 2,0,0
227,230,PT09M24.00S,3,1610612741,CHI,2548,Wade,D. Wade,0,0,0,,0,68,46,114,h,Wade Free Throw 2 of 2 (14 PTS),Free Throw,Free Throw 2 of 2,0,0
228,232,PT09M14.00S,3,1610612754,IND,202331,George,P. George,-12,242,24,Made,1,68,49,117,v,George 24' 3PT Jump Shot (20 PTS) (Teague 7 AST),Made Shot,Jump Shot,1,0
229,233,PT09M09.00S,3,1610612754,IND,202331,George,P. George,0,0,0,,0,,,0,v,George Personal Block Foul (P1.T3) (Z.Zarba),Foul,Personal Block,1,0
230,234,PT08M52.00S,3,1610612741,CHI,202710,Butler,J. Butler,-132,8,13,Made,1,70,49,119,h,Butler 13' Pullup Jump Shot (16 PTS),Made Shot,Pullup Jump shot,1,0
231,235,PT08M40.00S,3,1610612754,IND,1626167,Turner,M. Turner,0,0,0,,0,,,0,v,Turner Out of Bounds Lost Ball Turnover (P1.T10),Turnover,Out of Bounds Lost Ball Turnover,1,0
232,237,PT08M13.00S,3,1610612741,CHI,2548,Wade,D. Wade,105,8,11,Missed,1,,,0,h,MISS Wade 11' Jump Shot,Missed Shot,Jump Shot,1,0
233,238,PT08M10.00S,3,1610612754,IND,1626167,Turner,M. Turner,0,0,0,,0,,,0,v,Turner REBOUND (Off:0 Def:3),Rebound,Unknown,1,0
234,239,PT08M06.00S,3,1610612754,IND,101145,Ellis,M. Ellis,-25,21,3,Made,1,70,51,121,v,Ellis 3' Layup (2 PTS) (Teague 8 AST),Made Shot,Layup Shot,1,0
235,240,PT07M54.00S,3,1610612754,IND,202331,George,P. George,0,0,0,,0,,,0,v,Kicked Ball,Violation,Kicked Ball,0,0
236,241,PT07M47.00S,3,1610612741,CHI,200765,Rondo,R. Rondo,22,208,21,Made,1,72,51,123,h,Rondo 21' Pullup Jump Shot (4 PTS),Made Shot,Pullup Jump shot,1,0
237,242,PT07M33.00S,3,1610612754,IND,202331,George,P. George,-53,43,7,Missed,1,,,0,v,MISS George 7' Jump Shot,Missed Shot,Jump Shot,1,0
238,243,PT07M32.00S,3,1610612741,CHI,201959,Gibson,T. Gibson,0,0,0,,0,,,0,h,Gibson REBOUND (Off:0 Def:8),Rebound,Unknown,1,0
239,244,PT07M32.00S,3,1610612754,IND,202331,George,P. George,0,0,0,,0,,,0,v,George P.FOUL (P2.T4) (Z.Zarba),Foul,Personal,1,0
240,245,PT07M12.00S,3,1610612741,CHI,202710,Butler,J. Butler,238,-6,24,Missed,1,,,0,h,MISS Butler 24' 3PT Jump Shot,Missed Shot,Jump Shot,1,0
241,246,PT07M11.00S,3,1610612754,IND,101145,Ellis,M. Ellis,0,0,0,,0,,,0,v,Ellis REBOUND (Off:0 Def:2),Rebound,Unknown,1,0
242,248,PT07M01.00S,3,1610612754,IND,1626167,Turner,M. Turner,168,0,17,Made,1,72,53,125,v,Turner 17' Jump Shot (15 PTS) (T. Young 3 AST),Made Shot,Jump Shot,1,0
243,249,PT06M48.00S,3,1610612754,IND,202331,George,P. George,0,0,0,,0,,,0,v,George P.FOUL (P3.PN) (M.Lindsay),Foul,Personal,1,0
244,250,PT06M48.00S,3,1610612741,CHI,200765,Rondo,R. Rondo,0,0,0,,0,73,53,126,h,Rondo Free Throw 1 of 2 (5 PTS),Free Throw,Free Throw 1 of 2,0,0
245,252,PT06M48.00S,3,1610612741,CHI,200765,Rondo,R. Rondo,0,0,0,,0,74,53,127,h,Rondo Free Throw 2 of 2 (6 PTS),Free Throw,Free Throw 2 of 2,0,0
246,254,PT06M44.00S,3,1610612754,IND,202331,George,P. George,0,0,0,,0,,,0,v,George OFF.Foul (P4) (C.Blair),Foul,Offensive,1,0
247,255,PT06M44.00S,3,1610612754,IND,202331,George,P. George,0,0,0,,0,,,0,v,George Foul Turnover (P3.T11),Turnover,Foul,1,0
248,256,PT06M44.00S,3,1610612754,IND,202331,George,P. George,0,0,0,,0,,,0,v,SUB: Miles FOR George,Substitution,,0,0
249,257,PT06M27.00S,3,1610612741,CHI,201959,Gibson,T. Gibson,135,139,19,Made,1,76,53,129,h,Gibson 19' Jump Shot (12 PTS) (Wade 2 AST),Made Shot,Jump Shot,1,0
250,258,PT06M14.00S,3,1610612741,CHI,201577,Lopez,R. Lopez,0,0,0,,0,,,0,h,Lopez S.FOUL (P3.T1) (M.Lindsay),Foul,Shooting,1,0
251,259,PT06M14.00S,3,1610612754,IND,1626167,Turner,M. Turner,0,0,0,,0,76,54,130,v,Turner Free Throw 1 of 2 (16 PTS),Free Throw,Free Throw 1 of 2,0,0
252,261,PT06M14.00S,3,1610612754,IND,1626167,Turner,M. Turner,0,0,0,,0,,,0,v,MISS Turner Free Throw 2 of 2,Free Throw,Free Throw 2 of 2,0,0
253,263,PT06M13.00S,3,1610612741,CHI,201577,Lopez,R. Lopez,0,0,0,,0,,,0,h,Lopez REBOUND (Off:1 Def:2),Rebound,Unknown,1,0
254,264,PT05M51.00S,3,1610612741,CHI,200765,Rondo,R. Rondo,0,0,0,,0,,,0,h,Rondo Bad Pass Turnover (P3.T5),Turnover,Bad Pass,1,0
255,264,PT05M51.00S,3,1610612754,IND,201152,Young,T. Young,0,0,0,,0,,,0,v,T. Young STEAL (1 STL),,,1,0
256,265,PT05M46.00S,3,1610612754,IND,201152,Young,T. Young,-8,21,2,Missed,1,,,0,v,MISS T. Young 2' Layup,Missed Shot,Layup Shot,1,0
257,266,PT05M45.00S,3,1610612741,CHI,202710,Butler,J. Butler,0,0,0,,0,,,0,h,Butler REBOUND (Off:2 Def:2),Rebound,Unknown,1,0
258,267,PT05M39.00S,3,1610612741,CHI,201959,Gibson,T. Gibson,-15,10,2,Missed,1,,,0,h,MISS Gibson 2' Layup,Missed Shot,Layup Shot,1,0
259,267,PT05M39.00S,3,1610612754,IND,101139,Miles,C. Miles,0,0,0,,0,,,0,v,Miles BLOCK (1 BLK),,,1,0
260,268,PT05M37.00S,3,1610612741,CHI,2548,Wade,D. Wade,0,0,0,,0,,,0,h,Wade REBOUND (Off:2 Def:3),Rebound,Unknown,1,0
261,269,PT05M29.00S,3,1610612741,CHI,201577,Lopez,R. Lopez,0,1,0,Made,1,78,54,132,h,Lopez Dunk (8 PTS) (Butler 3 AST),Made Shot,Dunk Shot,1,0
262,270,PT05M29.00S,3,0,,1610612754,,,0,0,0,,0,,,0,v,Pacers Timeout: Regular (Reg.3 Short 1),Timeout,Regular,0,0
263,272,PT05M29.00S,3,1610612741,CHI,2548,Wade,D. Wade,0,0,0,,0,,,0,h,SUB: McDermott FOR Wade,Substitution,,0,0
264,274,PT05M10.00S,3,1610612754,IND,101145,Ellis,M. Ellis,-17,249,25,Missed,1,,,0,v,MISS Ellis 25' 3PT Jump Shot,Missed Shot,Jump Shot,1,0
265,275,PT05M09.00S,3,1610612741,CHI,202710,Butler,J. Butler,0,0,0,,0,,,0,h,Butler REBOUND (Off:2 Def:3),Rebound,Unknown,1,0
266,276,PT04M49.00S,3,1610612741,CHI,200765,Rondo,R. Rondo,0,0,0,,0,,,0,h,Rondo Bad Pass Turnover (P4.T6),Turnover,Bad Pass,1,0
267,276,PT04M49.00S,3,1610612754,IND,201152,Young,T. Young,0,0,0,,0,,,0,v,T. Young STEAL (2 STL),,,1,0
268,277,PT04M42.00S,3,1610612741,CHI,202710,Butler,J. Butler,0,0,0,,0,,,0,h,Butler S.FOUL (P1.T2) (M.Lindsay),Foul,Shooting,1,0
269,278,PT04M42.00S,3,1610612754,IND,1626167,Turner,M. Turner,0,0,0,,0,78,55,133,v,Turner Free Throw 1 of 2 (17 PTS),Free Throw,Free Throw 1 of 2,0,0
270,280,PT04M42.00S,3,1610612754,IND,1626167,Turner,M. Turner,0,0,0,,0,78,56,134,v,Turner Free Throw 2 of 2 (18 PTS),Free Throw,Free Throw 2 of 2,0,0
271,282,PT04M27.00S,3,1610612741,CHI,203926,McDermott,D. McDermott,-24,257,26,Made,1,81,56,137,h,McDermott 26' 3PT Jump Shot (12 PTS) (Rondo 12 AST),Made Shot,Jump Shot,1,0
272,283,PT04M15.00S,3,1610612754,IND,201952,Teague,J. Teague,35,193,20,Missed,1,,,0,v,MISS Teague 20' Jump Shot,Missed Shot,Jump Shot,1,0
273,285,PT04M14.00S,3,1610612754,IND,1626167,Turner,M. Turner,0,0,0,,0,,,0,v,Turner REBOUND (Off:1 Def:3),Rebound,Unknown,1,0
274,284,PT04M14.00S,3,1610612754,IND,1626167,Turner,M. Turner,0,1,0,Made,1,81,58,139,v,Turner Putback Dunk (20 PTS),Made Shot,Putback Dunk Shot,1,0
275,286,PT04M09.00S,3,1610612741,CHI,201577,Lopez,R. Lopez,0,1,0,Made,1,83,58,141,h,Lopez Dunk (10 PTS) (Rondo 13 AST),Made Shot,Dunk Shot,1,0
276,287,PT03M50.00S,3,1610612741,CHI,202710,Butler,J. Butler,0,0,0,,0,,,0,h,Butler P.FOUL (P2.T3) (Z.Zarba),Foul,Personal,1,0
277,289,PT03M50.00S,3,1610612754,IND,201152,Young,T. Young,0,0,0,,0,,,0,v,SUB: Jefferson FOR T. Young,Substitution,,0,0
278,290,PT03M50.00S,3,1610612754,IND,1626167,Turner,M. Turner,0,0,0,,0,,,0,v,SUB: Niang FOR Turner,Substitution,,0,0
279,292,PT03M50.00S,3,1610612741,CHI,201959,Gibson,T. Gibson,0,0,0,,0,,,0,h,SUB: Carter-Williams FOR Gibson,Substitution,,0,0
280,293,PT03M50.00S,3,1610612741,CHI,200765,Rondo,R. Rondo,0,0,0,,0,,,0,h,SUB: Mirotic FOR Rondo,Substitution,,0,0
281,291,PT03M40.00S,3,1610612754,IND,101139,Miles,C. Miles,-35,247,25,Made,1,83,61,144,v,Miles 25' 3PT Jump Shot (3 PTS) (Ellis 5 AST),Made Shot,Jump Shot,1,0
282,294,PT03M22.00S,3,1610612741,CHI,203487,Carter-Williams,M. Carter-Williams,-7,85,9,Made,1,85,61,146,h,Carter-Williams 9' Fadeaway Jumper (2 PTS) (McDermott 2 AST),Made Shot,Fadeaway Jump Shot,1,0
283,295,PT03M09.00S,3,1610612754,IND,1627777,Niang,G. Niang,0,0,0,,0,,,0,v,Niang Lost Ball Turnover (P1.T12),Turnover,Lost Ball,1,0
284,295,PT03M09.00S,3,1610612741,CHI,203926,McDermott,D. McDermott,0,0,0,,0,,,0,h,McDermott STEAL (1 STL),,,1,0
285,296,PT03M05.00S,3,1610612741,CHI,203487,Carter-Williams,M. Carter-Williams,0,0,0,,0,,,0,h,Carter-Williams Lost Ball Turnover (P2.T7),Turnover,Lost Ball,1,0
286,296,PT03M05.00S,3,1610612754,IND,201952,Teague,J. Teague,0,0,0,,0,,,0,v,Teague STEAL (2 STL),,,1,0
287,297,PT03M01.00S,3,1610612754,IND,201952,Teague,J. Teague,-15,19,2,Missed,1,,,0,v,MISS Teague 2' Layup,Missed Shot,Layup Shot,1,0
288,297,PT03M01.00S,3,1610612741,CHI,201577,Lopez,R. Lopez,0,0,0,,0,,,0,h,Lopez BLOCK (1 BLK),,,1,0
289,298,PT03M01.00S,3,0,,1610612754,,,0,0,0,,0,,,0,v,Pacers Rebound,Rebound,Unknown,0,0
290,299,PT03M01.00S,3,1610612741,CHI,202710,Butler,J. Butler,0,0,0,,0,,,0,h,SUB: Canaan FOR Butler,Substitution,,0,0
291,300,PT02M57.00S,3,1610612754,IND,101139,Miles,C. Miles,-184,-1,18,Missed,1,,,0,v,MISS Miles 18' Jump Shot,Missed Shot,Jump Shot,1,0
292,301,PT02M56.00S,3,1610612741,CHI,201577,Lopez,R. Lopez,0,0,0,,0,,,0,h,Lopez REBOUND (Off:1 Def:3),Rebound,Unknown,1,0
293,302,PT02M42.00S,3,1610612741,CHI,203487,Carter-Williams,M. Carter-Williams,123,213,25,Missed,1,,,0,h,MISS Carter-Williams 25' 3PT Jump Shot,Missed Shot,Jump Shot,1,0
294,303,PT02M41.00S,3,1610612741,CHI,201577,Lopez,R. Lopez,0,0,0,,0,,,0,h,Lopez REBOUND (Off:2 Def:3),Rebound,Unknown,1,0
295,304,PT02M38.00S,3,1610612741,CHI,203477,Canaan,I. Canaan,-56,244,25,Made,1,88,61,149,h,Canaan 25' 3PT Jump Shot (8 PTS) (Lopez 2 AST),Made Shot,Jump Shot,1,0
296,305,PT02M21.00S,3,1610612741,CHI,203487,Carter-Williams,M. Carter-Williams,0,0,0,,0,,,0,h,Carter-Williams P.FOUL (P1.T4) (Z.Zarba),Foul,Personal,1,0
297,306,PT02M21.00S,3,0,,1610612741,,,0,0,0,,0,,,0,h,BULLS Timeout: Regular (Full 3 Short 1),Timeout,Regular,0,0
298,309,PT02M21.00S,3,1610612754,IND,201952,Teague,J. Teague,0,0,0,,0,,,0,v,SUB: J. Young FOR Teague,Substitution,,0,0
299,310,PT02M12.00S,3,1610612754,IND,101139,Miles,C. Miles,-24,0,2,Made,1,88,63,151,v,Miles 2' Driving Layup (5 PTS) (J. Young 1 AST),Made Shot,Driving Layup Shot,1,0
300,311,PT01M57.00S,3,1610612741,CHI,203487,Carter-Williams,M. Carter-Williams,0,0,0,,0,,,0,h,Carter-Williams Traveling Turnover (P3.T8),Turnover,Traveling,1,0
301,312,PT01M47.00S,3,1610612754,IND,2744,Jefferson,A. Jefferson,45,120,13,Missed,1,,,0,v,MISS Jefferson 13' Jump Shot,Missed Shot,Jump Shot,1,0
302,313,PT01M45.00S,3,1610612754,IND,1627777,Niang,G. Niang,0,0,0,,0,,,0,v,Niang REBOUND (Off:1 Def:0),Rebound,Unknown,1,0
303,314,PT01M39.00S,3,1610612754,IND,101145,Ellis,M. Ellis,71,139,16,Missed,1,,,0,v,MISS Ellis 16' Jump Shot,Missed Shot,Jump Shot,1,0
304,316,PT01M38.00S,3,1610612754,IND,2744,Jefferson,A. Jefferson,0,0,0,,0,,,0,v,Jefferson REBOUND (Off:1 Def:1),Rebound,Unknown,1,0
305,315,PT01M38.00S,3,1610612754,IND,2744,Jefferson,A. Jefferson,1,31,3,Made,1,88,65,153,v,Jefferson 3' Layup (6 PTS),Made Shot,Layup Shot,1,0
306,317,PT01M23.00S,3,1610612754,IND,101139,Miles,C. Miles,0,0,0,,0,,,0,v,Miles S.FOUL (P2.PN) (M.Lindsay),Foul,Shooting,1,0
307,318,PT01M23.00S,3,1610612741,CHI,201577,Lopez,R. Lopez,0,0,0,,0,89,65,154,h,Lopez Free Throw 1 of 2 (11 PTS),Free Throw,Free Throw 1 of 2,0,0
308,320,PT01M23.00S,3,1610612741,CHI,201577,Lopez,R. Lopez,0,0,0,,0,90,65,155,h,Lopez Free Throw 2 of 2 (12 PTS),Free Throw,Free Throw 2 of 2,0,0
309,322,PT00M59.60S,3,1610612754,IND,101145,Ellis,M. Ellis,-1,36,4,Missed,1,,,0,v,MISS Ellis 4' Jump Shot,Missed Shot,Jump Shot,1,0
310,322,PT00M59.60S,3,1610612741,CHI,201577,Lopez,R. Lopez,0,0,0,,0,,,0,h,Lopez BLOCK (2 BLK),,,1,0
311,323,PT00M57.90S,3,1610612741,CHI,201577,Lopez,R. Lopez,0,0,0,,0,,,0,h,Lopez REBOUND (Off:2 Def:4),Rebound,Unknown,1,0
312,324,PT00M54.80S,3,1610612741,CHI,203926,McDermott,D. McDermott,0,0,0,,0,,,0,h,McDermott Out of Bounds Lost Ball Turnover (P1.T9),Turnover,Out of Bounds Lost Ball Turnover,1,0
313,326,PT00M34.80S,3,1610612754,IND,1627777,Niang,G. Niang,28,31,4,Made,1,90,67,157,v,Niang 4' Jump Shot (2 PTS) (Jefferson 1 AST),Made Shot,Jump Shot,1,0
314,327,PT00M27.20S,3,1610612754,IND,2744,Jefferson,A. Jefferson,0,0,0,,0,,,0,v,Jefferson S.FOUL (P1.PN) (C.Blair),Foul,Shooting,1,0
315,328,PT00M27.20S,3,1610612741,CHI,203487,Carter-Williams,M. Carter-Williams,0,0,0,,0,91,67,158,h,Carter-Williams Free Throw 1 of 2 (3 PTS),Free Throw,Free Throw 1 of 2,0,0
316,330,PT00M27.20S,3,1610612754,IND,101145,Ellis,M. Ellis,0,0,0,,0,,,0,v,SUB: Robinson III FOR Ellis,Substitution,,0,0
317,331,PT00M27.20S,3,1610612741,CHI,201577,Lopez,R. Lopez,0,0,0,,0,,,0,h,SUB: Felicio FOR Lopez,Substitution,,0,0
318,332,PT00M27.20S,3,1610612741,CHI,203487,Carter-Williams,M. Carter-Williams,0,0,0,,0,92,67,159,h,Carter-Williams Free Throw 2 of 2 (4 PTS),Free Throw,Free Throw 2 of 2,0,0
319,334,PT00M09.90S,3,1610612754,IND,101139,Miles,C. Miles,22,21,3,Missed,1,,,0,v,MISS Miles 3' Jump Shot,Missed Shot,Jump Shot,1,0
320,335,PT00M08.90S,3,1610612741,CHI,203926,McDermott,D. McDermott,0,0,0,,0,,,0,h,McDermott REBOUND (Off:0 Def:3),Rebound,Unknown,1,0
321,336,PT00M00.10S,3,1610612741,CHI,203477,Canaan,I. Canaan,153,195,25,Missed,1,,,0,h,MISS Canaan 25' 3PT Jump Shot,Missed Shot,Jump Shot,1,0
322,338,PT00M00.00S,3,0,,1610612741,,,0,0,0,,0,,,0,h,BULLS Rebound,Rebound,Unknown,0,0
323,337,PT00M00.00S,3,0,,0,,,0,0,0,,0,92,67,159,,End of 3rd Period (9:43 PM EST),period,end,0,0
324,340,PT12M00.00S,4,0,,0,,,0,0,0,,0,92,67,159,,Start of 4th Period (9:46 PM EST),period,start,0,0
325,341,PT11M47.00S,4,1610612741,CHI,202703,Mirotic,N. Mirotic,-47,247,25,Missed,1,,,0,h,MISS Mirotic 25' 3PT Jump Shot,Missed Shot,Jump Shot,1,0
326,342,PT11M46.00S,4,1610612754,IND,2744,Jefferson,A. Jefferson,0,0,0,,0,,,0,v,Jefferson REBOUND (Off:1 Def:2),Rebound,Unknown,1,0
327,343,PT11M39.00S,4,1610612754,IND,101139,Miles,C. Miles,-173,183,25,Missed,1,,,0,v,MISS Miles 25' 3PT Jump Shot,Missed Shot,Jump Shot,1,0
328,344,PT11M37.00S,4,1610612754,IND,203922,Robinson III,G. Robinson III,0,0,0,,0,,,0,v,Robinson III REBOUND (Off:2 Def:1),Rebound,Unknown,1,0
329,345,PT11M26.00S,4,1610612741,CHI,203926,McDermott,D. McDermott,0,0,0,,0,,,0,h,BULLS T.Foul (Def. 3 Sec McDermott ) (M.Lindsay),Foul,Defense 3 Second,1,0
330,346,PT11M26.00S,4,1610612754,IND,1626202,Young,J. Young,0,0,0,,0,92,68,160,v,J. Young Free Throw Technical (1 PTS),Free Throw,Free Throw Technical,0,0
331,348,PT11M19.00S,4,1610612754,IND,1626202,Young,J. Young,-142,21,14,Missed,1,,,0,v,MISS J. Young 14' Jump Shot,Missed Shot,Jump Shot,1,0
332,349,PT11M18.00S,4,1610612741,CHI,203926,McDermott,D. McDermott,0,0,0,,0,,,0,h,McDermott REBOUND (Off:0 Def:4),Rebound,Unknown,1,0
333,350,PT11M10.00S,4,1610612741,CHI,203926,McDermott,D. McDermott,-153,193,25,Made,1,95,68,163,h,McDermott 25' 3PT Jump Shot (15 PTS) (Canaan 1 AST),Made Shot,Jump Shot,1,0
334,351,PT10M53.00S,4,1610612754,IND,101139,Miles,C. Miles,9,208,21,Made,1,95,70,165,v,Miles 21' Pullup Jump Shot (7 PTS) (Jefferson 2 AST),Made Shot,Pullup Jump shot,1,0
335,352,PT10M40.00S,4,1610612741,CHI,203926,McDermott,D. McDermott,15,198,20,Made,1,97,70,167,h,McDermott 20' Jump Shot (17 PTS) (Carter-Williams 3 AST),Made Shot,Jump Shot,1,0
336,353,PT10M20.00S,4,1610612754,IND,1627777,Niang,G. Niang,0,0,0,,0,,,0,v,Niang Out of Bounds - Bad Pass Turnover Turnover (P2.T13),Turnover,Out of Bounds - Bad Pass Turnover,1,0
337,354,PT10M07.00S,4,1610612741,CHI,203487,Carter-Williams,M. Carter-Williams,0,0,0,,0,,,0,h,Carter-Williams Bad Pass Turnover (P4.T10),Turnover,Bad Pass,1,0
338,354,PT10M07.00S,4,1610612754,IND,101139,Miles,C. Miles,0,0,0,,0,,,0,v,Miles STEAL (1 STL),,,1,0
339,355,PT10M05.00S,4,1610612754,IND,203922,Robinson III,G. Robinson III,24,11,3,Made,1,97,72,169,v,Robinson III 3' Running Layup (4 PTS) (Miles 1 AST),Made Shot,Running Layup Shot,1,0
340,356,PT10M05.00S,4,1610612741,CHI,203477,Canaan,I. Canaan,0,0,0,,0,,,0,h,Canaan S.FOUL (P1.T1) (C.Blair),Foul,Shooting,1,0
341,357,PT10M05.00S,4,1610612754,IND,203922,Robinson III,G. Robinson III,0,0,0,,0,97,73,170,v,Robinson III Free Throw 1 of 1 (5 PTS),Free Throw,Free Throw 1 of 1,0,0
342,360,PT09M40.00S,4,1610612741,CHI,202703,Mirotic,N. Mirotic,0,1,0,Made,1,99,73,172,h,Mirotic Dunk (8 PTS) (McDermott 3 AST),Made Shot,Dunk Shot,1,0
343,361,PT09M22.00S,4,1610612754,IND,1627777,Niang,G. Niang,28,2,3,Missed,1,,,0,v,MISS Niang 3' Layup,Missed Shot,Layup Shot,1,0
344,361,PT09M22.00S,4,1610612741,CHI,203487,Carter-Williams,M. Carter-Williams,0,0,0,,0,,,0,h,Carter-Williams BLOCK (2 BLK),,,1,0
345,362,PT09M21.00S,4,1610612741,CHI,203487,Carter-Williams,M. Carter-Williams,0,0,0,,0,,,0,h,Carter-Williams REBOUND (Off:0 Def:1),Rebound,Unknown,1,0
346,363,PT09M15.00S,4,1610612741,CHI,203926,McDermott,D. McDermott,-240,-15,24,Made,1,102,73,175,h,McDermott 24' 3PT Jump Shot (20 PTS) (Canaan 2 AST),Made Shot,Jump Shot,1,0
347,364,PT09M02.00S,4,1610612741,CHI,1626245,Felicio,C. Felicio,0,0,0,,0,,,0,h,Felicio S.FOUL (P2.T2) (Z.Zarba),Foul,Shooting,1,0
348,365,PT09M02.00S,4,1610612754,IND,203922,Robinson III,G. Robinson III,0,0,0,,0,102,74,176,v,Robinson III Free Throw 1 of 2 (6 PTS),Free Throw,Free Throw 1 of 2,0,0
349,367,PT09M02.00S,4,1610612754,IND,203922,Robinson III,G. Robinson III,0,0,0,,0,102,75,177,v,Robinson III Free Throw 2 of 2 (7 PTS),Free Throw,Free Throw 2 of 2,0,0
350,402,PT08M47.00S,4,1610612741,CHI,202703,Mirotic,N. Mirotic,-6,26,3,Missed,1,,,0,h,MISS Mirotic 3' Layup,Missed Shot,Layup Shot,1,0
351,402,PT08M47.00S,4,1610612754,IND,101139,Miles,C. Miles,0,0,0,,0,,,0,v,Miles BLOCK (2 BLK),,,1,0
352,403,PT08M47.00S,4,1610612741,CHI,202703,Mirotic,N. Mirotic,0,0,0,,0,,,0,h,Mirotic REBOUND (Off:1 Def:1),Rebound,Unknown,1,0
353,369,PT08M47.00S,4,1610612741,CHI,202703,Mirotic,N. Mirotic,-10,4,1,Missed,1,,,0,h,MISS Mirotic 1' Layup,Missed Shot,Layup Shot,1,0
354,370,PT08M47.00S,4,0,,1610612741,,,0,0,0,,0,,,0,h,BULLS Rebound,Rebound,Unknown,1,0
355,371,PT08M47.00S,4,1610612754,IND,2744,Jefferson,A. Jefferson,0,0,0,,0,,,0,v,Jefferson L.B.FOUL (P2.T1) (Z.Zarba),Foul,Loose Ball,1,0
356,372,PT08M47.00S,4,0,,0,,,0,0,0,,0,,,0,,Timeout: Regular,Timeout,Regular,0,0
357,373,PT08M47.00S,4,0,,360,,,0,0,0,,0,,,0,,Support Ruling,Instant Replay,Support Ruling,0,0
358,376,PT08M47.00S,4,1610612754,IND,2744,Jefferson,A. Jefferson,0,0,0,,0,,,0,v,SUB: Seraphin FOR Jefferson,Substitution,,0,0
359,377,PT08M34.00S,4,1610612741,CHI,203487,Carter-Williams,M. Carter-Williams,-12,43,4,Missed,1,,,0,h,MISS Carter-Williams 4' Jump Shot,Missed Shot,Jump Shot,1,0
360,378,PT08M33.00S,4,1610612754,IND,1626202,Young,J. Young,0,0,0,,0,,,0,v,J. Young REBOUND (Off:0 Def:1),Rebound,Unknown,1,0
361,379,PT08M28.00S,4,1610612754,IND,101139,Miles,C. Miles,30,23,4,Made,1,102,77,179,v,Miles 4' Cutting Layup Shot (9 PTS) (J. Young 2 AST),Made Shot,Cutting Layup Shot,1,0
362,380,PT08M11.00S,4,1610612741,CHI,203926,McDermott,D. McDermott,38,57,7,Missed,1,,,0,h,MISS McDermott 7' Jump Shot,Missed Shot,Jump Shot,1,0
363,381,PT08M10.00S,4,1610612754,IND,202338,Seraphin,K. Seraphin,0,0,0,,0,,,0,v,Seraphin REBOUND (Off:0 Def:1),Rebound,Unknown,1,0
364,382,PT08M00.00S,4,1610612754,IND,1627777,Niang,G. Niang,-230,-5,0,Missed,1,,,0,v,MISS Niang 3PT Jump Shot,Missed Shot,Jump Shot,1,0
365,383,PT07M58.00S,4,1610612741,CHI,202703,Mirotic,N. Mirotic,0,0,0,,0,,,0,h,Mirotic REBOUND (Off:1 Def:2),Rebound,Unknown,1,0
366,384,PT07M50.00S,4,1610612741,CHI,203487,Carter-Williams,M. Carter-Williams,33,3,3,Missed,1,,,0,h,MISS Carter-Williams 3' Driving Layup,Missed Shot,Driving Layup Shot,1,0
367,386,PT07M48.00S,4,1610612741,CHI,1626245,Felicio,C. Felicio,0,0,0,,0,,,0,h,Felicio REBOUND (Off:1 Def:4),Rebound,Unknown,1,0
368,385,PT07M48.00S,4,1610612741,CHI,1626245,Felicio,C. Felicio,-19,16,2,Missed,1,,,0,h,MISS Felicio 2' Tip Layup Shot,Missed Shot,Tip Layup Shot,1,0
369,388,PT07M47.00S,4,1610612741,CHI,1626245,Felicio,C. Felicio,0,0,0,,0,,,0,h,Felicio REBOUND (Off:2 Def:4),Rebound,Unknown,1,0
370,387,PT07M47.00S,4,1610612741,CHI,1626245,Felicio,C. Felicio,-19,11,2,Made,1,104,77,181,h,Felicio 2' Tip Layup Shot (4 PTS),Made Shot,Tip Layup Shot,1,0
371,389,PT07M30.00S,4,1610612754,IND,203922,Robinson III,G. Robinson III,24,11,3,Made,1,104,79,183,v,Robinson III 3' Cutting Layup Shot (9 PTS) (Seraphin 1 AST),Made Shot,Cutting Layup Shot,1,0
372,390,PT07M16.00S,4,1610612741,CHI,202703,Mirotic,N. Mirotic,-225,-16,0,Missed,1,,,0,h,MISS Mirotic 3PT Jump Shot,Missed Shot,Jump Shot,1,0
373,391,PT07M15.00S,4,1610612754,IND,101139,Miles,C. Miles,0,0,0,,0,,,0,v,Miles REBOUND (Off:0 Def:1),Rebound,Unknown,1,0
374,392,PT07M06.00S,4,1610612754,IND,1627777,Niang,G. Niang,-29,7,3,Made,1,104,81,185,v,Niang 3' Reverse Layup (4 PTS) (Miles 2 AST),Made Shot,Reverse Layup Shot,1,0
375,393,PT06M43.00S,4,1610612754,IND,202338,Seraphin,K. Seraphin,0,0,0,,0,,,0,v,Seraphin S.FOUL (P2.T2) (M.Lindsay),Foul,Shooting,1,0
376,394,PT06M43.00S,4,1610612741,CHI,1626245,Felicio,C. Felicio,0,0,0,,0,105,81,186,h,Felicio Free Throw 1 of 2 (5 PTS),Free Throw,Free Throw 1 of 2,0,0
377,396,PT06M43.00S,4,1610612754,IND,101139,Miles,C. Miles,0,0,0,,0,,,0,v,SUB: Christmas FOR Miles,Substitution,,0,0
378,397,PT06M43.00S,4,1610612741,CHI,202703,Mirotic,N. Mirotic,0,0,0,,0,,,0,h,SUB: Portis FOR Mirotic,Substitution,,0,0
379,398,PT06M43.00S,4,1610612741,CHI,1626245,Felicio,C. Felicio,0,0,0,,0,,,0,h,MISS Felicio Free Throw 2 of 2,Free Throw,Free Throw 2 of 2,0,0
380,400,PT06M41.00S,4,1610612754,IND,1626202,Young,J. Young,0,0,0,,0,,,0,v,J. Young REBOUND (Off:0 Def:2),Rebound,Unknown,1,0
381,401,PT06M40.00S,4,0,,1610612754,,,0,0,0,,0,,,0,v,Pacers Timeout: Regular (Reg.4 Short 1),Timeout,Regular,0,0
382,407,PT06M20.00S,4,1610612754,IND,202338,Seraphin,K. Seraphin,0,1,0,Made,1,105,83,188,v,Seraphin Dunk (2 PTS),Made Shot,Dunk Shot,1,0
383,408,PT05M56.00S,4,1610612741,CHI,1626171,Portis,B. Portis,-14,61,6,Missed,1,,,0,h,MISS Portis 6' Jump Shot,Missed Shot,Jump Shot,1,0
384,409,PT05M55.00S,4,1610612754,IND,1626176,Christmas,R. Christmas,0,0,0,,0,,,0,v,Christmas REBOUND (Off:0 Def:1),Rebound,Unknown,1,0
385,410,PT05M45.00S,4,1610612754,IND,1626202,Young,J. Young,189,16,19,Made,1,105,85,190,v,J. Young 19' Jump Shot (3 PTS) (Seraphin 2 AST),Made Shot,Jump Shot,1,0
386,411,PT05M32.00S,4,1610612741,CHI,203487,Carter-Williams,M. Carter-Williams,53,115,13,Missed,1,,,0,h,MISS Carter-Williams 13' Jump Shot,Missed Shot,Jump Shot,1,0
387,413,PT05M30.00S,4,1610612741,CHI,1626171,Portis,B. Portis,0,0,0,,0,,,0,h,Portis REBOUND (Off:1 Def:0),Rebound,Unknown,1,0
388,412,PT05M30.00S,4,1610612741,CHI,1626171,Portis,B. Portis,-29,11,3,Missed,1,,,0,h,MISS Portis 3' Layup,Missed Shot,Layup Shot,1,0
389,414,PT05M29.00S,4,1610612741,CHI,1626245,Felicio,C. Felicio,0,0,0,,0,,,0,h,Felicio REBOUND (Off:3 Def:4),Rebound,Unknown,1,0
390,415,PT05M20.00S,4,1610612741,CHI,203477,Canaan,I. Canaan,104,218,24,Made,1,108,85,193,h,Canaan 24' 3PT Jump Shot (11 PTS) (Portis 1 AST),Made Shot,Jump Shot,1,0
391,416,PT05M07.00S,4,1610612754,IND,1626176,Christmas,R. Christmas,30,203,21,Missed,1,,,0,v,MISS Christmas 21' Jump Shot,Missed Shot,Jump Shot,1,0
392,417,PT05M06.00S,4,1610612754,IND,202338,Seraphin,K. Seraphin,0,0,0,,0,,,0,v,Seraphin REBOUND (Off:1 Def:1),Rebound,Unknown,1,0
393,418,PT05M05.00S,4,1610612754,IND,202338,Seraphin,K. Seraphin,10,23,3,Made,1,108,87,195,v,Seraphin 3' Turnaround Hook Shot (4 PTS),Made Shot,Turnaround Hook Shot,1,0
394,419,PT04M48.00S,4,1610612741,CHI,203487,Carter-Williams,M. Carter-Williams,114,26,12,Missed,1,,,0,h,MISS Carter-Williams 12' Floating Jump Shot,Missed Shot,Floating Jump shot,1,0
395,420,PT04M47.00S,4,1610612754,IND,202338,Seraphin,K. Seraphin,0,0,0,,0,,,0,v,Seraphin REBOUND (Off:1 Def:2),Rebound,Unknown,1,0
396,421,PT04M47.00S,4,1610612741,CHI,203487,Carter-Williams,M. Carter-Williams,0,0,0,,0,,,0,h,Carter-Williams P.FOUL (P2.T3) (Z.Zarba),Foul,Personal,1,0
397,422,PT04M47.00S,4,1610612741,CHI,203477,Canaan,I. Canaan,0,0,0,,0,,,0,h,SUB: Valentine FOR Canaan,Substitution,,0,0
398,423,PT04M47.00S,4,0,,1610612741,,,0,0,0,,0,,,0,h,BULLS Violation: Delay of game Violation,Violation,Delay Of Game,0,0
399,424,PT04M36.00S,4,1610612754,IND,1626202,Young,J. Young,38,259,26,Made,1,108,90,198,v,J. Young 26' 3PT Jump Shot (6 PTS),Made Shot,Jump Shot,1,0
400,425,PT04M21.00S,4,1610612741,CHI,203926,McDermott,D. McDermott,-233,-15,0,Made,1,111,90,201,h,McDermott 3PT Jump Shot (23 PTS) (Carter-Williams 4 AST),Made Shot,Jump Shot,1,0
401,426,PT04M06.00S,4,1610612754,IND,1626202,Young,J. Young,0,31,3,Made,1,111,92,203,v,J. Young 3' Finger Roll Layup (8 PTS) (Christmas 1 AST),Made Shot,Finger Roll Layup Shot,1,0
402,427,PT03M51.00S,4,1610612741,CHI,1626171,Portis,B. Portis,-1,183,18,Missed,1,,,0,h,MISS Portis 18' Jump Shot,Missed Shot,Jump Shot,1,0
403,428,PT03M50.00S,4,1610612754,IND,202338,Seraphin,K. Seraphin,0,0,0,,0,,,0,v,Seraphin REBOUND (Off:1 Def:3),Rebound,Unknown,1,0
404,429,PT03M41.00S,4,1610612754,IND,203922,Robinson III,G. Robinson III,-207,-15,21,Made,1,111,94,205,v,Robinson III 21' Jump Shot (11 PTS) (J. Young 3 AST),Made Shot,Jump Shot,1,0
405,430,PT03M26.00S,4,1610612741,CHI,1627756,Valentine,D. Valentine,0,0,0,,0,,,0,h,Valentine Out of Bounds - Bad Pass Turnover Turnover (P1.T11),Turnover,Out of Bounds - Bad Pass Turnover,1,0
406,431,PT03M26.00S,4,1610612741,CHI,203926,McDermott,D. McDermott,0,0,0,,0,,,0,h,SUB: Zipser FOR McDermott,Substitution,,0,0
407,432,PT03M09.00S,4,1610612754,IND,202338,Seraphin,K. Seraphin,-61,18,6,Made,1,111,96,207,v,Seraphin 6' Jump Bank Shot (6 PTS),Made Shot,Jump Bank Shot,1,0
408,433,PT02M56.00S,4,1610612754,IND,1626176,Christmas,R. Christmas,0,0,0,,0,,,0,v,Christmas S.FOUL (P1.T3) (Z.Zarba),Foul,Shooting,1,0
409,434,PT02M56.00S,4,0,,1610612741,,,0,0,0,,0,,,0,h,BULLS Timeout: Regular (Full 4 Short 1),Timeout,Regular,0,0
410,436,PT02M56.00S,4,1610612741,CHI,203487,Carter-Williams,M. Carter-Williams,0,0,0,,0,,,0,h,MISS Carter-Williams Free Throw 1 of 2,Free Throw,Free Throw 1 of 2,0,0
411,437,PT02M56.00S,4,0,,1610612741,,,0,0,0,,0,,,0,h,BULLS Rebound,Rebound,Normal Rebound,0,0
412,438,PT02M56.00S,4,1610612741,CHI,203487,Carter-Williams,M. Carter-Williams,0,0,0,,0,112,96,208,h,Carter-Williams Free Throw 2 of 2 (5 PTS),Free Throw,Free Throw 2 of 2,0,0
413,440,PT02M38.00S,4,1610612754,IND,202338,Seraphin,K. Seraphin,81,13,8,Made,1,112,98,210,v,Seraphin 8' Jump Shot (8 PTS),Made Shot,Jump Shot,1,0
414,441,PT02M20.00S,4,1610612741,CHI,1627756,Valentine,D. Valentine,-232,-24,0,Missed,1,,,0,h,MISS Valentine 3PT Jump Shot,Missed Shot,Jump Shot,1,0
415,442,PT02M19.00S,4,1610612754,IND,1627777,Niang,G. Niang,0,0,0,,0,,,0,v,Niang REBOUND (Off:1 Def:1),Rebound,Unknown,1,0
416,443,PT02M14.00S,4,1610612754,IND,1626202,Young,J. Young,-142,193,24,Made,1,112,101,213,v,J. Young 24' 3PT Jump Shot (11 PTS) (Niang 1 AST),Made Shot,Jump Shot,1,0
417,444,PT02M00.00S,4,1610612741,CHI,1626245,Felicio,C. Felicio,4,195,20,Made,1,114,101,215,h,Felicio 20' Jump Shot (7 PTS) (Carter-Williams 5 AST),Made Shot,Jump Shot,1,0
418,445,PT01M46.00S,4,1610612754,IND,203922,Robinson III,G. Robinson III,163,193,25,Missed,1,,,0,v,MISS Robinson III 25' 3PT Jump Shot,Missed Shot,Jump Shot,1,0
419,446,PT01M45.00S,4,1610612741,CHI,1627835,Zipser,P. Zipser,0,0,0,,0,,,0,h,Zipser REBOUND (Off:0 Def:1),Rebound,Unknown,1,0
420,448,PT01M33.00S,4,1610612741,CHI,203487,Carter-Williams,M. Carter-Williams,64,46,8,Made,1,116,101,217,h,Carter-Williams 8' Jump Shot (7 PTS),Made Shot,Jump Shot,1,0
421,449,PT01M24.00S,4,1610612741,CHI,203487,Carter-Williams,M. Carter-Williams,0,0,0,,0,,,0,h,Kicked Ball,Violation,Kicked Ball,0,0
422,450,PT01M15.00S,4,1610612754,IND,1626202,Young,J. Young,-232,2,0,Missed,1,,,0,v,MISS J. Young 3PT Jump Shot,Missed Shot,Jump Shot,1,0
423,451,PT01M15.00S,4,0,,1610612741,,,0,0,0,,0,,,0,h,BULLS Rebound,Rebound,Unknown,0,0
424,452,PT01M01.00S,4,1610612741,CHI,1627756,Valentine,D. Valentine,0,0,0,,0,,,0,h,Valentine Out of Bounds - Bad Pass Turnover Turnover (P2.T12),Turnover,Out of Bounds - Bad Pass Turnover,1,0
425,453,PT00M39.40S,4,1610612754,IND,1627777,Niang,G. Niang,32,249,25,Missed,1,,,0,v,MISS Niang 25' 3PT Jump Shot,Missed Shot,Jump Shot,1,0
426,454,PT00M38.40S,4,1610612741,CHI,1627756,Valentine,D. Valentine,0,0,0,,0,,,0,h,Valentine REBOUND (Off:0 Def:1),Rebound,Unknown,1,0
427,455,PT00M24.60S,4,1610612741,CHI,1626245,Felicio,C. Felicio,-13,4,1,Missed,1,,,0,h,MISS Felicio 1' Layup,Missed Shot,Layup Shot,1,0
428,455,PT00M24.60S,4,1610612754,IND,202338,Seraphin,K. Seraphin,0,0,0,,0,,,0,v,Seraphin BLOCK (1 BLK),,,1,0
429,457,PT00M24.60S,4,1610612741,CHI,1626171,Portis,B. Portis,0,0,0,,0,,,0,h,Portis REBOUND (Off:2 Def:0),Rebound,Unknown,1,0
430,456,PT00M24.60S,4,1610612741,CHI,1626171,Portis,B. Portis,32,11,3,Made,1,118,101,219,h,Portis 3' Layup (2 PTS),Made Shot,Layup Shot,1,0
431,458,PT00M10.90S,4,1610612754,IND,202338,Seraphin,K. Seraphin,-129,80,15,Missed,1,,,0,v,MISS Seraphin 15' Jump Shot,Missed Shot,Jump Shot,1,0
432,459,PT00M09.80S,4,1610612741,CHI,1626245,Felicio,C. Felicio,0,0,0,,0,,,0,h,Felicio REBOUND (Off:3 Def:5),Rebound,Unknown,1,0
433,460,PT00M00.00S,4,0,,0,,,0,0,0,,0,118,101,219,,End of 4th Period (10:11 PM EST),period,end,0,0
