actionId,actionNumber,clock,period,teamId,teamTricode,personId,playerName,playerNameI,xLegacy,yLegacy,shotDistance,shotResult,isFieldGoal,scoreHome,scoreAway,pointsTotal,location,description,actionType,subType,videoAvailable,shotValue
1,0,PT12M00.00S,1,0,,0,,,0,0,0,,0,0,0,0,,Start of 1st Period (10:46 PM EST),period,start,0,0
2,1,PT12M00.00S,1,1610612762,UTA,2246,Okur,M. Okur,0,0,0,,0,0,0,0,h,Jump Ball Okur vs. Yao: Tip to Scola,Jump Ball,,0,0
3,2,PT11M45.00S,1,1610612745,HOU,2203,Battier,S. Battier,-75,6,8,Made,1,0,2,2,v,Battier 8' Hook Shot (2 PTS),Made Shot,Hook Shot,0,0
4,3,PT11M30.00S,1,1610612762,UTA,2246,Okur,M. Okur,-38,47,6,Missed,1,0,0,0,h,MISS Okur 6' Running Jump Shot,Missed Shot,Running Jump Shot,0,0
5,4,PT11M29.00S,1,1610612745,HOU,2397,Yao,Yao,0,0,0,,0,0,0,0,v,Yao REBOUND (Off:0 Def:1),Rebound,Unknown,0,0
6,5,PT11M18.00S,1,1610612745,HOU,1897,World Peace,M. World Peace,-117,214,24,Made,1,0,5,5,v,World Peace 24' 3PT Jump Shot (3 PTS),Made Shot,Jump Shot,0,0
7,6,PT10M57.00S,1,1610612762,UTA,101114,Williams,D. Williams,-45,58,7,Missed,1,0,0,0,h,MISS D. Williams 7' Jump Shot,Missed Shot,Jump Shot,0,0
8,7,PT10M55.00S,1,1610612745,HOU,2449,Scola,L. Scola,0,0,0,,0,0,0,0,v,Scola REBOUND (Off:0 Def:1),Rebound,Unknown,0,0
9,8,PT10M42.00S,1,1610612745,HOU,2397,Yao,Yao,94,28,10,Missed,1,0,0,0,v,MISS Yao 10' Jump Shot,Missed Shot,Jump Shot,0,0
10,9,PT10M41.00S,1,1610612762,UTA,2246,Okur,M. Okur,0,0,0,,0,0,0,0,h,Okur REBOUND (Off:0 Def:1),Rebound,Unknown,0,0
11,10,PT10M34.00S,1,1610612762,UTA,101139,Miles,C. Miles,190,-14,19,Made,1,2,5,7,h,Miles 19' Jump Shot (2 PTS) (D. Williams 1 AST),Made Shot,Jump Shot,0,0
12,11,PT10M17.00S,1,1610612745,HOU,1897,World Peace,M. World Peace,-127,211,25,Missed,1,0,0,0,v,MISS World Peace 25' 3PT Jump Shot,Missed Shot,Jump Shot,0,0
13,12,PT10M15.00S,1,0,,1610612762,,,0,0,0,,0,0,0,0,h,JAZZ Rebound,Rebound,Unknown,0,0
14,13,PT09M58.00S,1,1610612762,UTA,101114,Williams,D. Williams,26,230,23,Missed,1,0,0,0,h,MISS D. Williams 23' Jump Shot,Missed Shot,Jump Shot,0,0
15,14,PT09M57.00S,1,1610612745,HOU,1897,World Peace,M. World Peace,0,0,0,,0,0,0,0,v,World Peace REBOUND (Off:0 Def:1),Rebound,Unknown,0,0
16,15,PT09M47.00S,1,1610612745,HOU,2203,Battier,S. Battier,-73,61,10,Missed,1,0,0,0,v,MISS Battier 10' Jump Shot,Missed Shot,Jump Shot,0,0
17,16,PT09M46.00S,1,1610612762,UTA,2430,Boozer,C. Boozer,0,0,0,,0,0,0,0,h,Boozer REBOUND (Off:0 Def:1),Rebound,Unknown,0,0
18,17,PT09M29.00S,1,1610612762,UTA,2430,Boozer,C. Boozer,190,17,19,Missed,1,0,0,0,h,MISS Boozer 19' Jump Shot,Missed Shot,Jump Shot,0,0
19,18,PT09M27.00S,1,1610612745,HOU,1897,World Peace,M. World Peace,0,0,0,,0,0,0,0,v,World Peace REBOUND (Off:0 Def:2),Rebound,Unknown,0,0
20,19,PT09M18.00S,1,1610612762,UTA,200758,Brewer,R. Brewer,0,0,0,,0,0,0,0,h,Brewer P.FOUL (P1.T1),Foul,Personal,0,0
21,20,PT09M11.00S,1,1610612745,HOU,201166,Brooks,A. Brooks,77,129,15,Missed,1,0,0,0,v,MISS Brooks 15' Jump Shot,Missed Shot,Jump Shot,0,0
22,21,PT09M10.00S,1,1610612762,UTA,200758,Brewer,R. Brewer,0,0,0,,0,0,0,0,h,Brewer REBOUND (Off:0 Def:1),Rebound,Unknown,0,0
23,22,PT09M00.00S,1,1610612762,UTA,2246,Okur,M. Okur,-108,124,16,Missed,1,0,0,0,h,MISS Okur 16' Jump Shot,Missed Shot,Jump Shot,0,0
24,23,PT08M58.00S,1,0,,1610612745,,,0,0,0,,0,0,0,0,v,Rockets Rebound,Rebound,Unknown,0,0
25,24,PT08M47.00S,1,1610612762,UTA,2430,Boozer,C. Boozer,0,0,0,,0,0,0,0,h,Boozer P.FOUL (P1.T2),Foul,Personal,0,0
26,25,PT08M38.00S,1,1610612745,HOU,2397,Yao,Yao,-105,30,11,Missed,1,0,0,0,v,MISS Yao 11' Jump Shot,Missed Shot,Jump Shot,0,0
27,26,PT08M36.00S,1,1610612745,HOU,2449,Scola,L. Scola,0,0,0,,0,0,0,0,v,Scola REBOUND (Off:1 Def:1),Rebound,Unknown,0,0
28,27,PT08M32.00S,1,1610612745,HOU,1897,World Peace,M. World Peace,-209,123,24,Missed,1,0,0,0,v,MISS World Peace 24' 3PT Jump Shot,Missed Shot,Jump Shot,0,0
29,28,PT08M31.00S,1,1610612762,UTA,2430,Boozer,C. Boozer,0,0,0,,0,0,0,0,h,Boozer REBOUND (Off:0 Def:2),Rebound,Unknown,0,0
30,29,PT08M23.00S,1,1610612762,UTA,101139,Miles,C. Miles,-217,110,24,Missed,1,0,0,0,h,MISS Miles 24' 3PT Jump Shot,Missed Shot,Jump Shot,0,0
31,30,PT08M22.00S,1,0,,1610612745,,,0,0,0,,0,0,0,0,v,Rockets Rebound,Rebound,Unknown,0,0
32,31,PT08M10.00S,1,1610612745,HOU,2449,Scola,L. Scola,0,0,0,,0,0,0,0,v,Scola OFF.Foul (P1),Foul,Offensive,0,0
33,32,PT08M10.00S,1,1610612745,HOU,2449,Scola,L. Scola,0,0,0,,0,0,0,0,v,Scola Foul Turnover (P1.T1),Turnover,Foul,0,0
34,33,PT08M02.00S,1,1610612762,UTA,2430,Boozer,C. Boozer,0,0,0,Missed,1,0,0,0,h,MISS Boozer  Layup,Missed Shot,Layup Shot,0,0
35,33,PT08M02.00S,1,1610612745,HOU,2397,Yao,Yao,0,0,0,,0,0,0,0,v,Yao BLOCK (1 BLK),,,0,0
36,34,PT08M00.00S,1,1610612762,UTA,2246,Okur,M. Okur,0,0,0,,0,0,0,0,h,Okur REBOUND (Off:1 Def:1),Rebound,Unknown,0,0
37,35,PT07M50.00S,1,1610612762,UTA,2246,Okur,M. Okur,-161,168,23,Missed,1,0,0,0,h,MISS Okur 23' Jump Shot,Missed Shot,Jump Shot,0,0
38,36,PT07M48.00S,1,1610612745,HOU,2203,Battier,S. Battier,0,0,0,,0,0,0,0,v,Battier REBOUND (Off:0 Def:1),Rebound,Unknown,0,0
39,37,PT07M41.00S,1,1610612762,UTA,2246,Okur,M. Okur,0,0,0,,0,0,0,0,h,Okur S.FOUL (P1.T3),Foul,Shooting,0,0
40,38,PT07M41.00S,1,1610612745,HOU,201166,Brooks,A. Brooks,0,0,0,,0,2,6,8,v,Brooks Free Throw 1 of 2 (1 PTS),Free Throw,Free Throw 1 of 2,0,0
41,40,PT07M41.00S,1,1610612745,HOU,201166,Brooks,A. Brooks,0,0,0,,0,2,7,9,v,Brooks Free Throw 2 of 2 (2 PTS),Free Throw,Free Throw 2 of 2,0,0
42,42,PT07M27.00S,1,1610612762,UTA,101114,Williams,D. Williams,7,165,17,Made,1,4,7,11,h,D. Williams 17' Jump Shot (2 PTS),Made Shot,Jump Shot,0,0
43,43,PT07M06.00S,1,1610612745,HOU,1897,World Peace,M. World Peace,15,37,4,Missed,1,0,0,0,v,MISS World Peace 4' Jump Shot,Missed Shot,Jump Shot,0,0
44,44,PT07M05.00S,1,1610612762,UTA,200758,Brewer,R. Brewer,0,0,0,,0,0,0,0,h,Brewer REBOUND (Off:0 Def:2),Rebound,Unknown,0,0
45,45,PT06M55.00S,1,1610612762,UTA,101139,Miles,C. Miles,-5,28,3,Missed,1,0,0,0,h,MISS Miles 3' Running Jump Shot,Missed Shot,Running Jump Shot,0,0
46,46,PT06M53.00S,1,1610612745,HOU,1897,World Peace,M. World Peace,0,0,0,,0,0,0,0,v,World Peace REBOUND (Off:0 Def:3),Rebound,Unknown,0,0
47,47,PT06M46.00S,1,1610612745,HOU,2203,Battier,S. Battier,-237,-3,24,Missed,1,0,0,0,v,MISS Battier 24' 3PT Jump Shot,Missed Shot,Jump Shot,0,0
48,48,PT06M45.00S,1,1610612762,UTA,2246,Okur,M. Okur,0,0,0,,0,0,0,0,h,Okur REBOUND (Off:1 Def:2),Rebound,Unknown,0,0
49,49,PT06M35.00S,1,1610612745,HOU,201166,Brooks,A. Brooks,0,0,0,,0,0,0,0,v,Brooks P.FOUL (P1.T1),Foul,Personal,0,0
50,50,PT06M29.00S,1,1610612762,UTA,200758,Brewer,R. Brewer,157,93,18,Made,1,6,7,13,h,Brewer 18' Jump Shot (2 PTS) (D. Williams 2 AST),Made Shot,Jump Shot,0,0
51,51,PT06M14.00S,1,1610612745,HOU,2397,Yao,Yao,0,0,0,Made,1,6,9,15,v,Yao  Layup (2 PTS) (World Peace 1 AST),Made Shot,Layup Shot,0,0
52,52,PT06M02.00S,1,1610612762,UTA,101139,Miles,C. Miles,-194,143,24,Missed,1,0,0,0,h,MISS Miles 24' 3PT Jump Shot,Missed Shot,Jump Shot,0,0
53,53,PT06M01.00S,1,1610612745,HOU,2449,Scola,L. Scola,0,0,0,,0,0,0,0,v,Scola REBOUND (Off:1 Def:2),Rebound,Unknown,0,0
54,54,PT05M54.00S,1,1610612745,HOU,201166,Brooks,A. Brooks,-89,148,17,Made,1,6,11,17,v,Brooks 17' Jump Shot (4 PTS) (Scola 1 AST),Made Shot,Jump Shot,0,0
55,55,PT05M47.00S,1,0,,1610612762,,,0,0,0,,0,0,0,0,h,JAZZ Timeout: Regular (Full 1 Short 0),Timeout,Regular,0,0
56,57,PT05M35.00S,1,1610612762,UTA,101139,Miles,C. Miles,0,0,0,Made,1,8,11,19,h,Miles  Layup (4 PTS),Made Shot,Layup Shot,0,0
57,58,PT05M20.00S,1,1610612745,HOU,1897,World Peace,M. World Peace,0,0,0,Made,1,8,13,21,v,World Peace  Driving Layup (5 PTS),Made Shot,Driving Layup Shot,0,0
58,59,PT05M01.00S,1,1610612762,UTA,2246,Okur,M. Okur,-5,42,4,Made,1,10,13,23,h,Okur 4' Running Jump Shot (2 PTS),Made Shot,Running Jump Shot,0,0
59,60,PT04M35.00S,1,1610612745,HOU,1897,World Peace,M. World Peace,111,116,16,Missed,1,0,0,0,v,MISS World Peace 16' Jump Shot,Missed Shot,Jump Shot,0,0
60,60,PT04M35.00S,1,1610612762,UTA,200758,Brewer,R. Brewer,0,0,0,,0,0,0,0,h,Brewer BLOCK (1 BLK),,,0,0
61,61,PT04M35.00S,1,0,,1610612745,,,0,0,0,,0,0,0,0,v,Rockets Rebound,Rebound,Unknown,0,0
62,62,PT04M35.00S,1,0,,1610612745,,,0,0,0,,0,0,0,0,v,Rockets Turnover: Shot Clock (T#2),Turnover,Shot Clock Turnover,0,0
63,63,PT04M19.00S,1,1610612762,UTA,101114,Williams,D. Williams,-45,175,18,Missed,1,0,0,0,h,MISS D. Williams 18' Jump Shot,Missed Shot,Jump Shot,0,0
64,64,PT04M18.00S,1,1610612745,HOU,2449,Scola,L. Scola,0,0,0,,0,0,0,0,v,Scola REBOUND (Off:1 Def:3),Rebound,Unknown,0,0
65,65,PT04M12.00S,1,1610612745,HOU,201166,Brooks,A. Brooks,-41,48,6,Missed,1,0,0,0,v,MISS Brooks 6' Running Jump Shot,Missed Shot,Running Jump Shot,0,0
66,66,PT04M11.00S,1,1610612762,UTA,200758,Brewer,R. Brewer,0,0,0,,0,0,0,0,h,Brewer REBOUND (Off:0 Def:3),Rebound,Unknown,0,0
67,67,PT04M02.00S,1,1610612762,UTA,101114,Williams,D. Williams,-157,189,25,Made,1,13,13,26,h,D. Williams 25' 3PT Jump Shot (5 PTS) (Brewer 1 AST),Made Shot,Jump Shot,0,0
68,68,PT03M46.00S,1,1610612745,HOU,1897,World Peace,M. World Peace,-179,96,20,Missed,1,0,0,0,v,MISS World Peace 20' Jump Shot,Missed Shot,Jump Shot,0,0
69,69,PT03M45.00S,1,1610612762,UTA,2430,Boozer,C. Boozer,0,0,0,,0,0,0,0,h,Boozer REBOUND (Off:0 Def:3),Rebound,Unknown,0,0
70,70,PT03M30.00S,1,1610612762,UTA,2430,Boozer,C. Boozer,-128,69,15,Missed,1,0,0,0,h,MISS Boozer 15' Fadeaway Jumper,Missed Shot,Fadeaway Jump Shot,0,0
71,71,PT03M29.00S,1,1610612745,HOU,2203,Battier,S. Battier,0,0,0,,0,0,0,0,v,Battier REBOUND (Off:0 Def:2),Rebound,Unknown,0,0
72,72,PT03M22.00S,1,1610612745,HOU,201166,Brooks,A. Brooks,0,0,0,Made,1,13,15,28,v,Brooks  Driving Layup (6 PTS),Made Shot,Driving Layup Shot,0,0
73,73,PT03M11.00S,1,1610612745,HOU,2397,Yao,Yao,0,0,0,,0,0,0,0,v,Yao S.FOUL (P1.T2),Foul,Shooting,0,0
74,74,PT03M11.00S,1,1610612762,UTA,2430,Boozer,C. Boozer,0,0,0,,0,0,0,0,h,SUB: Korver FOR Boozer,Substitution,,0,0
75,83,PT03M11.00S,1,1610612762,UTA,101139,Miles,C. Miles,0,0,0,,0,0,0,0,h,SUB: Millsap FOR Miles,Substitution,,0,0
76,75,PT03M11.00S,1,1610612745,HOU,201166,Brooks,A. Brooks,0,0,0,,0,0,0,0,v,SUB: Wafer FOR Brooks,Substitution,,0,0
77,76,PT03M11.00S,1,1610612745,HOU,2397,Yao,Yao,0,0,0,,0,0,0,0,v,SUB: Hayes FOR Yao,Substitution,,0,0
78,77,PT03M11.00S,1,1610612745,HOU,2203,Battier,S. Battier,0,0,0,,0,0,0,0,v,SUB: Lowry FOR Battier,Substitution,,0,0
79,78,PT03M11.00S,1,1610612762,UTA,101114,Williams,D. Williams,0,0,0,,0,14,15,29,h,D. Williams Free Throw 1 of 2 (6 PTS),Free Throw,Free Throw 1 of 2,0,0
80,81,PT03M11.00S,1,1610612762,UTA,101114,Williams,D. Williams,0,0,0,,0,15,15,30,h,D. Williams Free Throw 2 of 2 (7 PTS),Free Throw,Free Throw 2 of 2,0,0
81,84,PT02M56.00S,1,1610612745,HOU,101144,Wafer,V. Wafer,-11,61,6,Made,1,15,17,32,v,Wafer 6' Jump Shot (2 PTS) (Scola 2 AST),Made Shot,Jump Shot,0,0
82,85,PT02M40.00S,1,1610612762,UTA,2594,Korver,K. Korver,135,118,18,Made,1,17,17,34,h,Korver 18' Jump Shot (2 PTS),Made Shot,Jump Shot,0,0
83,86,PT02M18.00S,1,1610612762,UTA,2594,Korver,K. Korver,0,0,0,,0,0,0,0,h,Korver P.FOUL (P1.T4),Foul,Personal,0,0
84,88,PT02M18.00S,1,0,,1610612745,,,0,0,0,,0,0,0,0,v,Rockets Timeout: Regular (Reg.1 Short 0),Timeout,Regular,0,0
85,89,PT02M18.00S,1,1610612762,UTA,101114,Williams,D. Williams,0,0,0,,0,0,0,0,h,SUB: Knight FOR D. Williams,Substitution,,0,0
86,90,PT02M03.00S,1,1610612745,HOU,101144,Wafer,V. Wafer,-144,200,25,Made,1,17,20,37,v,Wafer 25' 3PT Jump Shot (5 PTS) (World Peace 2 AST),Made Shot,Jump Shot,0,0
87,91,PT01M47.00S,1,1610612762,UTA,2246,Okur,M. Okur,-152,25,15,Made,1,19,20,39,h,Okur 15' Fadeaway Jumper (4 PTS) (Brewer 2 AST),Made Shot,Fadeaway Jump Shot,0,0
88,92,PT01M40.00S,1,1610612745,HOU,101144,Wafer,V. Wafer,0,0,0,Missed,1,0,0,0,v,MISS Wafer  Layup,Missed Shot,Layup Shot,0,0
89,92,PT01M40.00S,1,1610612762,UTA,2246,Okur,M. Okur,0,0,0,,0,0,0,0,h,Okur BLOCK (1 BLK),,,0,0
90,93,PT01M37.00S,1,1610612762,UTA,1510,Knight,B. Knight,0,0,0,,0,0,0,0,h,Knight REBOUND (Off:0 Def:1),Rebound,Unknown,0,0
91,94,PT01M28.00S,1,1610612762,UTA,2246,Okur,M. Okur,-190,9,19,Made,1,21,20,41,h,Okur 19' Jump Shot (6 PTS) (Brewer 3 AST),Made Shot,Jump Shot,0,0
92,95,PT01M04.00S,1,1610612745,HOU,1897,World Peace,M. World Peace,-75,116,14,Missed,1,0,0,0,v,MISS World Peace 14' Jump Shot,Missed Shot,Jump Shot,0,0
93,96,PT01M03.00S,1,1610612762,UTA,1510,Knight,B. Knight,0,0,0,,0,0,0,0,h,Knight REBOUND (Off:0 Def:2),Rebound,Unknown,0,0
94,97,PT00M52.80S,1,1610612762,UTA,200794,Millsap,P. Millsap,0,0,0,Made,1,23,20,43,h,Millsap  Dunk (2 PTS) (Korver 1 AST),Made Shot,Dunk Shot,0,0
95,98,PT00M43.50S,1,1610612762,UTA,1510,Knight,B. Knight,0,0,0,,0,0,0,0,h,Knight S.FOUL (P1.PN),Foul,Shooting,0,0
96,99,PT00M43.50S,1,1610612745,HOU,200768,Lowry,K. Lowry,0,0,0,,0,0,0,0,v,MISS Lowry Free Throw 1 of 2,Free Throw,Free Throw 1 of 2,0,0
97,100,PT00M43.50S,1,0,,1610612745,,,0,0,0,,0,0,0,0,v,Rockets Rebound,Rebound,Normal Rebound,0,0
98,101,PT00M43.50S,1,1610612745,HOU,200768,Lowry,K. Lowry,0,0,0,,0,23,21,44,v,Lowry Free Throw 2 of 2 (1 PTS),Free Throw,Free Throw 2 of 2,0,0
99,103,PT00M35.90S,1,1610612762,UTA,200758,Brewer,R. Brewer,206,69,22,Missed,1,0,0,0,h,MISS Brewer 22' Jump Shot,Missed Shot,Jump Shot,0,0
100,104,PT00M34.90S,1,1610612745,HOU,101144,Wafer,V. Wafer,0,0,0,,0,0,0,0,v,Wafer REBOUND (Off:0 Def:1),Rebound,Unknown,0,0
101,105,PT00M14.90S,1,1610612745,HOU,101144,Wafer,V. Wafer,159,145,22,Missed,1,0,0,0,v,MISS Wafer 22' Jump Shot,Missed Shot,Jump Shot,0,0
102,106,PT00M11.80S,1,1610612762,UTA,200758,Brewer,R. Brewer,0,0,0,,0,0,0,0,h,Brewer REBOUND (Off:0 Def:4),Rebound,Unknown,0,0
103,107,PT00M02.90S,1,1610612762,UTA,1510,Knight,B. Knight,80,187,20,Missed,1,0,0,0,h,MISS Knight 20' Jump Shot,Missed Shot,Jump Shot,0,0
104,108,PT00M01.90S,1,1610612745,HOU,101144,Wafer,V. Wafer,0,0,0,,0,0,0,0,v,Wafer REBOUND (Off:0 Def:2),Rebound,Unknown,0,0
105,110,PT00M00.00S,1,0,,0,,,0,0,0,,0,23,21,44,,End of 1st Period (11:10 PM EST),period,end,0,0
106,111,PT12M00.00S,2,0,,0,,,0,0,0,,0,23,21,44,,Start of 2nd Period (11:14 PM EST),period,start,0,0
107,113,PT11M44.00S,2,1610612745,HOU,2449,Scola,L. Scola,0,0,0,,0,0,0,0,v,Rockets T.Foul (Def. 3 Sec Scola ),Foul,Defense 3 Second,0,0
108,114,PT11M44.00S,2,1610612762,UTA,2594,Korver,K. Korver,0,0,0,,0,24,21,45,h,Korver Free Throw Technical (3 PTS),Free Throw,Free Throw Technical,0,0
109,116,PT11M40.00S,2,1610612745,HOU,2449,Scola,L. Scola,0,0,0,,0,0,0,0,v,Scola P.FOUL (P2.T1),Foul,Personal,0,0
110,117,PT11M40.00S,2,1610612745,HOU,2449,Scola,L. Scola,0,0,0,,0,0,0,0,v,SUB: Yao FOR Scola,Substitution,,0,0
111,118,PT11M30.00S,2,1610612762,UTA,200794,Millsap,P. Millsap,0,0,0,Missed,1,0,0,0,h,MISS Millsap  Layup,Missed Shot,Layup Shot,0,0
112,118,PT11M30.00S,2,1610612745,HOU,2397,Yao,Yao,0,0,0,,0,0,0,0,v,Yao BLOCK (2 BLK),,,0,0
113,119,PT11M29.00S,2,1610612745,HOU,2397,Yao,Yao,0,0,0,,0,0,0,0,v,Yao REBOUND (Off:0 Def:2),Rebound,Unknown,0,0
114,120,PT11M24.00S,2,1610612745,HOU,200768,Lowry,K. Lowry,0,0,0,Missed,1,0,0,0,v,MISS Lowry  Layup,Missed Shot,Layup Shot,0,0
115,121,PT11M23.00S,2,1610612762,UTA,200794,Millsap,P. Millsap,0,0,0,,0,0,0,0,h,Millsap REBOUND (Off:0 Def:1),Rebound,Unknown,0,0
116,122,PT11M09.00S,2,1610612762,UTA,2430,Boozer,C. Boozer,97,58,11,Made,1,26,21,47,h,Boozer 11' Turnaround Bank Shot (2 PTS),Made Shot,Turnaround Bank shot,0,0
117,123,PT10M51.00S,2,1610612745,HOU,200768,Lowry,K. Lowry,-10,217,22,Missed,1,0,0,0,v,MISS Lowry 22' Jump Shot,Missed Shot,Jump Shot,0,0
118,124,PT10M49.00S,2,1610612762,UTA,2594,Korver,K. Korver,0,0,0,,0,0,0,0,h,Korver REBOUND (Off:0 Def:1),Rebound,Unknown,0,0
119,125,PT10M43.00S,2,1610612762,UTA,200794,Millsap,P. Millsap,0,0,0,Made,1,28,21,49,h,Millsap  Reverse Layup (4 PTS) (Knight 1 AST),Made Shot,Reverse Layup Shot,0,0
120,126,PT10M28.00S,2,1610612745,HOU,101144,Wafer,V. Wafer,0,0,0,Missed,1,0,0,0,v,MISS Wafer  Layup,Missed Shot,Layup Shot,0,0
121,127,PT10M27.00S,2,1610612762,UTA,2594,Korver,K. Korver,0,0,0,,0,0,0,0,h,Korver REBOUND (Off:0 Def:2),Rebound,Unknown,0,0
122,128,PT10M17.00S,2,1610612745,HOU,101144,Wafer,V. Wafer,0,0,0,,0,0,0,0,v,Wafer S.FOUL (P1.T2),Foul,Shooting,0,0
123,129,PT10M17.00S,2,0,,1610612745,,,0,0,0,,0,0,0,0,v,Rockets Timeout: Regular (Reg.2 Short 0),Timeout,Regular,0,0
124,131,PT10M17.00S,2,1610612745,HOU,101144,Wafer,V. Wafer,0,0,0,,0,0,0,0,v,SUB: Battier FOR Wafer,Substitution,,0,0
125,132,PT10M17.00S,2,1610612762,UTA,1905,Kirilenko,A. Kirilenko,0,0,0,,0,0,0,0,h,MISS Kirilenko Free Throw 1 of 2,Free Throw,Free Throw 1 of 2,0,0
126,133,PT10M17.00S,2,0,,1610612762,,,0,0,0,,0,0,0,0,h,JAZZ Rebound,Rebound,Normal Rebound,0,0
127,134,PT10M17.00S,2,1610612762,UTA,1905,Kirilenko,A. Kirilenko,0,0,0,,0,29,21,50,h,Kirilenko Free Throw 2 of 2 (1 PTS),Free Throw,Free Throw 2 of 2,0,0
128,136,PT10M01.00S,2,1610612745,HOU,2397,Yao,Yao,-75,61,10,Made,1,29,23,52,v,Yao 10' Hook Shot (4 PTS) (Battier 1 AST),Made Shot,Hook Shot,0,0
129,137,PT09M38.00S,2,1610612762,UTA,2594,Korver,K. Korver,110,151,19,Missed,1,0,0,0,h,MISS Korver 19' Jump Shot,Missed Shot,Jump Shot,0,0
130,138,PT09M36.00S,2,1610612745,HOU,200768,Lowry,K. Lowry,0,0,0,,0,0,0,0,v,Lowry REBOUND (Off:0 Def:1),Rebound,Unknown,0,0
131,139,PT09M27.00S,2,1610612745,HOU,2203,Battier,S. Battier,-155,187,24,Made,1,29,26,55,v,Battier 24' 3PT Jump Shot (5 PTS) (Barry 1 AST),Made Shot,Jump Shot,0,0
132,140,PT09M12.00S,2,1610612762,UTA,1905,Kirilenko,A. Kirilenko,-175,148,23,Missed,1,0,0,0,h,MISS Kirilenko 23' Jump Shot,Missed Shot,Jump Shot,0,0
133,141,PT09M11.00S,2,1610612745,HOU,2397,Yao,Yao,0,0,0,,0,0,0,0,v,Yao REBOUND (Off:0 Def:3),Rebound,Unknown,0,0
134,142,PT08M57.00S,2,1610612745,HOU,2397,Yao,Yao,0,0,0,Missed,1,0,0,0,v,MISS Yao  Layup,Missed Shot,Layup Shot,0,0
135,142,PT08M57.00S,2,1610612762,UTA,1905,Kirilenko,A. Kirilenko,0,0,0,,0,0,0,0,h,Kirilenko BLOCK (1 BLK),,,0,0
136,143,PT08M56.00S,2,1610612762,UTA,200794,Millsap,P. Millsap,0,0,0,,0,0,0,0,h,Millsap REBOUND (Off:0 Def:2),Rebound,Unknown,0,0
137,144,PT08M49.00S,2,1610612762,UTA,2594,Korver,K. Korver,0,0,0,,0,0,0,0,h,Korver Bad Pass Turnover (P1.T1),Turnover,Bad Pass,0,0
138,144,PT08M49.00S,2,1610612745,HOU,699,Barry,B. Barry,0,0,0,,0,0,0,0,v,Barry STEAL (1 STL),,,0,0
139,145,PT08M26.00S,2,1610612745,HOU,2397,Yao,Yao,-117,14,12,Made,1,29,28,57,v,Yao 12' Turnaround Jump Shot (6 PTS) (Lowry 1 AST),Made Shot,Turnaround Jump Shot,0,0
140,146,PT08M08.00S,2,1610612762,UTA,200794,Millsap,P. Millsap,39,181,19,Missed,1,0,0,0,h,MISS Millsap 19' Jump Shot,Missed Shot,Jump Shot,0,0
141,147,PT08M07.00S,2,1610612745,HOU,200768,Lowry,K. Lowry,0,0,0,,0,0,0,0,v,Lowry REBOUND (Off:0 Def:2),Rebound,Unknown,0,0
142,148,PT08M02.00S,2,1610612762,UTA,1510,Knight,B. Knight,0,0,0,,0,0,0,0,h,Knight P.FOUL (P2.T1),Foul,Personal,0,0
143,149,PT08M02.00S,2,1610612762,UTA,1510,Knight,B. Knight,0,0,0,,0,0,0,0,h,SUB: D. Williams FOR Knight,Substitution,,0,0
144,150,PT07M54.00S,2,1610612745,HOU,200768,Lowry,K. Lowry,215,119,25,Missed,1,0,0,0,v,MISS Lowry 25' 3PT Jump Shot,Missed Shot,Jump Shot,0,0
145,151,PT07M53.00S,2,1610612745,HOU,2397,Yao,Yao,0,0,0,,0,0,0,0,v,Yao REBOUND (Off:1 Def:3),Rebound,Unknown,0,0
146,152,PT07M53.00S,2,1610612762,UTA,2594,Korver,K. Korver,0,0,0,,0,0,0,0,h,Korver L.B.FOUL (P2.T2),Foul,Loose Ball,0,0
147,153,PT07M45.00S,2,1610612745,HOU,699,Barry,B. Barry,-16,247,25,Missed,1,0,0,0,v,MISS Barry 25' 3PT Jump Shot,Missed Shot,Jump Shot,0,0
148,154,PT07M44.00S,2,1610612745,HOU,2397,Yao,Yao,0,0,0,,0,0,0,0,v,Yao REBOUND (Off:2 Def:3),Rebound,Unknown,0,0
149,155,PT07M44.00S,2,1610612762,UTA,2430,Boozer,C. Boozer,0,0,0,,0,0,0,0,h,Boozer L.B.FOUL (P2.T3),Foul,Loose Ball,0,0
150,156,PT07M37.00S,2,1610612745,HOU,699,Barry,B. Barry,-127,203,24,Missed,1,0,0,0,v,MISS Barry 24' 3PT Jump Shot,Missed Shot,Jump Shot,0,0
151,157,PT07M35.00S,2,1610612762,UTA,200794,Millsap,P. Millsap,0,0,0,,0,0,0,0,h,Millsap REBOUND (Off:0 Def:3),Rebound,Unknown,0,0
152,158,PT07M21.00S,2,1610612762,UTA,200794,Millsap,P. Millsap,0,33,3,Made,1,31,28,59,h,Millsap 3' Jump Shot (6 PTS),Made Shot,Jump Shot,0,0
153,159,PT07M06.00S,2,1610612745,HOU,699,Barry,B. Barry,-213,118,24,Missed,1,0,0,0,v,MISS Barry 24' 3PT Jump Shot,Missed Shot,Jump Shot,0,0
154,160,PT07M05.00S,2,1610612762,UTA,200794,Millsap,P. Millsap,0,0,0,,0,0,0,0,h,Millsap REBOUND (Off:0 Def:4),Rebound,Unknown,0,0
155,161,PT07M01.00S,2,1610612745,HOU,699,Barry,B. Barry,0,0,0,,0,0,0,0,v,Barry P.FOUL (P1.T3),Foul,Personal,0,0
156,162,PT06M54.00S,2,1610612762,UTA,2594,Korver,K. Korver,228,17,0,Made,1,34,28,62,h,Korver  3PT Jump Shot (6 PTS) (D. Williams 3 AST),Made Shot,Jump Shot,0,0
157,163,PT06M41.00S,2,1610612745,HOU,101236,Hayes,C. Hayes,0,0,0,,0,0,0,0,v,Hayes Bad Pass Turnover (P1.T3),Turnover,Bad Pass,0,0
158,163,PT06M41.00S,2,1610612762,UTA,101114,Williams,D. Williams,0,0,0,,0,0,0,0,h,D. Williams STEAL (1 STL),,,0,0
159,164,PT06M36.00S,2,1610612745,HOU,699,Barry,B. Barry,0,0,0,,0,0,0,0,v,SUB: World Peace FOR Barry,Substitution,,0,0
160,165,PT06M36.00S,2,1610612745,HOU,101236,Hayes,C. Hayes,0,0,0,,0,0,0,0,v,SUB: Scola FOR Hayes,Substitution,,0,0
161,166,PT06M27.00S,2,1610612762,UTA,101114,Williams,D. Williams,141,197,24,Missed,1,0,0,0,h,MISS D. Williams 24' 3PT Jump Shot,Missed Shot,Jump Shot,0,0
162,167,PT06M26.00S,2,1610612745,HOU,2203,Battier,S. Battier,0,0,0,,0,0,0,0,v,Battier REBOUND (Off:0 Def:3),Rebound,Unknown,0,0
163,168,PT06M07.00S,2,1610612745,HOU,2397,Yao,Yao,42,33,5,Missed,1,0,0,0,v,MISS Yao 5' Running Jump Shot,Missed Shot,Running Jump Shot,0,0
164,169,PT06M05.00S,2,1610612745,HOU,2449,Scola,L. Scola,0,0,0,,0,0,0,0,v,Scola REBOUND (Off:2 Def:3),Rebound,Unknown,0,0
165,170,PT06M00.00S,2,1610612762,UTA,200794,Millsap,P. Millsap,0,0,0,,0,0,0,0,h,Millsap P.FOUL (P1.T4),Foul,Personal,0,0
166,171,PT05M53.00S,2,1610612745,HOU,200768,Lowry,K. Lowry,0,0,0,,0,0,0,0,v,Lowry Bad Pass Turnover (P1.T4),Turnover,Bad Pass,0,0
167,171,PT05M53.00S,2,1610612762,UTA,200794,Millsap,P. Millsap,0,0,0,,0,0,0,0,h,Millsap STEAL (1 STL),,,0,0
168,172,PT05M41.00S,2,1610612762,UTA,2594,Korver,K. Korver,225,-3,0,Made,1,37,28,65,h,Korver  3PT Jump Shot (9 PTS) (Boozer 1 AST),Made Shot,Jump Shot,0,0
169,173,PT05M17.00S,2,1610612745,HOU,2397,Yao,Yao,-24,12,3,Missed,1,0,0,0,v,MISS Yao 3' Hook Shot,Missed Shot,Hook Shot,0,0
170,174,PT05M16.00S,2,1610612762,UTA,101114,Williams,D. Williams,0,0,0,,0,0,0,0,h,D. Williams REBOUND (Off:0 Def:1),Rebound,Unknown,0,0
171,175,PT05M14.00S,2,0,,0,,,0,0,0,,0,0,0,0,,Timeout: Official,Timeout,Official,0,0
172,177,PT05M14.00S,2,1610612745,HOU,200768,Lowry,K. Lowry,0,0,0,,0,0,0,0,v,SUB: Brooks FOR Lowry,Substitution,,0,0
173,178,PT04M59.00S,2,1610612762,UTA,2430,Boozer,C. Boozer,-34,37,5,Made,1,39,28,67,h,Boozer 5' Jump Shot (4 PTS),Made Shot,Jump Shot,0,0
174,179,PT04M44.00S,2,1610612745,HOU,1897,World Peace,M. World Peace,34,190,19,Missed,1,0,0,0,v,MISS World Peace 19' Jump Shot,Missed Shot,Jump Shot,0,0
175,180,PT04M42.00S,2,0,,1610612745,,,0,0,0,,0,0,0,0,v,Rockets Rebound,Rebound,Unknown,0,0
176,181,PT04M42.00S,2,1610612762,UTA,200794,Millsap,P. Millsap,0,0,0,,0,0,0,0,h,SUB: Okur FOR Millsap,Substitution,,0,0
177,182,PT04M34.00S,2,1610612745,HOU,201166,Brooks,A. Brooks,-122,66,14,Missed,1,0,0,0,v,MISS Brooks 14' Jump Shot,Missed Shot,Jump Shot,0,0
178,183,PT04M31.00S,2,1610612762,UTA,2430,Boozer,C. Boozer,0,0,0,,0,0,0,0,h,Boozer REBOUND (Off:0 Def:4),Rebound,Unknown,0,0
179,184,PT04M17.00S,2,1610612762,UTA,2430,Boozer,C. Boozer,78,154,17,Missed,1,0,0,0,h,MISS Boozer 17' Jump Shot,Missed Shot,Jump Shot,0,0
180,185,PT04M16.00S,2,1610612745,HOU,2449,Scola,L. Scola,0,0,0,,0,0,0,0,v,Scola REBOUND (Off:2 Def:4),Rebound,Unknown,0,0
181,186,PT03M58.00S,2,1610612745,HOU,201166,Brooks,A. Brooks,-65,236,24,Missed,1,0,0,0,v,MISS Brooks 24' 3PT Jump Shot,Missed Shot,Jump Shot,0,0
182,187,PT03M57.00S,2,1610612762,UTA,1905,Kirilenko,A. Kirilenko,0,0,0,,0,0,0,0,h,Kirilenko REBOUND (Off:0 Def:1),Rebound,Unknown,0,0
183,188,PT03M43.00S,2,1610612762,UTA,101114,Williams,D. Williams,185,85,20,Missed,1,0,0,0,h,MISS D. Williams 20' Jump Shot,Missed Shot,Jump Shot,0,0
184,189,PT03M43.00S,2,1610612745,HOU,1897,World Peace,M. World Peace,0,0,0,,0,0,0,0,v,World Peace REBOUND (Off:0 Def:4),Rebound,Unknown,0,0
185,190,PT03M32.00S,2,1610612745,HOU,1897,World Peace,M. World Peace,0,0,0,Missed,1,0,0,0,v,MISS World Peace  Layup,Missed Shot,Layup Shot,0,0
186,190,PT03M32.00S,2,1610612762,UTA,1905,Kirilenko,A. Kirilenko,0,0,0,,0,0,0,0,h,Kirilenko BLOCK (2 BLK),,,0,0
187,191,PT03M31.00S,2,0,,1610612762,,,0,0,0,,0,0,0,0,h,JAZZ Rebound,Rebound,Unknown,0,0
188,192,PT03M21.00S,2,1610612762,UTA,2594,Korver,K. Korver,32,200,20,Missed,1,0,0,0,h,MISS Korver 20' Jump Shot,Missed Shot,Jump Shot,0,0
189,193,PT03M19.00S,2,1610612745,HOU,2449,Scola,L. Scola,0,0,0,,0,0,0,0,v,Scola REBOUND (Off:2 Def:5),Rebound,Unknown,0,0
190,194,PT03M06.00S,2,1610612762,UTA,2430,Boozer,C. Boozer,0,0,0,,0,0,0,0,h,Boozer S.FOUL (P3.PN),Foul,Shooting,0,0
191,195,PT03M06.00S,2,1610612762,UTA,2430,Boozer,C. Boozer,0,0,0,,0,0,0,0,h,SUB: Millsap FOR Boozer,Substitution,,0,0
192,196,PT03M06.00S,2,1610612745,HOU,2203,Battier,S. Battier,0,0,0,,0,39,29,68,v,Battier Free Throw 1 of 2 (6 PTS),Free Throw,Free Throw 1 of 2,0,0
193,198,PT03M06.00S,2,1610612745,HOU,2203,Battier,S. Battier,0,0,0,,0,39,30,69,v,Battier Free Throw 2 of 2 (7 PTS),Free Throw,Free Throw 2 of 2,0,0
194,200,PT02M44.00S,2,1610612762,UTA,2594,Korver,K. Korver,-232,6,0,Missed,1,0,0,0,h,MISS Korver  3PT Jump Shot,Missed Shot,Jump Shot,0,0
195,201,PT02M43.00S,2,1610612745,HOU,2203,Battier,S. Battier,0,0,0,,0,0,0,0,v,Battier REBOUND (Off:0 Def:4),Rebound,Unknown,0,0
196,202,PT02M32.00S,2,1610612762,UTA,101114,Williams,D. Williams,0,0,0,,0,0,0,0,h,D. Williams Violation:Kicked Ball,Violation,Kicked Ball,0,0
197,203,PT02M32.00S,2,0,,1610612762,,,0,0,0,,0,0,0,0,h,JAZZ Timeout: Regular (Full 2 Short 0),Timeout,Regular,0,0
198,205,PT02M32.00S,2,1610612762,UTA,2594,Korver,K. Korver,0,0,0,,0,0,0,0,h,SUB: Brewer FOR Korver,Substitution,,0,0
199,206,PT02M19.00S,2,1610612745,HOU,2397,Yao,Yao,0,0,0,Missed,1,0,0,0,v,MISS Yao  Layup,Missed Shot,Layup Shot,0,0
200,206,PT02M19.00S,2,1610612762,UTA,2246,Okur,M. Okur,0,0,0,,0,0,0,0,h,Okur BLOCK (2 BLK),,,0,0
201,207,PT02M18.00S,2,1610612762,UTA,101114,Williams,D. Williams,0,0,0,,0,0,0,0,h,D. Williams REBOUND (Off:0 Def:2),Rebound,Unknown,0,0
202,208,PT02M12.00S,2,1610612762,UTA,1905,Kirilenko,A. Kirilenko,0,0,0,Missed,1,0,0,0,h,MISS Kirilenko  Layup,Missed Shot,Layup Shot,0,0
203,209,PT02M11.00S,2,1610612745,HOU,2397,Yao,Yao,0,0,0,,0,0,0,0,v,Yao REBOUND (Off:2 Def:4),Rebound,Unknown,0,0
204,210,PT02M05.00S,2,1610612745,HOU,2203,Battier,S. Battier,-212,118,24,Made,1,39,33,72,v,Battier 24' 3PT Jump Shot (10 PTS) (Brooks 1 AST),Made Shot,Jump Shot,0,0
205,211,PT01M48.00S,2,1610612762,UTA,200794,Millsap,P. Millsap,-164,86,19,Made,1,41,33,74,h,Millsap 19' Jump Shot (8 PTS) (D. Williams 4 AST),Made Shot,Jump Shot,0,0
206,212,PT01M30.00S,2,1610612745,HOU,2449,Scola,L. Scola,-48,151,16,Made,1,41,35,76,v,Scola 16' Jump Shot (2 PTS) (Battier 2 AST),Made Shot,Jump Shot,0,0
207,213,PT01M14.00S,2,1610612762,UTA,101114,Williams,D. Williams,147,9,15,Made,1,43,35,78,h,D. Williams 15' Jump Shot (9 PTS) (Millsap 1 AST),Made Shot,Jump Shot,0,0
208,214,PT01M00.00S,2,1610612745,HOU,201166,Brooks,A. Brooks,-168,183,25,Made,1,43,38,81,v,Brooks 25' 3PT Jump Shot (9 PTS) (World Peace 3 AST),Made Shot,Jump Shot,0,0
209,215,PT00M51.20S,2,1610612762,UTA,200758,Brewer,R. Brewer,0,0,0,Made,1,45,38,83,h,Brewer  Layup (4 PTS) (D. Williams 5 AST),Made Shot,Layup Shot,0,0
210,216,PT00M51.20S,2,1610612745,HOU,2397,Yao,Yao,0,0,0,,0,0,0,0,v,Yao S.FOUL (P2.T4),Foul,Shooting,0,0
211,217,PT00M51.20S,2,1610612762,UTA,200758,Brewer,R. Brewer,0,0,0,,0,46,38,84,h,Brewer Free Throw 1 of 1 (5 PTS),Free Throw,Free Throw 1 of 1,0,0
212,219,PT00M40.60S,2,1610612745,HOU,1897,World Peace,M. World Peace,-188,154,24,Made,1,46,41,87,v,World Peace 24' 3PT Jump Shot (8 PTS) (Brooks 2 AST),Made Shot,Jump Shot,0,0
213,220,PT00M30.90S,2,1610612762,UTA,101114,Williams,D. Williams,31,167,17,Missed,1,0,0,0,h,MISS D. Williams 17' Jump Shot,Missed Shot,Jump Shot,0,0
214,221,PT00M28.90S,2,0,,1610612762,,,0,0,0,,0,0,0,0,h,JAZZ Rebound,Rebound,Unknown,0,0
215,222,PT00M11.90S,2,1610612762,UTA,1905,Kirilenko,A. Kirilenko,206,86,22,Missed,1,0,0,0,h,MISS Kirilenko 22' Jump Shot,Missed Shot,Jump Shot,0,0
216,223,PT00M10.50S,2,1610612745,HOU,2449,Scola,L. Scola,0,0,0,,0,0,0,0,v,Scola REBOUND (Off:2 Def:6),Rebound,Unknown,0,0
217,224,PT00M01.60S,2,1610612745,HOU,201166,Brooks,A. Brooks,24,28,4,Made,1,46,43,89,v,Brooks 4' Jump Shot (11 PTS),Made Shot,Jump Shot,0,0
218,225,PT00M00.70S,2,1610612762,UTA,2246,Okur,M. Okur,-205,512,55,Missed,1,0,0,0,h,MISS Okur 55' 3PT Jump Shot,Missed Shot,Jump Shot,0,0
219,227,PT00M00.00S,2,0,,1610612762,,,0,0,0,,0,0,0,0,h,JAZZ Rebound,Rebound,Unknown,0,0
220,229,PT00M00.00S,2,0,,0,,,0,0,0,,0,46,43,89,,End of 2nd Period (11:43 PM EST),period,end,0,0
221,231,PT12M00.00S,3,0,,0,,,0,0,0,,0,46,43,89,,Start of 3rd Period (12:01 PM EST),period,start,0,0
222,232,PT11M47.00S,3,1610612745,HOU,1897,World Peace,M. World Peace,0,0,0,,0,0,0,0,v,World Peace S.FOUL (P1.T1),Foul,Shooting,0,0
223,233,PT11M47.00S,3,1610612762,UTA,200758,Brewer,R. Brewer,0,0,0,,0,47,43,90,h,Brewer Free Throw 1 of 2 (6 PTS),Free Throw,Free Throw 1 of 2,0,0
224,235,PT11M47.00S,3,1610612762,UTA,200758,Brewer,R. Brewer,0,0,0,,0,48,43,91,h,Brewer Free Throw 2 of 2 (7 PTS),Free Throw,Free Throw 2 of 2,0,0
225,237,PT11M34.00S,3,1610612745,HOU,201166,Brooks,A. Brooks,184,159,24,Made,1,48,46,94,v,Brooks 24' 3PT Jump Shot (14 PTS) (Scola 3 AST),Made Shot,Jump Shot,0,0
226,238,PT11M19.00S,3,1610612745,HOU,2397,Yao,Yao,0,0,0,,0,0,0,0,v,Yao S.FOUL (P3.T2),Foul,Shooting,0,0
227,239,PT11M19.00S,3,1610612762,UTA,200758,Brewer,R. Brewer,0,0,0,,0,49,46,95,h,Brewer Free Throw 1 of 2 (8 PTS),Free Throw,Free Throw 1 of 2,0,0
228,241,PT11M19.00S,3,1610612762,UTA,200758,Brewer,R. Brewer,0,0,0,,0,50,46,96,h,Brewer Free Throw 2 of 2 (9 PTS),Free Throw,Free Throw 2 of 2,0,0
229,243,PT11M05.00S,3,1610612745,HOU,2449,Scola,L. Scola,190,3,19,Made,1,50,48,98,v,Scola 19' Jump Shot (4 PTS) (Brooks 3 AST),Made Shot,Jump Shot,0,0
230,244,PT10M43.00S,3,1610612762,UTA,101114,Williams,D. Williams,53,238,24,Missed,1,0,0,0,h,MISS D. Williams 24' 3PT Jump Shot,Missed Shot,Jump Shot,0,0
231,245,PT10M41.00S,3,1610612745,HOU,1897,World Peace,M. World Peace,0,0,0,,0,0,0,0,v,World Peace REBOUND (Off:0 Def:5),Rebound,Unknown,0,0
232,246,PT10M39.00S,3,1610612745,HOU,1897,World Peace,M. World Peace,0,0,0,,0,0,0,0,v,World Peace Bad Pass Turnover (P1.T5),Turnover,Bad Pass,0,0
233,246,PT10M39.00S,3,1610612762,UTA,2430,Boozer,C. Boozer,0,0,0,,0,0,0,0,h,Boozer STEAL (1 STL),,,0,0
234,247,PT10M36.00S,3,1610612762,UTA,2430,Boozer,C. Boozer,0,0,0,Missed,1,0,0,0,h,MISS Boozer  Layup,Missed Shot,Layup Shot,0,0
235,248,PT10M35.00S,3,1610612745,HOU,1897,World Peace,M. World Peace,0,0,0,,0,0,0,0,v,World Peace REBOUND (Off:0 Def:6),Rebound,Unknown,0,0
236,249,PT10M24.00S,3,1610612745,HOU,2203,Battier,S. Battier,-231,3,0,Made,1,50,51,101,v,Battier  3PT Jump Shot (13 PTS) (Brooks 4 AST),Made Shot,Jump Shot,0,0
237,250,PT10M07.00S,3,1610612762,UTA,200758,Brewer,R. Brewer,-103,165,19,Missed,1,0,0,0,h,MISS Brewer 19' Jump Shot,Missed Shot,Jump Shot,0,0
238,251,PT10M06.00S,3,1610612745,HOU,2397,Yao,Yao,0,0,0,,0,0,0,0,v,Yao REBOUND (Off:2 Def:5),Rebound,Unknown,0,0
239,252,PT09M48.00S,3,1610612745,HOU,201166,Brooks,A. Brooks,-231,4,0,Missed,1,0,0,0,v,MISS Brooks  3PT Jump Shot,Missed Shot,Jump Shot,0,0
240,253,PT09M46.00S,3,0,,1610612762,,,0,0,0,,0,0,0,0,h,JAZZ Rebound,Rebound,Unknown,0,0
241,254,PT09M34.00S,3,1610612762,UTA,2430,Boozer,C. Boozer,0,0,0,Missed,1,0,0,0,h,MISS Boozer  Layup,Missed Shot,Layup Shot,0,0
242,255,PT09M33.00S,3,1610612745,HOU,2397,Yao,Yao,0,0,0,,0,0,0,0,v,Yao REBOUND (Off:2 Def:6),Rebound,Unknown,0,0
243,256,PT09M29.00S,3,1610612762,UTA,101139,Miles,C. Miles,0,0,0,,0,0,0,0,h,Miles P.FOUL (P1.T1),Foul,Personal,0,0
244,257,PT09M22.00S,3,1610612745,HOU,2397,Yao,Yao,-138,42,14,Made,1,50,53,103,v,Yao 14' Jump Shot (8 PTS) (World Peace 4 AST),Made Shot,Jump Shot,0,0
245,258,PT09M14.00S,3,1610612762,UTA,101114,Williams,D. Williams,0,0,0,Made,1,52,53,105,h,D. Williams  Driving Layup (11 PTS),Made Shot,Driving Layup Shot,0,0
246,259,PT08M56.00S,3,1610612745,HOU,2397,Yao,Yao,-29,33,4,Missed,1,0,0,0,v,MISS Yao 4' Jump Shot,Missed Shot,Jump Shot,0,0
247,260,PT08M55.00S,3,1610612762,UTA,2430,Boozer,C. Boozer,0,0,0,,0,0,0,0,h,Boozer REBOUND (Off:0 Def:5),Rebound,Unknown,0,0
248,261,PT08M42.00S,3,1610612762,UTA,2430,Boozer,C. Boozer,-54,173,18,Made,1,54,53,107,h,Boozer 18' Jump Shot (6 PTS),Made Shot,Jump Shot,0,0
249,262,PT08M23.00S,3,1610612745,HOU,1897,World Peace,M. World Peace,0,0,0,Missed,1,0,0,0,v,MISS World Peace  Layup,Missed Shot,Layup Shot,0,0
250,263,PT08M22.00S,3,1610612745,HOU,1897,World Peace,M. World Peace,0,0,0,,0,0,0,0,v,World Peace REBOUND (Off:1 Def:6),Rebound,Unknown,0,0
251,264,PT08M21.00S,3,1610612745,HOU,1897,World Peace,M. World Peace,0,0,0,Missed,1,0,0,0,v,MISS World Peace  Layup,Missed Shot,Layup Shot,0,0
252,265,PT08M20.00S,3,1610612762,UTA,101114,Williams,D. Williams,0,0,0,,0,0,0,0,h,D. Williams REBOUND (Off:0 Def:3),Rebound,Unknown,0,0
253,266,PT08M01.00S,3,1610612762,UTA,101114,Williams,D. Williams,0,0,0,,0,0,0,0,h,D. Williams Bad Pass Turnover (P1.T2),Turnover,Bad Pass,0,0
254,267,PT07M44.00S,3,1610612745,HOU,2397,Yao,Yao,-89,61,11,Missed,1,0,0,0,v,MISS Yao 11' Jump Shot,Missed Shot,Jump Shot,0,0
255,268,PT07M42.00S,3,1610612762,UTA,101139,Miles,C. Miles,0,0,0,,0,0,0,0,h,Miles REBOUND (Off:0 Def:1),Rebound,Unknown,0,0
256,269,PT07M31.00S,3,1610612762,UTA,200758,Brewer,R. Brewer,152,192,24,Made,1,57,53,110,h,Brewer 24' 3PT Jump Shot (12 PTS) (D. Williams 6 AST),Made Shot,Jump Shot,0,0
257,270,PT07M18.00S,3,1610612745,HOU,2203,Battier,S. Battier,0,0,0,,0,0,0,0,v,Battier Bad Pass Turnover (P1.T6),Turnover,Bad Pass,0,0
258,271,PT07M09.00S,3,1610612762,UTA,101114,Williams,D. Williams,0,0,0,Made,1,59,53,112,h,D. Williams  Layup (13 PTS),Made Shot,Layup Shot,0,0
259,272,PT07M05.00S,3,0,,1610612745,,,0,0,0,,0,0,0,0,v,Rockets Timeout: Regular (Reg.3 Short 0),Timeout,Regular,0,0
260,274,PT06M49.00S,3,1610612745,HOU,201166,Brooks,A. Brooks,-198,41,20,Missed,1,0,0,0,v,MISS Brooks 20' Jump Shot,Missed Shot,Jump Shot,0,0
261,275,PT06M46.00S,3,0,,1610612762,,,0,0,0,,0,0,0,0,h,JAZZ Rebound,Rebound,Unknown,0,0
262,276,PT06M37.00S,3,1610612762,UTA,101114,Williams,D. Williams,-122,143,19,Missed,1,0,0,0,h,MISS D. Williams 19' Jump Shot,Missed Shot,Jump Shot,0,0
263,277,PT06M36.00S,3,1610612745,HOU,2397,Yao,Yao,0,0,0,,0,0,0,0,v,Yao REBOUND (Off:2 Def:7),Rebound,Unknown,0,0
264,278,PT06M25.00S,3,1610612745,HOU,201166,Brooks,A. Brooks,-180,173,25,Missed,1,0,0,0,v,MISS Brooks 25' 3PT Jump Shot,Missed Shot,Jump Shot,0,0
265,279,PT06M23.00S,3,1610612762,UTA,2246,Okur,M. Okur,0,0,0,,0,0,0,0,h,Okur REBOUND (Off:1 Def:3),Rebound,Unknown,0,0
266,280,PT06M04.00S,3,1610612762,UTA,101139,Miles,C. Miles,-182,157,24,Missed,1,0,0,0,h,MISS Miles 24' 3PT Jump Shot,Missed Shot,Jump Shot,0,0
267,281,PT06M02.00S,3,1610612745,HOU,1897,World Peace,M. World Peace,0,0,0,,0,0,0,0,v,World Peace REBOUND (Off:1 Def:7),Rebound,Unknown,0,0
268,282,PT05M46.00S,3,1610612745,HOU,2397,Yao,Yao,-163,116,20,Made,1,59,55,114,v,Yao 20' Jump Shot (10 PTS) (World Peace 5 AST),Made Shot,Jump Shot,0,0
269,283,PT05M30.00S,3,1610612762,UTA,2430,Boozer,C. Boozer,0,0,0,Made,1,61,55,116,h,Boozer  Layup (8 PTS) (D. Williams 7 AST),Made Shot,Layup Shot,0,0
270,284,PT05M09.00S,3,1610612745,HOU,2449,Scola,L. Scola,-56,168,18,Made,1,61,57,118,v,Scola 18' Jump Shot (6 PTS) (World Peace 6 AST),Made Shot,Jump Shot,0,0
271,285,PT04M51.00S,3,1610612762,UTA,2430,Boozer,C. Boozer,0,0,0,Made,1,63,57,120,h,Boozer  Dunk (10 PTS) (Okur 1 AST),Made Shot,Dunk Shot,0,0
272,286,PT04M32.00S,3,1610612745,HOU,1897,World Peace,M. World Peace,-70,4,7,Missed,1,0,0,0,v,MISS World Peace 7' Jump Shot,Missed Shot,Jump Shot,0,0
273,286,PT04M32.00S,3,1610612762,UTA,200758,Brewer,R. Brewer,0,0,0,,0,0,0,0,h,Brewer BLOCK (2 BLK),,,0,0
274,287,PT04M32.00S,3,0,,1610612745,,,0,0,0,,0,0,0,0,v,Rockets Rebound,Rebound,Unknown,0,0
275,288,PT04M29.00S,3,1610612745,HOU,1897,World Peace,M. World Peace,-217,12,22,Missed,1,0,0,0,v,MISS World Peace 22' Jump Shot,Missed Shot,Jump Shot,0,0
276,289,PT04M28.00S,3,1610612762,UTA,2430,Boozer,C. Boozer,0,0,0,,0,0,0,0,h,Boozer REBOUND (Off:0 Def:6),Rebound,Unknown,0,0
277,290,PT04M14.00S,3,1610612762,UTA,2430,Boozer,C. Boozer,84,134,16,Missed,1,0,0,0,h,MISS Boozer 16' Jump Shot,Missed Shot,Jump Shot,0,0
278,291,PT04M13.00S,3,1610612745,HOU,201166,Brooks,A. Brooks,0,0,0,,0,0,0,0,v,Brooks REBOUND (Off:0 Def:1),Rebound,Unknown,0,0
279,292,PT04M05.00S,3,1610612745,HOU,2203,Battier,S. Battier,231,44,24,Missed,1,0,0,0,v,MISS Battier 24' 3PT Jump Shot,Missed Shot,Jump Shot,0,0
280,293,PT04M04.00S,3,1610612762,UTA,200758,Brewer,R. Brewer,0,0,0,,0,0,0,0,h,Brewer REBOUND (Off:0 Def:5),Rebound,Unknown,0,0
281,294,PT03M53.00S,3,1610612762,UTA,200758,Brewer,R. Brewer,0,0,0,Made,1,65,57,122,h,Brewer  Reverse Slam Dunk (14 PTS),Made Shot,Reverse Slam Dunk Shot,0,0
282,295,PT03M42.00S,3,1610612745,HOU,201166,Brooks,A. Brooks,12,48,5,Made,1,65,59,124,v,Brooks 5' Running Jump Shot (16 PTS),Made Shot,Running Jump Shot,0,0
283,296,PT03M22.00S,3,1610612762,UTA,2430,Boozer,C. Boozer,110,176,21,Made,1,67,59,126,h,Boozer 21' Jump Shot (12 PTS) (D. Williams 8 AST),Made Shot,Jump Shot,0,0
284,297,PT03M06.00S,3,1610612745,HOU,1897,World Peace,M. World Peace,0,0,0,Made,1,67,61,128,v,World Peace  Layup (10 PTS),Made Shot,Layup Shot,0,0
285,298,PT02M43.00S,3,1610612762,UTA,2246,Okur,M. Okur,-75,-2,8,Missed,1,0,0,0,h,MISS Okur 8' Jump Shot,Missed Shot,Jump Shot,0,0
286,298,PT02M43.00S,3,1610612745,HOU,1897,World Peace,M. World Peace,0,0,0,,0,0,0,0,v,World Peace BLOCK (1 BLK),,,0,0
287,299,PT02M43.00S,3,0,,1610612762,,,0,0,0,,0,0,0,0,h,JAZZ Rebound,Rebound,Unknown,0,0
288,300,PT02M43.00S,3,0,,1610612762,,,0,0,0,,0,0,0,0,h,JAZZ Timeout: Regular (Full 3 Short 0),Timeout,Regular,0,0
289,302,PT02M43.00S,3,1610612762,UTA,101139,Miles,C. Miles,0,0,0,,0,0,0,0,h,SUB: Korver FOR Miles,Substitution,,0,0
290,303,PT02M43.00S,3,1610612762,UTA,2430,Boozer,C. Boozer,0,0,0,,0,0,0,0,h,SUB: Millsap FOR Boozer,Substitution,,0,0
291,304,PT02M43.00S,3,1610612745,HOU,2397,Yao,Yao,0,0,0,,0,0,0,0,v,SUB: Hayes FOR Yao,Substitution,,0,0
292,305,PT02M43.00S,3,1610612745,HOU,2203,Battier,S. Battier,0,0,0,,0,0,0,0,v,SUB: Wafer FOR Battier,Substitution,,0,0
293,306,PT02M43.00S,3,1610612745,HOU,201166,Brooks,A. Brooks,0,0,0,,0,0,0,0,v,SUB: Lowry FOR Brooks,Substitution,,0,0
294,307,PT02M41.00S,3,1610612762,UTA,200794,Millsap,P. Millsap,-3,3,0,Made,1,69,61,130,h,Millsap  Dunk (10 PTS) (D. Williams 9 AST),Made Shot,Dunk Shot,0,0
295,308,PT02M41.00S,3,1610612745,HOU,2449,Scola,L. Scola,0,0,0,,0,0,0,0,v,Scola S.FOUL (P3.T3),Foul,Shooting,0,0
296,309,PT02M41.00S,3,1610612762,UTA,200794,Millsap,P. Millsap,0,0,0,,0,70,61,131,h,Millsap Free Throw 1 of 1 (11 PTS),Free Throw,Free Throw 1 of 1,0,0
297,311,PT02M23.00S,3,1610612745,HOU,1897,World Peace,M. World Peace,-220,99,24,Made,1,70,64,134,v,World Peace 24' 3PT Jump Shot (13 PTS),Made Shot,Jump Shot,0,0
298,312,PT02M06.00S,3,1610612762,UTA,2594,Korver,K. Korver,0,0,0,Missed,1,0,0,0,h,MISS Korver  Reverse Layup,Missed Shot,Reverse Layup Shot,0,0
299,313,PT02M05.00S,3,1610612745,HOU,1897,World Peace,M. World Peace,0,0,0,,0,0,0,0,v,World Peace REBOUND (Off:1 Def:8),Rebound,Unknown,0,0
300,314,PT02M00.00S,3,1610612745,HOU,1897,World Peace,M. World Peace,0,0,0,Missed,1,0,0,0,v,MISS World Peace  Layup,Missed Shot,Layup Shot,0,0
301,315,PT01M58.00S,3,1610612762,UTA,200794,Millsap,P. Millsap,0,0,0,,0,0,0,0,h,Millsap REBOUND (Off:0 Def:5),Rebound,Unknown,0,0
302,316,PT01M48.00S,3,1610612762,UTA,200794,Millsap,P. Millsap,0,0,0,Missed,1,0,0,0,h,MISS Millsap  Layup,Missed Shot,Layup Shot,0,0
303,317,PT01M47.00S,3,1610612762,UTA,200758,Brewer,R. Brewer,0,0,0,,0,0,0,0,h,Brewer REBOUND (Off:1 Def:5),Rebound,Unknown,0,0
304,318,PT01M46.00S,3,1610612762,UTA,200758,Brewer,R. Brewer,0,0,0,Missed,1,0,0,0,h,MISS Brewer  Layup,Missed Shot,Layup Shot,0,0
305,319,PT01M45.00S,3,1610612745,HOU,101236,Hayes,C. Hayes,0,0,0,,0,0,0,0,v,Hayes REBOUND (Off:0 Def:1),Rebound,Unknown,0,0
306,320,PT01M41.00S,3,1610612762,UTA,2246,Okur,M. Okur,0,0,0,,0,0,0,0,h,Okur S.FOUL (P2.T2),Foul,Shooting,0,0
307,321,PT01M41.00S,3,1610612762,UTA,101114,Williams,D. Williams,0,0,0,,0,0,0,0,h,SUB: Knight FOR D. Williams,Substitution,,0,0
308,322,PT01M41.00S,3,1610612745,HOU,200768,Lowry,K. Lowry,0,0,0,,0,0,0,0,v,MISS Lowry Free Throw 1 of 2,Free Throw,Free Throw 1 of 2,0,0
309,323,PT01M41.00S,3,0,,1610612745,,,0,0,0,,0,0,0,0,v,Rockets Rebound,Rebound,Normal Rebound,0,0
310,324,PT01M41.00S,3,1610612745,HOU,200768,Lowry,K. Lowry,0,0,0,,0,70,65,135,v,Lowry Free Throw 2 of 2 (2 PTS),Free Throw,Free Throw 2 of 2,0,0
311,326,PT01M28.00S,3,1610612762,UTA,200794,Millsap,P. Millsap,81,145,17,Missed,1,0,0,0,h,MISS Millsap 17' Jump Shot,Missed Shot,Jump Shot,0,0
312,327,PT01M27.00S,3,1610612745,HOU,200768,Lowry,K. Lowry,0,0,0,,0,0,0,0,v,Lowry REBOUND (Off:0 Def:3),Rebound,Unknown,0,0
313,328,PT01M21.00S,3,1610612745,HOU,200768,Lowry,K. Lowry,0,0,0,Missed,1,0,0,0,v,MISS Lowry  Layup,Missed Shot,Layup Shot,0,0
314,330,PT01M19.00S,3,1610612745,HOU,2449,Scola,L. Scola,0,0,0,,0,0,0,0,v,Scola REBOUND (Off:3 Def:6),Rebound,Unknown,0,0
315,329,PT01M19.00S,3,1610612745,HOU,2449,Scola,L. Scola,0,0,0,Missed,1,0,0,0,v,MISS Scola  Tip Shot,Missed Shot,Tip Shot,0,0
316,331,PT01M18.00S,3,1610612762,UTA,2246,Okur,M. Okur,0,0,0,,0,0,0,0,h,Okur REBOUND (Off:1 Def:4),Rebound,Unknown,0,0
317,332,PT01M14.00S,3,1610612745,HOU,101236,Hayes,C. Hayes,0,0,0,,0,0,0,0,v,Hayes S.FOUL (P1.T4),Foul,Shooting,0,0
318,333,PT01M14.00S,3,1610612762,UTA,200758,Brewer,R. Brewer,0,0,0,,0,0,0,0,h,MISS Brewer Free Throw 1 of 2,Free Throw,Free Throw 1 of 2,0,0
319,334,PT01M14.00S,3,0,,1610612762,,,0,0,0,,0,0,0,0,h,JAZZ Rebound,Rebound,Normal Rebound,0,0
320,335,PT01M14.00S,3,1610612762,UTA,200758,Brewer,R. Brewer,0,0,0,,0,71,65,136,h,Brewer Free Throw 2 of 2 (15 PTS),Free Throw,Free Throw 2 of 2,0,0
321,337,PT01M04.00S,3,1610612745,HOU,200768,Lowry,K. Lowry,-228,30,0,Missed,1,0,0,0,v,MISS Lowry  3PT Jump Shot,Missed Shot,Jump Shot,0,0
322,338,PT01M03.00S,3,1610612745,HOU,101236,Hayes,C. Hayes,0,0,0,,0,0,0,0,v,Hayes REBOUND (Off:1 Def:1),Rebound,Unknown,0,0
323,339,PT00M56.90S,3,1610612745,HOU,1897,World Peace,M. World Peace,228,101,25,Missed,1,0,0,0,v,MISS World Peace 25' 3PT Jump Shot,Missed Shot,Jump Shot,0,0
324,340,PT00M54.90S,3,1610612745,HOU,101236,Hayes,C. Hayes,0,0,0,,0,0,0,0,v,Hayes REBOUND (Off:2 Def:1),Rebound,Unknown,0,0
325,341,PT00M46.90S,3,1610612745,HOU,2449,Scola,L. Scola,0,41,4,Missed,1,0,0,0,v,MISS Scola 4' Jump Shot,Missed Shot,Jump Shot,0,0
326,342,PT00M45.90S,3,1610612745,HOU,2449,Scola,L. Scola,0,0,0,,0,0,0,0,v,Scola REBOUND (Off:4 Def:6),Rebound,Unknown,0,0
327,343,PT00M44.90S,3,1610612745,HOU,2449,Scola,L. Scola,0,0,0,Missed,1,0,0,0,v,MISS Scola  Layup,Missed Shot,Layup Shot,0,0
328,343,PT00M44.90S,3,1610612762,UTA,2246,Okur,M. Okur,0,0,0,,0,0,0,0,h,Okur BLOCK (3 BLK),,,0,0
329,363,PT00M44.90S,3,1610612745,HOU,2449,Scola,L. Scola,0,0,0,,0,0,0,0,v,Scola REBOUND (Off:5 Def:6),Rebound,Unknown,0,0
330,362,PT00M44.90S,3,1610612745,HOU,2449,Scola,L. Scola,0,0,0,Missed,1,0,0,0,v,MISS Scola  Tip Shot,Missed Shot,Tip Shot,0,0
331,344,PT00M43.40S,3,1610612745,HOU,101236,Hayes,C. Hayes,0,0,0,,0,0,0,0,v,Hayes REBOUND (Off:3 Def:1),Rebound,Unknown,0,0
332,345,PT00M43.00S,3,1610612745,HOU,101236,Hayes,C. Hayes,-34,34,5,Made,1,71,67,138,v,Hayes 5' Jump Shot (2 PTS),Made Shot,Jump Shot,0,0
333,346,PT00M32.40S,3,1610612762,UTA,2246,Okur,M. Okur,40,224,23,Made,1,73,67,140,h,Okur 23' Jump Shot (8 PTS) (Knight 2 AST),Made Shot,Jump Shot,0,0
334,347,PT00M09.90S,3,1610612745,HOU,1897,World Peace,M. World Peace,-30,25,4,Missed,1,0,0,0,v,MISS World Peace 4' Jump Shot,Missed Shot,Jump Shot,0,0
335,347,PT00M09.90S,3,1610612762,UTA,200794,Millsap,P. Millsap,0,0,0,,0,0,0,0,h,Millsap BLOCK (1 BLK),,,0,0
336,348,PT00M08.40S,3,1610612762,UTA,2246,Okur,M. Okur,0,0,0,,0,0,0,0,h,Okur REBOUND (Off:1 Def:5),Rebound,Unknown,0,0
337,349,PT00M04.70S,3,1610612745,HOU,200768,Lowry,K. Lowry,0,0,0,,0,0,0,0,v,Lowry S.FOUL (P1.PN),Foul,Shooting,0,0
338,350,PT00M04.70S,3,1610612762,UTA,200758,Brewer,R. Brewer,0,0,0,,0,74,67,141,h,Brewer Free Throw 1 of 2 (16 PTS),Free Throw,Free Throw 1 of 2,0,0
339,352,PT00M04.70S,3,1610612762,UTA,200758,Brewer,R. Brewer,0,0,0,,0,75,67,142,h,Brewer Free Throw 2 of 2 (17 PTS),Free Throw,Free Throw 2 of 2,0,0
340,354,PT00M03.90S,3,1610612745,HOU,101236,Hayes,C. Hayes,0,0,0,,0,0,0,0,v,Hayes Bad Pass Turnover (P2.T7),Turnover,Bad Pass,0,0
341,354,PT00M03.90S,3,1610612762,UTA,200758,Brewer,R. Brewer,0,0,0,,0,0,0,0,h,Brewer STEAL (1 STL),,,0,0
342,355,PT00M00.40S,3,1610612762,UTA,200794,Millsap,P. Millsap,-49,410,41,Missed,1,0,0,0,h,MISS Millsap 41' 3PT Jump Shot,Missed Shot,Jump Shot,0,0
343,357,PT00M00.00S,3,0,,1610612762,,,0,0,0,,0,0,0,0,h,JAZZ Rebound,Rebound,Unknown,0,0
344,360,PT00M00.00S,3,0,,0,,,0,0,0,,0,75,67,142,,End of 3rd Period (12:27 PM EST),period,end,0,0
345,364,PT12M00.00S,4,0,,0,,,0,0,0,,0,75,67,142,,Start of 4th Period (12:30 PM EST),period,start,0,0
346,366,PT11M42.00S,4,1610612745,HOU,2397,Yao,Yao,-32,14,3,Missed,1,0,0,0,v,MISS Yao 3' Hook Shot,Missed Shot,Hook Shot,0,0
347,367,PT11M42.00S,4,1610612745,HOU,2397,Yao,Yao,0,0,0,,0,0,0,0,v,Yao REBOUND (Off:3 Def:7),Rebound,Unknown,0,0
348,368,PT11M42.00S,4,1610612762,UTA,2430,Boozer,C. Boozer,0,0,0,,0,0,0,0,h,Boozer S.FOUL (P4.T1),Foul,Shooting,0,0
349,369,PT11M42.00S,4,1610612745,HOU,2397,Yao,Yao,0,0,0,,0,75,68,143,v,Yao Free Throw 1 of 2 (11 PTS),Free Throw,Free Throw 1 of 2,0,0
350,371,PT11M42.00S,4,1610612745,HOU,2397,Yao,Yao,0,0,0,,0,75,69,144,v,Yao Free Throw 2 of 2 (12 PTS),Free Throw,Free Throw 2 of 2,0,0
351,373,PT11M28.00S,4,1610612762,UTA,1510,Knight,B. Knight,-93,146,17,Made,1,77,69,146,h,Knight 17' Jump Shot (2 PTS),Made Shot,Jump Shot,0,0
352,374,PT11M09.00S,4,1610612745,HOU,2397,Yao,Yao,-23,58,6,Made,1,77,71,148,v,Yao 6' Hook Shot (14 PTS),Made Shot,Hook Shot,0,0
353,375,PT10M58.00S,4,1610612762,UTA,1510,Knight,B. Knight,-164,97,19,Missed,1,0,0,0,h,MISS Knight 19' Jump Shot,Missed Shot,Jump Shot,0,0
354,376,PT10M57.00S,4,1610612745,HOU,101144,Wafer,V. Wafer,0,0,0,,0,0,0,0,v,Wafer REBOUND (Off:0 Def:3),Rebound,Unknown,0,0
355,378,PT10M54.00S,4,1610612745,HOU,101144,Wafer,V. Wafer,0,0,0,,0,0,0,0,v,Wafer Illegal Assist Turnover (P1.T8),Turnover,Illegal Assist Turnover,0,0
356,379,PT10M39.00S,4,1610612762,UTA,200794,Millsap,P. Millsap,26,39,5,Made,1,79,71,150,h,Millsap 5' Jump Shot (13 PTS) (Kirilenko 1 AST),Made Shot,Jump Shot,0,0
357,380,PT10M22.00S,4,1610612745,HOU,2397,Yao,Yao,0,0,0,,0,0,0,0,v,Yao Bad Pass Turnover (P1.T9),Turnover,Bad Pass,0,0
358,380,PT10M22.00S,4,1610612762,UTA,2594,Korver,K. Korver,0,0,0,,0,0,0,0,h,Korver STEAL (1 STL),,,0,0
359,381,PT10M17.00S,4,1610612745,HOU,2203,Battier,S. Battier,0,0,0,,0,0,0,0,v,Battier S.FOUL (P1.T1),Foul,Shooting,0,0
360,382,PT10M17.00S,4,0,,1610612745,,,0,0,0,,0,0,0,0,v,Rockets Timeout: Regular (Reg.4 Short 0),Timeout,Regular,0,0
361,384,PT10M17.00S,4,1610612745,HOU,1897,World Peace,M. World Peace,0,0,0,,0,0,0,0,v,SUB: Scola FOR World Peace,Substitution,,0,0
362,385,PT10M17.00S,4,1610612762,UTA,2430,Boozer,C. Boozer,0,0,0,,0,0,0,0,h,MISS Boozer Free Throw 1 of 2,Free Throw,Free Throw 1 of 2,0,0
363,386,PT10M17.00S,4,0,,1610612762,,,0,0,0,,0,0,0,0,h,JAZZ Rebound,Rebound,Normal Rebound,0,0
364,387,PT10M17.00S,4,1610612762,UTA,2430,Boozer,C. Boozer,0,0,0,,0,80,71,151,h,Boozer Free Throw 2 of 2 (13 PTS),Free Throw,Free Throw 2 of 2,0,0
365,389,PT09M59.00S,4,1610612745,HOU,200768,Lowry,K. Lowry,0,0,0,Missed,1,0,0,0,v,MISS Lowry  Layup,Missed Shot,Layup Shot,0,0
366,389,PT09M59.00S,4,1610612762,UTA,200794,Millsap,P. Millsap,0,0,0,,0,0,0,0,h,Millsap BLOCK (2 BLK),,,0,0
367,390,PT09M58.00S,4,0,,1610612762,,,0,0,0,,0,0,0,0,h,JAZZ Rebound,Rebound,Unknown,0,0
368,391,PT09M46.00S,4,1610612745,HOU,2397,Yao,Yao,0,0,0,,0,0,0,0,v,Yao S.FOUL (P4.T2),Foul,Shooting,0,0
369,392,PT09M46.00S,4,1610612762,UTA,200794,Millsap,P. Millsap,0,0,0,,0,0,0,0,h,MISS Millsap Free Throw 1 of 2,Free Throw,Free Throw 1 of 2,0,0
370,393,PT09M46.00S,4,0,,1610612762,,,0,0,0,,0,0,0,0,h,JAZZ Rebound,Rebound,Normal Rebound,0,0
371,394,PT09M46.00S,4,1610612762,UTA,200794,Millsap,P. Millsap,0,0,0,,0,0,0,0,h,MISS Millsap Free Throw 2 of 2,Free Throw,Free Throw 2 of 2,0,0
372,396,PT09M46.00S,4,0,,1610612762,,,0,0,0,,0,0,0,0,h,JAZZ Rebound,Rebound,Unknown,0,0
373,397,PT09M35.00S,4,1610612745,HOU,2449,Scola,L. Scola,0,0,0,,0,0,0,0,v,Scola P.FOUL (P4.T3),Foul,Personal,0,0
374,398,PT09M29.00S,4,1610612762,UTA,2430,Boozer,C. Boozer,0,0,0,Missed,1,0,0,0,h,MISS Boozer  Layup,Missed Shot,Layup Shot,0,0
375,398,PT09M29.00S,4,1610612745,HOU,2397,Yao,Yao,0,0,0,,0,0,0,0,v,Yao BLOCK (3 BLK),,,0,0
376,399,PT09M27.00S,4,1610612745,HOU,2449,Scola,L. Scola,0,0,0,,0,0,0,0,v,Scola REBOUND (Off:5 Def:7),Rebound,Unknown,0,0
377,400,PT09M24.00S,4,1610612745,HOU,101144,Wafer,V. Wafer,0,0,0,,0,0,0,0,v,Wafer OFF.Foul (P2),Foul,Offensive,0,0
378,401,PT09M24.00S,4,1610612745,HOU,101144,Wafer,V. Wafer,0,0,0,,0,0,0,0,v,Wafer Foul Turnover (P2.T10),Turnover,Foul,0,0
379,402,PT09M04.00S,4,1610612762,UTA,1510,Knight,B. Knight,0,0,0,,0,0,0,0,h,Knight Bad Pass Turnover (P1.T3),Turnover,Bad Pass,0,0
380,402,PT09M04.00S,4,1610612745,HOU,2449,Scola,L. Scola,0,0,0,,0,0,0,0,v,Scola STEAL (1 STL),,,0,0
381,403,PT08M57.00S,4,1610612745,HOU,101144,Wafer,V. Wafer,45,-13,5,Missed,1,0,0,0,v,MISS Wafer 5' Jump Shot,Missed Shot,Jump Shot,0,0
382,403,PT08M57.00S,4,1610612762,UTA,2594,Korver,K. Korver,0,0,0,,0,0,0,0,h,Korver BLOCK (1 BLK),,,0,0
383,404,PT08M55.00S,4,1610612762,UTA,2594,Korver,K. Korver,0,0,0,,0,0,0,0,h,Korver REBOUND (Off:0 Def:3),Rebound,Unknown,0,0
384,405,PT08M51.00S,4,1610612762,UTA,1510,Knight,B. Knight,-5,176,18,Made,1,82,71,153,h,Knight 18' Jump Shot (4 PTS) (Korver 2 AST),Made Shot,Jump Shot,0,0
385,406,PT08M37.00S,4,1610612745,HOU,200768,Lowry,K. Lowry,0,0,0,,0,0,0,0,v,Lowry Traveling Turnover (P2.T11),Turnover,Traveling,0,0
386,407,PT08M37.00S,4,1610612762,UTA,1510,Knight,B. Knight,0,0,0,,0,0,0,0,h,SUB: D. Williams FOR Knight,Substitution,,0,0
387,408,PT08M24.00S,4,1610612762,UTA,1905,Kirilenko,A. Kirilenko,0,0,0,,0,0,0,0,h,Kirilenko Lost Ball Turnover (P1.T4),Turnover,Lost Ball,0,0
388,408,PT08M24.00S,4,1610612745,HOU,2449,Scola,L. Scola,0,0,0,,0,0,0,0,v,Scola STEAL (2 STL),,,0,0
389,409,PT08M18.00S,4,1610612745,HOU,101144,Wafer,V. Wafer,0,0,0,Missed,1,0,0,0,v,MISS Wafer  Layup,Missed Shot,Layup Shot,0,0
390,410,PT08M17.00S,4,1610612762,UTA,2430,Boozer,C. Boozer,0,0,0,,0,0,0,0,h,Boozer REBOUND (Off:0 Def:7),Rebound,Unknown,0,0
391,411,PT08M00.00S,4,1610612762,UTA,2430,Boozer,C. Boozer,54,165,17,Missed,1,0,0,0,h,MISS Boozer 17' Jump Shot,Missed Shot,Jump Shot,0,0
392,412,PT07M59.00S,4,1610612745,HOU,2203,Battier,S. Battier,0,0,0,,0,0,0,0,v,Battier REBOUND (Off:0 Def:5),Rebound,Unknown,0,0
393,413,PT07M59.00S,4,1610612762,UTA,200794,Millsap,P. Millsap,0,0,0,,0,0,0,0,h,Millsap L.B.FOUL (P2.T2),Foul,Loose Ball,0,0
394,414,PT07M59.00S,4,1610612745,HOU,101144,Wafer,V. Wafer,0,0,0,,0,0,0,0,v,SUB: World Peace FOR Wafer,Substitution,,0,0
395,415,PT07M59.00S,4,1610612745,HOU,200768,Lowry,K. Lowry,0,0,0,,0,0,0,0,v,SUB: Brooks FOR Lowry,Substitution,,0,0
396,416,PT07M46.00S,4,1610612745,HOU,2449,Scola,L. Scola,59,170,18,Made,1,82,73,155,v,Scola 18' Jump Shot (8 PTS) (World Peace 7 AST),Made Shot,Jump Shot,0,0
397,417,PT07M30.00S,4,1610612762,UTA,2594,Korver,K. Korver,0,0,0,,0,0,0,0,h,Korver Bad Pass Turnover (P2.T5),Turnover,Bad Pass,0,0
398,417,PT07M30.00S,4,1610612745,HOU,2203,Battier,S. Battier,0,0,0,,0,0,0,0,v,Battier STEAL (1 STL),,,0,0
399,418,PT07M12.00S,4,1610612745,HOU,1897,World Peace,M. World Peace,0,0,0,Missed,1,0,0,0,v,MISS World Peace  Layup,Missed Shot,Layup Shot,0,0
400,418,PT07M12.00S,4,1610612762,UTA,200794,Millsap,P. Millsap,0,0,0,,0,0,0,0,h,Millsap BLOCK (3 BLK),,,0,0
401,419,PT07M10.00S,4,1610612762,UTA,1905,Kirilenko,A. Kirilenko,0,0,0,,0,0,0,0,h,Kirilenko REBOUND (Off:0 Def:2),Rebound,Unknown,0,0
402,420,PT07M03.00S,4,1610612762,UTA,200794,Millsap,P. Millsap,0,0,0,Missed,1,0,0,0,h,MISS Millsap  Layup,Missed Shot,Layup Shot,0,0
403,420,PT07M03.00S,4,1610612745,HOU,2397,Yao,Yao,0,0,0,,0,0,0,0,v,Yao BLOCK (4 BLK),,,0,0
404,421,PT07M02.00S,4,1610612745,HOU,1897,World Peace,M. World Peace,0,0,0,,0,0,0,0,v,World Peace REBOUND (Off:1 Def:9),Rebound,Unknown,0,0
405,422,PT06M57.00S,4,1610612762,UTA,1905,Kirilenko,A. Kirilenko,0,0,0,,0,0,0,0,h,Kirilenko P.FOUL (P1.T3),Foul,Personal,0,0
406,423,PT06M49.00S,4,1610612762,UTA,200794,Millsap,P. Millsap,0,0,0,,0,0,0,0,h,Millsap S.FOUL (P3.T4),Foul,Shooting,0,0
407,424,PT06M49.00S,4,1610612762,UTA,200794,Millsap,P. Millsap,0,0,0,,0,0,0,0,h,SUB: Okur FOR Millsap,Substitution,,0,0
408,425,PT06M49.00S,4,1610612745,HOU,2449,Scola,L. Scola,0,0,0,,0,82,74,156,v,Scola Free Throw 1 of 2 (9 PTS),Free Throw,Free Throw 1 of 2,0,0
409,427,PT06M49.00S,4,1610612745,HOU,2449,Scola,L. Scola,0,0,0,,0,82,75,157,v,Scola Free Throw 2 of 2 (10 PTS),Free Throw,Free Throw 2 of 2,0,0
410,429,PT06M34.00S,4,1610612762,UTA,1905,Kirilenko,A. Kirilenko,0,0,0,Made,1,84,75,159,h,Kirilenko  Dunk (3 PTS) (D. Williams 10 AST),Made Shot,Dunk Shot,0,0
411,430,PT06M18.00S,4,1610612745,HOU,201166,Brooks,A. Brooks,231,91,25,Missed,1,0,0,0,v,MISS Brooks 25' 3PT Jump Shot,Missed Shot,Jump Shot,0,0
412,431,PT06M16.00S,4,1610612762,UTA,2430,Boozer,C. Boozer,0,0,0,,0,0,0,0,h,Boozer REBOUND (Off:0 Def:8),Rebound,Unknown,0,0
413,432,PT06M00.00S,4,1610612762,UTA,2246,Okur,M. Okur,-138,6,14,Made,1,86,75,161,h,Okur 14' Fadeaway Jumper (10 PTS),Made Shot,Fadeaway Jump Shot,0,0
414,433,PT05M49.00S,4,1610612745,HOU,201166,Brooks,A. Brooks,0,0,0,Made,1,86,77,163,v,Brooks  Driving Layup (18 PTS),Made Shot,Driving Layup Shot,0,0
415,434,PT05M46.00S,4,1610612762,UTA,2430,Boozer,C. Boozer,0,0,0,,0,0,0,0,h,Boozer Bad Pass Turnover (P1.T6),Turnover,Bad Pass,0,0
416,434,PT05M46.00S,4,1610612745,HOU,2203,Battier,S. Battier,0,0,0,,0,0,0,0,v,Battier STEAL (2 STL),,,0,0
417,435,PT05M46.00S,4,1610612762,UTA,2430,Boozer,C. Boozer,0,0,0,,0,0,0,0,h,Boozer S.FOUL (P5.PN),Foul,Shooting,0,0
418,436,PT05M46.00S,4,0,,0,,,0,0,0,,0,0,0,0,,Timeout: Official,Timeout,Official,0,0
419,438,PT05M46.00S,4,1610612762,UTA,2430,Boozer,C. Boozer,0,0,0,,0,0,0,0,h,SUB: Millsap FOR Boozer,Substitution,,0,0
420,439,PT05M46.00S,4,1610612745,HOU,2397,Yao,Yao,0,0,0,,0,0,0,0,v,SUB: Barry FOR Yao,Substitution,,0,0
421,440,PT05M46.00S,4,1610612745,HOU,2203,Battier,S. Battier,0,0,0,,0,86,78,164,v,Battier Free Throw 1 of 2 (14 PTS),Free Throw,Free Throw 1 of 2,0,0
422,442,PT05M46.00S,4,1610612745,HOU,2203,Battier,S. Battier,0,0,0,,0,86,79,165,v,Battier Free Throw 2 of 2 (15 PTS),Free Throw,Free Throw 2 of 2,0,0
423,444,PT05M26.00S,4,1610612762,UTA,101114,Williams,D. Williams,151,190,24,Missed,1,0,0,0,h,MISS D. Williams 24' 3PT Jump Shot,Missed Shot,Jump Shot,0,0
424,445,PT05M25.00S,4,1610612745,HOU,1897,World Peace,M. World Peace,0,0,0,,0,0,0,0,v,World Peace REBOUND (Off:1 Def:10),Rebound,Unknown,0,0
425,446,PT05M07.00S,4,1610612745,HOU,2203,Battier,S. Battier,226,6,0,Made,1,86,82,168,v,Battier  3PT Jump Shot (18 PTS) (Barry 2 AST),Made Shot,Jump Shot,0,0
426,447,PT04M41.00S,4,1610612762,UTA,2246,Okur,M. Okur,24,146,15,Made,1,88,82,170,h,Okur 15' Running Jump Shot (12 PTS) (D. Williams 11 AST),Made Shot,Running Jump Shot,0,0
427,448,PT04M23.00S,4,1610612745,HOU,2203,Battier,S. Battier,-237,1,24,Missed,1,0,0,0,v,MISS Battier 24' 3PT Jump Shot,Missed Shot,Jump Shot,0,0
428,449,PT04M22.00S,4,1610612762,UTA,101114,Williams,D. Williams,0,0,0,,0,0,0,0,h,D. Williams REBOUND (Off:0 Def:4),Rebound,Unknown,0,0
429,450,PT04M10.00S,4,1610612762,UTA,1905,Kirilenko,A. Kirilenko,-198,63,21,Made,1,90,82,172,h,Kirilenko 21' Jump Shot (5 PTS) (D. Williams 12 AST),Made Shot,Jump Shot,0,0
430,451,PT03M57.00S,4,1610612745,HOU,2449,Scola,L. Scola,2,167,17,Missed,1,0,0,0,v,MISS Scola 17' Jump Shot,Missed Shot,Jump Shot,0,0
431,452,PT03M55.00S,4,1610612762,UTA,200794,Millsap,P. Millsap,0,0,0,,0,0,0,0,h,Millsap REBOUND (Off:0 Def:6),Rebound,Unknown,0,0
432,453,PT03M48.00S,4,1610612745,HOU,2203,Battier,S. Battier,0,0,0,,0,0,0,0,v,Battier S.FOUL (P2.T4),Foul,Shooting,0,0
433,454,PT03M48.00S,4,1610612745,HOU,2449,Scola,L. Scola,0,0,0,,0,0,0,0,v,SUB: Yao FOR Scola,Substitution,,0,0
434,455,PT03M48.00S,4,1610612762,UTA,200794,Millsap,P. Millsap,0,0,0,,0,91,82,173,h,Millsap Free Throw 1 of 2 (14 PTS),Free Throw,Free Throw 1 of 2,0,0
435,457,PT03M48.00S,4,1610612762,UTA,200794,Millsap,P. Millsap,0,0,0,,0,92,82,174,h,Millsap Free Throw 2 of 2 (15 PTS),Free Throw,Free Throw 2 of 2,0,0
436,459,PT03M27.00S,4,1610612745,HOU,2203,Battier,S. Battier,0,0,0,,0,0,0,0,v,Battier Out of Bounds Lost Ball Turnover (P2.T12),Turnover,Out of Bounds Lost Ball Turnover,0,0
437,460,PT03M14.00S,4,1610612745,HOU,2397,Yao,Yao,0,0,0,,0,0,0,0,v,Yao S.FOUL (P5.PN),Foul,Shooting,0,0
438,461,PT03M14.00S,4,1610612762,UTA,1905,Kirilenko,A. Kirilenko,0,0,0,,0,93,82,175,h,Kirilenko Free Throw 1 of 2 (6 PTS),Free Throw,Free Throw 1 of 2,0,0
439,463,PT03M14.00S,4,1610612762,UTA,1905,Kirilenko,A. Kirilenko,0,0,0,,0,0,0,0,h,MISS Kirilenko Free Throw 2 of 2,Free Throw,Free Throw 2 of 2,0,0
440,465,PT03M14.00S,4,1610612745,HOU,2397,Yao,Yao,0,0,0,,0,0,0,0,v,Yao REBOUND (Off:3 Def:8),Rebound,Unknown,0,0
441,466,PT03M01.00S,4,1610612745,HOU,1897,World Peace,M. World Peace,0,0,0,,0,0,0,0,v,World Peace Bad Pass Turnover (P2.T13),Turnover,Bad Pass,0,0
442,466,PT03M01.00S,4,1610612762,UTA,1905,Kirilenko,A. Kirilenko,0,0,0,,0,0,0,0,h,Kirilenko STEAL (1 STL),,,0,0
443,467,PT02M37.00S,4,1610612762,UTA,2246,Okur,M. Okur,-49,238,24,Missed,1,0,0,0,h,MISS Okur 24' 3PT Jump Shot,Missed Shot,Jump Shot,0,0
444,468,PT02M36.00S,4,1610612745,HOU,2397,Yao,Yao,0,0,0,,0,0,0,0,v,Yao REBOUND (Off:3 Def:9),Rebound,Unknown,0,0
445,469,PT02M24.00S,4,1610612745,HOU,1897,World Peace,M. World Peace,-179,168,25,Missed,1,0,0,0,v,MISS World Peace 25' 3PT Jump Shot,Missed Shot,Jump Shot,0,0
446,470,PT02M22.00S,4,1610612762,UTA,1905,Kirilenko,A. Kirilenko,0,0,0,,0,0,0,0,h,Kirilenko REBOUND (Off:0 Def:3),Rebound,Unknown,0,0
447,471,PT02M02.00S,4,1610612762,UTA,101114,Williams,D. Williams,-87,145,17,Made,1,95,82,177,h,D. Williams 17' Jump Shot (15 PTS),Made Shot,Jump Shot,0,0
448,472,PT01M48.00S,4,1610612745,HOU,201166,Brooks,A. Brooks,0,0,0,Missed,1,0,0,0,v,MISS Brooks  Layup,Missed Shot,Layup Shot,0,0
449,472,PT01M48.00S,4,1610612762,UTA,2246,Okur,M. Okur,0,0,0,,0,0,0,0,h,Okur BLOCK (4 BLK),,,0,0
450,473,PT01M46.00S,4,1610612745,HOU,2397,Yao,Yao,0,0,0,,0,0,0,0,v,Yao REBOUND (Off:4 Def:9),Rebound,Unknown,0,0
451,474,PT01M45.00S,4,1610612745,HOU,2397,Yao,Yao,-19,11,2,Missed,1,0,0,0,v,MISS Yao 2' Hook Shot,Missed Shot,Hook Shot,0,0
452,475,PT01M43.00S,4,1610612762,UTA,200794,Millsap,P. Millsap,0,0,0,,0,0,0,0,h,Millsap REBOUND (Off:0 Def:7),Rebound,Unknown,0,0
453,476,PT01M33.00S,4,1610612745,HOU,201166,Brooks,A. Brooks,0,0,0,,0,0,0,0,v,Brooks P.FOUL (P2.PN),Foul,Personal,0,0
454,477,PT01M33.00S,4,0,,1610612762,,,0,0,0,,0,0,0,0,h,JAZZ Timeout: Regular (Full 4 Short 0),Timeout,Regular,0,0
455,479,PT01M33.00S,4,1610612745,HOU,2397,Yao,Yao,0,0,0,,0,0,0,0,v,SUB: Lowry FOR Yao,Substitution,,0,0
456,480,PT01M33.00S,4,1610612745,HOU,1897,World Peace,M. World Peace,0,0,0,,0,0,0,0,v,SUB: White FOR World Peace,Substitution,,0,0
457,481,PT01M33.00S,4,1610612745,HOU,2203,Battier,S. Battier,0,0,0,,0,0,0,0,v,SUB: Cook FOR Battier,Substitution,,0,0
458,482,PT01M33.00S,4,1610612762,UTA,101114,Williams,D. Williams,0,0,0,,0,96,82,178,h,D. Williams Free Throw 1 of 2 (16 PTS),Free Throw,Free Throw 1 of 2,0,0
459,484,PT01M33.00S,4,1610612762,UTA,101114,Williams,D. Williams,0,0,0,,0,97,82,179,h,D. Williams Free Throw 2 of 2 (17 PTS),Free Throw,Free Throw 2 of 2,0,0
460,486,PT01M28.00S,4,1610612745,HOU,201166,Brooks,A. Brooks,0,0,0,Made,1,97,84,181,v,Brooks  Driving Layup (20 PTS),Made Shot,Driving Layup Shot,0,0
461,487,PT01M09.00S,4,1610612762,UTA,101114,Williams,D. Williams,0,0,0,Missed,1,0,0,0,h,MISS D. Williams  Layup,Missed Shot,Layup Shot,0,0
462,487,PT01M09.00S,4,1610612745,HOU,2567,Cook,B. Cook,0,0,0,,0,0,0,0,v,Cook BLOCK (1 BLK),,,0,0
463,488,PT01M06.00S,4,1610612762,UTA,200794,Millsap,P. Millsap,0,0,0,,0,0,0,0,h,Millsap REBOUND (Off:1 Def:7),Rebound,Unknown,0,0
464,489,PT00M57.60S,4,1610612762,UTA,1905,Kirilenko,A. Kirilenko,0,0,0,,0,0,0,0,h,Kirilenko Traveling Turnover (P2.T7),Turnover,Traveling,0,0
465,490,PT00M50.80S,4,1610612745,HOU,2567,Cook,B. Cook,0,0,0,Missed,1,0,0,0,v,MISS Cook  Dunk,Missed Shot,Dunk Shot,0,0
466,491,PT00M48.90S,4,1610612762,UTA,200794,Millsap,P. Millsap,0,0,0,,0,0,0,0,h,Millsap REBOUND (Off:1 Def:8),Rebound,Unknown,0,0
467,492,PT00M33.30S,4,1610612762,UTA,2594,Korver,K. Korver,0,0,0,,0,0,0,0,h,Korver Poss Lost Ball Turnover (P3.T8),Turnover,Poss Lost Ball Turnover,0,0
468,493,PT00M28.10S,4,1610612745,HOU,200778,White,J. White,0,0,0,Made,1,97,86,183,v,White  Driving Layup (2 PTS),Made Shot,Driving Layup Shot,0,0
469,494,PT00M03.50S,4,1610612762,UTA,101114,Williams,D. Williams,0,0,0,Made,1,99,86,185,h,D. Williams  Driving Layup (19 PTS),Made Shot,Driving Layup Shot,0,0
470,496,PT00M00.00S,4,0,,0,,,0,0,0,,0,99,86,185,,End of 4th Period (13:01 PM EST),period,end,0,0
