actionId,actionNumber,clock,period,teamId,teamTricode,personId,playerName,playerNameI,xLegacy,yLegacy,shotDistance,shotResult,isFieldGoal,scoreHome,scoreAway,pointsTotal,location,description,actionType,subType,videoAvailable,shotValue
1,2,PT12M00.00S,1,0,,0,,,0,0,0,,0,0,0,0,,Start of 1st Period (8:40 PM EST),period,start,0,0
2,4,PT12M00.00S,1,1610612742,DAL,204001,Porzingis,K. Porzingis,0,0,0,,0,,,0,h,Jump Ball Porzingis vs. Gafford: Tip to Cauley-Stein,Jump Ball,,1,0
3,7,PT11M40.00S,1,1610612742,DAL,203501,Hardaway Jr.,T. Hardaway Jr.,-64,120,14,Missed,1,,,0,h,MISS Hardaway Jr. 14' Driving Floating Jump Shot,Missed Shot,Driving Floating Jump Shot,1,0
4,8,PT11M39.00S,1,1610612742,DAL,1626161,Cauley-Stein,W. Cauley-Stein,0,0,0,,0,,,0,h,Cauley-Stein REBOUND (Off:1 Def:0),Rebound,Unknown,1,0
5,9,PT11M38.00S,1,1610612742,DAL,1626161,Cauley-Stein,W. Cauley-Stein,15,15,2,Made,1,2,0,2,h,Cauley-Stein 2' Putback Layup (2 PTS),Made Shot,Putback Layup Shot,1,0
6,10,PT11M22.00S,1,1610612764,WAS,203078,Beal,B. Beal,-119,169,21,Made,1,2,2,4,v,Beal 21' Pullup Jump Shot (2 PTS),Made Shot,Pullup Jump shot,1,0
7,11,PT11M05.00S,1,1610612742,DAL,1629029,Doncic,L. Doncic,4,-1,0,Made,1,4,2,6,h,Doncic Driving Layup (2 PTS),Made Shot,Driving Layup Shot,1,0
8,13,PT10M45.00S,1,1610612764,WAS,1628988,Holiday,A. Holiday,218,109,24,Missed,1,,,0,v,MISS Holiday 24' 3PT Jump Shot,Missed Shot,Jump Shot,1,0
9,14,PT10M42.00S,1,0,,1610612742,,,0,0,0,,0,,,0,h,MAVERICKS Rebound,Rebound,Unknown,0,0
10,16,PT10M30.00S,1,1610612742,DAL,1629029,Doncic,L. Doncic,49,15,5,Made,1,6,2,8,h,Doncic 5' Driving Floating Bank Jump Shot (4 PTS),Made Shot,Driving Floating Bank Jump Shot,1,0
11,17,PT10M18.00S,1,1610612764,WAS,1628988,Holiday,A. Holiday,-77,29,8,Missed,1,,,0,v,MISS Holiday 8' Driving Floating Bank Jump Shot,Missed Shot,Driving Floating Bank Jump Shot,1,0
12,18,PT10M18.00S,1,0,,1610612764,,,0,0,0,,0,,,0,v,Wizards Rebound,Rebound,Unknown,0,0
13,19,PT10M18.00S,1,1610612742,DAL,1626161,Cauley-Stein,W. Cauley-Stein,0,0,0,,0,,,0,h,Cauley-Stein L.B.FOUL (P1.T1) (J.Goble),Foul,Loose Ball,1,0
14,21,PT10M11.00S,1,1610612764,WAS,1628988,Holiday,A. Holiday,-227,64,24,Made,1,6,5,11,v,Holiday 24' 3PT Jump Shot (3 PTS) (Beal 1 AST),Made Shot,Jump Shot,1,0
15,23,PT10M02.00S,1,1610612764,WAS,1628988,Holiday,A. Holiday,0,0,0,,0,,,0,v,Holiday S.FOUL (P1.T1) (J.Goble),Foul,Shooting,1,0
16,25,PT10M02.00S,1,1610612742,DAL,1629029,Doncic,L. Doncic,0,0,0,,0,,,0,h,MISS Doncic Free Throw 1 of 2,Free Throw,Free Throw 1 of 2,1,0
17,26,PT10M02.00S,1,0,,1610612742,,,0,0,0,,0,,,0,h,MAVERICKS Rebound,Rebound,Normal Rebound,0,0
18,27,PT10M02.00S,1,1610612742,DAL,1629029,Doncic,L. Doncic,0,0,0,,0,,,0,h,MISS Doncic Free Throw 2 of 2,Free Throw,Free Throw 2 of 2,1,0
19,28,PT09M59.00S,1,1610612764,WAS,1629655,Gafford,D. Gafford,0,0,0,,0,,,0,v,Gafford REBOUND (Off:0 Def:1),Rebound,Unknown,1,0
20,29,PT09M51.00S,1,1610612764,WAS,203484,Caldwell-Pope,K. Caldwell-Pope,97,34,10,Missed,1,,,0,v,MISS Caldwell-Pope 10' Pullup Jump Shot,Missed Shot,Pullup Jump shot,1,0
21,30,PT09M47.00S,1,1610612764,WAS,203484,Caldwell-Pope,K. Caldwell-Pope,0,0,0,,0,,,0,v,Caldwell-Pope REBOUND (Off:1 Def:0),Rebound,Unknown,1,0
22,31,PT09M45.00S,1,1610612764,WAS,203078,Beal,B. Beal,50,117,13,Made,1,6,7,13,v,Beal 13' Pullup Jump Shot (4 PTS),Made Shot,Pullup Jump shot,1,0
23,32,PT09M29.00S,1,1610612764,WAS,203078,Beal,B. Beal,0,0,0,,0,,,0,v,Beal S.FOUL (P1.T2) (B.Schwab),Foul,Shooting,1,0
24,34,PT09M29.00S,1,1610612742,DAL,204001,Porzingis,K. Porzingis,0,0,0,,0,7,7,14,h,Porzingis Free Throw 1 of 2 (1 PTS),Free Throw,Free Throw 1 of 2,1,0
25,35,PT09M29.00S,1,1610612742,DAL,204001,Porzingis,K. Porzingis,0,0,0,,0,8,7,15,h,Porzingis Free Throw 2 of 2 (2 PTS),Free Throw,Free Throw 2 of 2,1,0
26,36,PT09M09.00S,1,1610612764,WAS,1628988,Holiday,A. Holiday,13,78,8,Made,1,8,9,17,v,Holiday 8' Driving Hook Shot (5 PTS) (Beal 2 AST),Made Shot,Driving Hook Shot,1,0
27,38,PT08M58.00S,1,1610612742,DAL,1626161,Cauley-Stein,W. Cauley-Stein,-36,69,8,Missed,1,,,0,h,MISS Cauley-Stein 8' Floating Jump Shot,Missed Shot,Floating Jump shot,1,0
28,39,PT08M56.00S,1,1610612764,WAS,1628988,Holiday,A. Holiday,0,0,0,,0,,,0,v,Holiday REBOUND (Off:0 Def:1),Rebound,Unknown,1,0
29,40,PT08M42.00S,1,1610612764,WAS,1629655,Gafford,D. Gafford,10,34,4,Missed,1,,,0,v,MISS Gafford 4' Driving Dunk,Missed Shot,Driving Dunk Shot,1,0
30,40,PT08M42.00S,1,1610612742,DAL,1626161,Cauley-Stein,W. Cauley-Stein,0,0,0,,0,,,0,h,Cauley-Stein BLOCK (1 BLK),,,1,0
31,42,PT08M39.00S,1,1610612742,DAL,1627827,Finney-Smith,D. Finney-Smith,0,0,0,,0,,,0,h,Finney-Smith REBOUND (Off:0 Def:1),Rebound,Unknown,1,0
32,43,PT08M36.00S,1,1610612742,DAL,1627827,Finney-Smith,D. Finney-Smith,-2,4,0,Made,1,10,9,19,h,Finney-Smith Running Reverse Layup (2 PTS) (Doncic 1 AST),Made Shot,Running Reverse Layup Shot,1,0
33,45,PT08M23.00S,1,1610612742,DAL,1629029,Doncic,L. Doncic,0,0,0,,0,,,0,h,Doncic P.FOUL (P1.T2) (K.Lane),Foul,Personal,1,0
34,47,PT08M23.00S,1,1610612764,WAS,203484,Caldwell-Pope,K. Caldwell-Pope,0,0,0,,0,,,0,v,Caldwell-Pope T.FOUL (P0.T2) (B.Schwab),Foul,Technical,0,0
35,48,PT08M23.00S,1,1610612742,DAL,204001,Porzingis,K. Porzingis,0,0,0,,0,,,0,h,MISS Porzingis Free Throw Technical,Free Throw,Free Throw Technical,1,0
36,49,PT08M23.00S,1,0,,1610612764,,,0,0,0,,0,,,0,v,Wizards Rebound,Rebound,Normal Rebound,0,0
37,50,PT08M17.00S,1,1610612764,WAS,1629655,Gafford,D. Gafford,2,5,1,Made,1,10,11,21,v,Gafford 1' Cutting Dunk Shot (2 PTS) (Beal 3 AST),Made Shot,Cutting Dunk Shot,1,0
38,52,PT08M02.00S,1,1610612742,DAL,1626161,Cauley-Stein,W. Cauley-Stein,0,0,0,,0,,,0,h,Cauley-Stein OFF.Foul (P2) (J.Goble),Foul,Offensive,1,0
39,54,PT08M02.00S,1,1610612742,DAL,1626161,Cauley-Stein,W. Cauley-Stein,0,0,0,,0,,,0,h,Cauley-Stein Offensive Foul Turnover (P1.T1),Turnover,Offensive Foul Turnover,1,0
40,55,PT08M02.00S,1,1610612742,DAL,1626161,Cauley-Stein,W. Cauley-Stein,0,0,0,,0,,,0,h,SUB: Powell FOR Cauley-Stein,Substitution,,0,0
41,57,PT07M51.00S,1,1610612764,WAS,203078,Beal,B. Beal,7,8,1,Made,1,10,13,23,v,Beal 1' Driving Layup (6 PTS),Made Shot,Driving Layup Shot,1,0
42,58,PT07M50.00S,1,0,,1610612764,,,0,0,0,,0,,,0,v,Wizards Violation: Delay of game Violation,Violation,Delay Of Game,0,0
43,59,PT07M39.00S,1,1610612742,DAL,1629029,Doncic,L. Doncic,148,207,25,Made,1,13,13,26,h,Doncic 25' 3PT Step Back Jump Shot (7 PTS),Made Shot,Step Back Jump shot,1,0
44,60,PT07M31.00S,1,1610612764,WAS,203484,Caldwell-Pope,K. Caldwell-Pope,143,129,19,Made,1,13,15,28,v,Caldwell-Pope 19' Pullup Jump Shot (2 PTS) (Holiday 1 AST),Made Shot,Pullup Jump shot,1,0
45,62,PT07M20.00S,1,1610612742,DAL,1629029,Doncic,L. Doncic,-140,222,26,Missed,1,,,0,h,MISS Doncic 26' 3PT Jump Shot,Missed Shot,Jump Shot,1,0
46,63,PT07M16.00S,1,1610612764,WAS,203078,Beal,B. Beal,0,0,0,,0,,,0,v,Beal REBOUND (Off:0 Def:1),Rebound,Unknown,1,0
47,64,PT07M08.00S,1,1610612764,WAS,1629655,Gafford,D. Gafford,34,16,4,Made,1,13,17,30,v,Gafford 4' Turnaround Hook Shot (4 PTS) (Holiday 2 AST),Made Shot,Turnaround Hook Shot,1,0
48,66,PT06M58.00S,1,1610612742,DAL,203501,Hardaway Jr.,T. Hardaway Jr.,28,13,3,Made,1,15,17,32,h,Hardaway Jr. 3' Cutting Layup Shot (2 PTS) (Doncic 2 AST),Made Shot,Cutting Layup Shot,1,0
49,68,PT06M49.00S,1,1610612764,WAS,203484,Caldwell-Pope,K. Caldwell-Pope,0,0,0,,0,,,0,v,Caldwell-Pope Lost Ball Turnover (P1.T1),Turnover,Lost Ball,1,0
50,68,PT06M49.00S,1,1610612742,DAL,204001,Porzingis,K. Porzingis,0,0,0,,0,,,0,h,Porzingis STEAL (1 STL),,,1,0
51,70,PT06M44.00S,1,1610612742,DAL,1629029,Doncic,L. Doncic,10,80,8,Missed,1,,,0,h,MISS Doncic 8' Driving Floating Jump Shot,Missed Shot,Driving Floating Jump Shot,1,0
52,71,PT06M40.00S,1,1610612764,WAS,203484,Caldwell-Pope,K. Caldwell-Pope,0,0,0,,0,,,0,v,Caldwell-Pope REBOUND (Off:1 Def:1),Rebound,Unknown,1,0
53,72,PT06M35.00S,1,1610612764,WAS,203078,Beal,B. Beal,70,100,12,Made,1,15,19,34,v,Beal 12' Pullup Jump Shot (8 PTS),Made Shot,Pullup Jump shot,1,0
54,73,PT06M34.00S,1,0,,1610612742,,,0,0,0,,0,,,0,h,MAVERICKS Timeout: Regular (Full 1 Short 0),Timeout,Regular,0,0
55,74,PT06M34.00S,1,1610612764,WAS,1628988,Holiday,A. Holiday,0,0,0,,0,,,0,v,SUB: Neto FOR Holiday,Substitution,,0,0
56,76,PT06M20.00S,1,1610612764,WAS,203484,Caldwell-Pope,K. Caldwell-Pope,0,0,0,,0,,,0,v,Caldwell-Pope S.FOUL (P1.T3) (K.Lane),Foul,Shooting,1,0
57,78,PT06M20.00S,1,1610612742,DAL,204001,Porzingis,K. Porzingis,0,0,0,,0,16,19,35,h,Porzingis Free Throw 1 of 2 (3 PTS),Free Throw,Free Throw 1 of 2,1,0
58,79,PT06M20.00S,1,1610612742,DAL,204001,Porzingis,K. Porzingis,0,0,0,,0,17,19,36,h,Porzingis Free Throw 2 of 2 (4 PTS),Free Throw,Free Throw 2 of 2,1,0
59,80,PT06M06.00S,1,1610612764,WAS,1628398,Kuzma,K. Kuzma,7,5,1,Missed,1,,,0,v,MISS Kuzma 1' Driving Layup,Missed Shot,Driving Layup Shot,1,0
60,81,PT06M03.00S,1,1610612742,DAL,1629029,Doncic,L. Doncic,0,0,0,,0,,,0,h,Doncic REBOUND (Off:0 Def:1),Rebound,Unknown,1,0
61,83,PT06M00.00S,1,1610612764,WAS,1629655,Gafford,D. Gafford,0,0,0,,0,,,0,v,SUB: Avdija FOR Gafford,Substitution,,0,0
62,84,PT06M00.00S,1,1610612764,WAS,1628398,Kuzma,K. Kuzma,0,0,0,,0,,,0,v,SUB: Harrell FOR Kuzma,Substitution,,0,0
63,87,PT05M54.00S,1,1610612764,WAS,1630166,Avdija,D. Avdija,0,0,0,,0,,,0,v,Avdija P.FOUL (P1.T4) (J.Goble),Foul,Personal,1,0
64,89,PT05M54.00S,1,1610612742,DAL,204001,Porzingis,K. Porzingis,0,0,0,,0,,,0,h,SUB: Bullock FOR Porzingis,Substitution,,0,0
65,90,PT05M54.00S,1,1610612742,DAL,203501,Hardaway Jr.,T. Hardaway Jr.,0,0,0,,0,,,0,h,SUB: Kleber FOR Hardaway Jr.,Substitution,,0,0
66,93,PT05M46.00S,1,1610612742,DAL,1629029,Doncic,L. Doncic,-32,86,9,Made,1,19,19,38,h,Doncic 9' Step Back Jump Shot (9 PTS),Made Shot,Step Back Jump shot,1,0
67,94,PT05M30.00S,1,1610612764,WAS,1626149,Harrell,M. Harrell,-17,4,2,Missed,1,,,0,v,MISS Harrell 2' Layup,Missed Shot,Layup Shot,1,0
68,95,PT05M29.00S,1,0,,1610612764,,,0,0,0,,0,,,0,v,Wizards Rebound,Rebound,Unknown,0,0
69,97,PT05M20.00S,1,1610612764,WAS,203078,Beal,B. Beal,-7,56,6,Made,1,19,21,40,v,Beal 6' Driving Floating Jump Shot (10 PTS) (Caldwell-Pope 1 AST),Made Shot,Driving Floating Jump Shot,1,0
70,99,PT05M20.00S,1,1610612742,DAL,1628467,Kleber,M. Kleber,0,0,0,,0,,,0,h,Kleber S.FOUL (P1.T3) (J.Goble),Foul,Shooting,1,0
71,102,PT05M20.00S,1,0,,1610612742,,,0,0,0,,0,,,0,h,MAVERICKS Timeout: Regular (Full 2 Short 0),Timeout,Regular,0,0
72,103,PT05M20.00S,1,0,,99,,,0,0,0,,0,19,21,40,,Instant Replay1st Period (8:56 PM EST),Instant Replay,Coach Challenge Ruling Stands,0,0
73,104,PT05M20.00S,1,1610612764,WAS,203078,Beal,B. Beal,0,0,0,,0,19,22,41,v,Beal Free Throw 1 of 1 (11 PTS),Free Throw,Free Throw 1 of 1,1,0
74,105,PT05M06.00S,1,1610612742,DAL,1629029,Doncic,L. Doncic,23,101,10,Missed,1,,,0,h,MISS Doncic 10' Turnaround Fadeaway Shot,Missed Shot,Turnaround Fadeaway shot,1,0
75,106,PT05M03.00S,1,1610612764,WAS,203078,Beal,B. Beal,0,0,0,,0,,,0,v,Beal REBOUND (Off:0 Def:2),Rebound,Unknown,1,0
76,107,PT04M55.00S,1,1610612764,WAS,1626149,Harrell,M. Harrell,-1,4,0,Made,1,19,24,43,v,Harrell Dunk (2 PTS) (Avdija 1 AST),Made Shot,Dunk Shot,1,0
77,109,PT04M43.00S,1,1610612742,DAL,1629029,Doncic,L. Doncic,0,0,0,,0,,,0,h,Doncic Bad Pass Turnover (P1.T2),Turnover,Bad Pass,1,0
78,109,PT04M43.00S,1,1610612764,WAS,203078,Beal,B. Beal,0,0,0,,0,,,0,v,Beal STEAL (1 STL),,,1,0
79,111,PT04M37.00S,1,1610612764,WAS,203078,Beal,B. Beal,18,3,2,Made,1,19,26,45,v,Beal 2' Running Finger Roll Layup (13 PTS),Made Shot,Running Finger Roll Layup Shot,1,0
80,112,PT04M23.00S,1,1610612742,DAL,1628467,Kleber,M. Kleber,-227,34,0,Missed,1,,,0,h,MISS Kleber 3PT Jump Shot,Missed Shot,Jump Shot,1,0
81,113,PT04M21.00S,1,1610612742,DAL,1627827,Finney-Smith,D. Finney-Smith,0,0,0,,0,,,0,h,Finney-Smith REBOUND (Off:1 Def:1),Rebound,Unknown,1,0
82,114,PT04M19.00S,1,1610612742,DAL,1628467,Kleber,M. Kleber,-2,-1,0,Made,1,21,26,47,h,Kleber Cutting Finger Roll Layup Shot (2 PTS) (Finney-Smith 1 AST),Made Shot,Cutting Finger Roll Layup Shot,1,0
83,116,PT04M01.00S,1,1610612764,WAS,1630166,Avdija,D. Avdija,5,9,1,Made,1,21,28,49,v,Avdija 1' Cutting Layup Shot (2 PTS) (Beal 4 AST),Made Shot,Cutting Layup Shot,1,0
84,118,PT03M47.00S,1,1610612742,DAL,203493,Bullock,R. Bullock,-81,253,27,Missed,1,,,0,h,MISS Bullock 27' 3PT Jump Shot,Missed Shot,Jump Shot,1,0
85,119,PT03M47.00S,1,0,,1610612742,,,0,0,0,,0,,,0,h,MAVERICKS Rebound,Rebound,Unknown,0,0
86,120,PT03M47.00S,1,1610612764,WAS,1626149,Harrell,M. Harrell,0,0,0,,0,,,0,v,Harrell L.B.FOUL (P1.PN) (J.Goble),Foul,Loose Ball,1,0
87,122,PT03M47.00S,1,1610612742,DAL,203939,Powell,D. Powell,0,0,0,,0,22,28,50,h,Powell Free Throw 1 of 2 (1 PTS),Free Throw,Free Throw 1 of 2,1,0
88,123,PT03M47.00S,1,1610612764,WAS,203484,Caldwell-Pope,K. Caldwell-Pope,0,0,0,,0,,,0,v,SUB: Bertans FOR Caldwell-Pope,Substitution,,0,0
89,125,PT03M47.00S,1,1610612742,DAL,203939,Powell,D. Powell,0,0,0,,0,23,28,51,h,Powell Free Throw 2 of 2 (2 PTS),Free Throw,Free Throw 2 of 2,1,0
90,126,PT03M32.00S,1,1610612764,WAS,1630166,Avdija,D. Avdija,7,26,3,Missed,1,,,0,v,MISS Avdija 3' Driving Layup,Missed Shot,Driving Layup Shot,1,0
91,127,PT03M31.00S,1,1610612764,WAS,1626149,Harrell,M. Harrell,0,0,0,,0,,,0,v,Harrell REBOUND (Off:1 Def:0),Rebound,Unknown,1,0
92,128,PT03M31.00S,1,1610612764,WAS,1626149,Harrell,M. Harrell,1,6,1,Made,1,23,30,53,v,Harrell 1' Putback Dunk (4 PTS),Made Shot,Putback Dunk Shot,1,0
93,129,PT03M16.00S,1,1610612742,DAL,1629029,Doncic,L. Doncic,72,251,26,Made,1,26,30,56,h,Doncic 26' 3PT Pullup Jump Shot (12 PTS),Made Shot,Pullup Jump shot,1,0
94,130,PT02M50.00S,1,1610612764,WAS,203526,Neto,R. Neto,-137,215,25,Missed,1,,,0,v,MISS Neto 25' 3PT Step Back Jump Shot,Missed Shot,Step Back Jump shot,1,0
95,131,PT02M47.00S,1,1610612742,DAL,203939,Powell,D. Powell,0,0,0,,0,,,0,h,Powell REBOUND (Off:0 Def:1),Rebound,Unknown,1,0
96,132,PT02M37.00S,1,1610612742,DAL,203493,Bullock,R. Bullock,-23,269,27,Missed,1,,,0,h,MISS Bullock 27' 3PT Jump Shot,Missed Shot,Jump Shot,1,0
97,133,PT02M37.00S,1,1610612764,WAS,203526,Neto,R. Neto,0,0,0,,0,,,0,v,Neto REBOUND (Off:0 Def:1),Rebound,Unknown,1,0
98,134,PT02M27.00S,1,1610612764,WAS,203526,Neto,R. Neto,-1,4,0,Made,1,26,32,58,v,Neto Driving Layup (2 PTS),Made Shot,Driving Layup Shot,1,0
99,135,PT02M12.00S,1,1610612742,DAL,203493,Bullock,R. Bullock,-230,38,0,Missed,1,,,0,h,MISS Bullock 3PT Jump Shot,Missed Shot,Jump Shot,1,0
100,136,PT02M07.00S,1,1610612742,DAL,1628467,Kleber,M. Kleber,0,0,0,,0,,,0,h,Kleber REBOUND (Off:1 Def:0),Rebound,Unknown,1,0
101,137,PT02M02.00S,1,1610612764,WAS,1626149,Harrell,M. Harrell,0,0,0,,0,,,0,v,Wizards T.Foul (Def. 3 Sec Harrell ) (K.Lane),Foul,Defense 3 Second,1,0
102,138,PT02M02.00S,1,1610612742,DAL,203493,Bullock,R. Bullock,0,0,0,,0,27,32,59,h,Bullock Free Throw Technical (1 PTS),Free Throw,Free Throw Technical,1,0
103,139,PT02M02.00S,1,1610612742,DAL,203939,Powell,D. Powell,0,0,0,,0,,,0,h,SUB: Porzingis FOR Powell,Substitution,,0,0
104,140,PT02M02.00S,1,1610612742,DAL,1627827,Finney-Smith,D. Finney-Smith,0,0,0,,0,,,0,h,SUB: Hardaway Jr. FOR Finney-Smith,Substitution,,0,0
105,141,PT02M02.00S,1,1610612764,WAS,203078,Beal,B. Beal,0,0,0,,0,,,0,v,SUB: Kuzma FOR Beal,Substitution,,0,0
106,146,PT01M54.00S,1,1610612742,DAL,1628467,Kleber,M. Kleber,-17,13,2,Made,1,29,32,61,h,Kleber 2' Alley Oop Dunk (4 PTS) (Doncic 3 AST),Made Shot,Alley Oop Dunk Shot,1,0
107,148,PT01M35.00S,1,1610612764,WAS,1630166,Avdija,D. Avdija,-125,216,25,Made,1,29,35,64,v,Avdija 25' 3PT Jump Shot (5 PTS) (Harrell 1 AST),Made Shot,Jump Shot,1,0
108,150,PT01M21.00S,1,1610612742,DAL,1628467,Kleber,M. Kleber,-13,1,1,Made,1,31,35,66,h,Kleber 1' Driving Layup (6 PTS) (Doncic 4 AST),Made Shot,Driving Layup Shot,1,0
109,152,PT01M11.00S,1,1610612764,WAS,1628398,Kuzma,K. Kuzma,65,77,10,Made,1,31,37,68,v,Kuzma 10' Driving Hook Shot (2 PTS) (Neto 1 AST),Made Shot,Driving Hook Shot,1,0
110,154,PT00M52.70S,1,1610612742,DAL,1629029,Doncic,L. Doncic,150,207,26,Made,1,34,37,71,h,Doncic 26' 3PT Pullup Jump Shot (15 PTS),Made Shot,Pullup Jump shot,1,0
111,155,PT00M41.50S,1,1610612742,DAL,1628467,Kleber,M. Kleber,0,0,0,,0,,,0,h,Kleber S.FOUL (P2.T4) (J.Goble),Foul,Shooting,1,0
112,157,PT00M41.50S,1,1610612764,WAS,1626149,Harrell,M. Harrell,0,0,0,,0,34,38,72,v,Harrell Free Throw 1 of 2 (5 PTS),Free Throw,Free Throw 1 of 2,1,0
113,158,PT00M41.50S,1,1610612742,DAL,1629029,Doncic,L. Doncic,0,0,0,,0,,,0,h,SUB: Burke FOR Doncic,Substitution,,0,0
114,160,PT00M41.50S,1,1610612764,WAS,1626149,Harrell,M. Harrell,0,0,0,,0,,,0,v,MISS Harrell Free Throw 2 of 2,Free Throw,Free Throw 2 of 2,1,0
115,161,PT00M39.60S,1,1610612742,DAL,204001,Porzingis,K. Porzingis,0,0,0,,0,,,0,h,Porzingis REBOUND (Off:0 Def:1),Rebound,Unknown,1,0
116,162,PT00M23.80S,1,1610612742,DAL,204001,Porzingis,K. Porzingis,-58,105,12,Made,1,36,38,74,h,Porzingis 12' Turnaround Fadeaway (6 PTS),Made Shot,Turnaround Fadeaway shot,1,0
117,163,PT00M02.40S,1,1610612764,WAS,1628398,Kuzma,K. Kuzma,-1,1,0,Made,1,36,40,76,v,Kuzma Driving Dunk (4 PTS) (Neto 2 AST),Made Shot,Driving Dunk Shot,1,0
118,165,PT00M02.40S,1,1610612742,DAL,203504,Burke,T. Burke,0,0,0,,0,,,0,h,Burke S.FOUL (P1.PN) (K.Lane),Foul,Shooting,1,0
119,167,PT00M02.40S,1,1610612764,WAS,1628398,Kuzma,K. Kuzma,0,0,0,,0,36,41,77,v,Kuzma Free Throw 1 of 1 (5 PTS),Free Throw,Free Throw 1 of 1,1,0
120,170,PT00M00.00S,1,0,,0,,,0,0,0,,0,36,41,77,,End of 1st Period (9:08 PM EST),period,end,1,0
121,175,PT12M00.00S,2,0,,0,,,0,0,0,,0,36,41,77,,Start of 2nd Period (9:11 PM EST),period,start,0,0
122,176,PT11M49.00S,2,1610612742,DAL,203493,Bullock,R. Bullock,0,0,0,,0,,,0,h,Bullock S.FOUL (P1.T1) (J.Goble),Foul,Shooting,1,0
123,178,PT11M49.00S,2,1610612764,WAS,1628398,Kuzma,K. Kuzma,0,0,0,,0,36,42,78,v,Kuzma Free Throw 1 of 2 (6 PTS),Free Throw,Free Throw 1 of 2,1,0
124,179,PT11M49.00S,2,1610612764,WAS,1628398,Kuzma,K. Kuzma,0,0,0,,0,36,43,79,v,Kuzma Free Throw 2 of 2 (7 PTS),Free Throw,Free Throw 2 of 2,1,0
125,180,PT11M37.00S,2,1610612742,DAL,203504,Burke,T. Burke,53,186,19,Made,1,38,43,81,h,Burke 19' Pullup Jump Shot (2 PTS),Made Shot,Pullup Jump shot,1,0
126,181,PT11M24.00S,2,1610612764,WAS,202722,Bertans,D. Bertans,167,213,27,Missed,1,,,0,v,MISS Bertans 27' 3PT Turnaround Jump Shot,Missed Shot,Turnaround Jump Shot,1,0
127,182,PT11M20.00S,2,1610612742,DAL,203501,Hardaway Jr.,T. Hardaway Jr.,0,0,0,,0,,,0,h,Hardaway Jr. REBOUND (Off:0 Def:1),Rebound,Unknown,1,0
128,183,PT11M09.00S,2,1610612742,DAL,204001,Porzingis,K. Porzingis,99,69,12,Missed,1,,,0,h,MISS Porzingis 12' Jump Shot,Missed Shot,Jump Shot,1,0
129,184,PT11M06.00S,2,1610612764,WAS,1628398,Kuzma,K. Kuzma,0,0,0,,0,,,0,v,Kuzma REBOUND (Off:0 Def:1),Rebound,Unknown,1,0
130,185,PT10M55.00S,2,1610612764,WAS,1628988,Holiday,A. Holiday,0,0,0,,0,,,0,v,Holiday Bad Pass Turnover (P1.T2),Turnover,Bad Pass,1,0
131,185,PT10M55.00S,2,1610612742,DAL,203501,Hardaway Jr.,T. Hardaway Jr.,0,0,0,,0,,,0,h,Hardaway Jr. STEAL (1 STL),,,1,0
132,187,PT10M41.00S,2,1610612742,DAL,203504,Burke,T. Burke,-135,113,18,Made,1,40,43,83,h,Burke 18' Pullup Jump Shot (4 PTS),Made Shot,Pullup Jump shot,1,0
133,188,PT10M22.00S,2,1610612764,WAS,1628398,Kuzma,K. Kuzma,94,43,10,Made,1,40,45,85,v,Kuzma 10' Pullup Jump Shot (9 PTS),Made Shot,Pullup Jump shot,1,0
134,189,PT10M04.00S,2,1610612742,DAL,203501,Hardaway Jr.,T. Hardaway Jr.,-22,167,17,Missed,1,,,0,h,MISS Hardaway Jr. 17' Pullup Jump Shot,Missed Shot,Pullup Jump shot,1,0
135,190,PT10M02.00S,2,1610612764,WAS,1628398,Kuzma,K. Kuzma,0,0,0,,0,,,0,v,Kuzma REBOUND (Off:0 Def:2),Rebound,Unknown,1,0
136,191,PT09M53.00S,2,1610612764,WAS,1630557,Kispert,C. Kispert,0,0,0,,0,,,0,v,Kispert Traveling Turnover (P1.T3),Turnover,Traveling,1,0
137,192,PT09M40.00S,2,1610612742,DAL,1628467,Kleber,M. Kleber,-15,258,26,Made,1,43,45,88,h,Kleber 26' 3PT Jump Shot (9 PTS) (Burke 1 AST),Made Shot,Jump Shot,1,0
138,194,PT09M31.00S,2,1610612742,DAL,203493,Bullock,R. Bullock,0,0,0,,0,,,0,h,Bullock P.FOUL (P2.T2) (K.Lane),Foul,Personal,1,0
139,196,PT09M20.00S,2,1610612764,WAS,1628988,Holiday,A. Holiday,53,61,8,Made,1,43,47,90,v,Holiday 8' Driving Floating Jump Shot (7 PTS) (Bertans 1 AST),Made Shot,Driving Floating Jump Shot,1,0
140,197,PT09M06.00S,2,1610612742,DAL,203504,Burke,T. Burke,120,215,25,Missed,1,,,0,h,MISS Burke 25' 3PT Jump Shot,Missed Shot,Jump Shot,1,0
141,198,PT09M04.00S,2,1610612742,DAL,1628467,Kleber,M. Kleber,0,0,0,,0,,,0,h,Kleber REBOUND (Off:2 Def:0),Rebound,Unknown,1,0
142,199,PT09M01.00S,2,1610612742,DAL,1628467,Kleber,M. Kleber,0,0,0,Made,1,45,47,92,h,Kleber Tip Dunk Shot (11 PTS),Made Shot,Tip Dunk Shot,1,0
143,200,PT08M59.00S,2,0,,1610612764,,,0,0,0,,0,,,0,v,Wizards Timeout: Regular (Reg.1 Short 0),Timeout,Regular,0,0
144,202,PT08M59.00S,2,1610612742,DAL,203493,Bullock,R. Bullock,0,0,0,,0,,,0,h,SUB: S. Brown FOR Bullock,Substitution,,0,0
145,204,PT08M47.00S,2,1610612764,WAS,202722,Bertans,D. Bertans,-199,146,25,Missed,1,,,0,v,MISS Bertans 25' 3PT Jump Shot,Missed Shot,Jump Shot,1,0
146,205,PT08M44.00S,2,1610612742,DAL,1628425,Brown,S. Brown,0,0,0,,0,,,0,h,S. Brown REBOUND (Off:0 Def:1),Rebound,Unknown,1,0
147,206,PT08M33.00S,2,1610612742,DAL,1628467,Kleber,M. Kleber,-61,258,27,Missed,1,,,0,h,MISS Kleber 27' 3PT Jump Shot,Missed Shot,Jump Shot,1,0
148,207,PT08M30.00S,2,0,,1610612764,,,0,0,0,,0,,,0,v,Wizards Rebound,Rebound,Unknown,0,0
149,209,PT08M16.00S,2,1610612764,WAS,202722,Bertans,D. Bertans,-225,5,0,Missed,1,,,0,v,MISS Bertans 3PT Jump Shot,Missed Shot,Jump Shot,1,0
150,210,PT08M13.00S,2,1610612742,DAL,1628467,Kleber,M. Kleber,0,0,0,,0,,,0,h,Kleber REBOUND (Off:2 Def:1),Rebound,Unknown,1,0
151,211,PT07M57.00S,2,1610612742,DAL,204001,Porzingis,K. Porzingis,-20,84,9,Made,1,47,47,94,h,Porzingis 9' Turnaround Hook Shot (8 PTS) (Burke 2 AST),Made Shot,Turnaround Hook Shot,1,0
152,213,PT07M42.00S,2,1610612764,WAS,1630557,Kispert,C. Kispert,-233,10,0,Missed,1,,,0,v,MISS Kispert 3PT Jump Shot,Missed Shot,Jump Shot,1,0
153,214,PT07M40.00S,2,1610612742,DAL,203504,Burke,T. Burke,0,0,0,,0,,,0,h,Burke REBOUND (Off:0 Def:1),Rebound,Unknown,1,0
154,215,PT07M35.00S,2,1610612764,WAS,1628398,Kuzma,K. Kuzma,0,0,0,,0,,,0,v,Kuzma P.FOUL (P1.T1) (B.Schwab),Foul,Personal,1,0
155,217,PT07M35.00S,2,1610612764,WAS,1630557,Kispert,C. Kispert,0,0,0,,0,,,0,v,SUB: Avdija FOR Kispert,Substitution,,0,0
156,218,PT07M35.00S,2,1610612764,WAS,1628398,Kuzma,K. Kuzma,0,0,0,,0,,,0,v,SUB: Beal FOR Kuzma,Substitution,,0,0
157,221,PT07M25.00S,2,1610612764,WAS,1630166,Avdija,D. Avdija,0,0,0,,0,,,0,v,Avdija P.FOUL (P2.T2) (J.Goble),Foul,Personal,1,0
158,223,PT07M25.00S,2,1610612764,WAS,1628988,Holiday,A. Holiday,0,0,0,,0,,,0,v,SUB: Neto FOR Holiday,Substitution,,0,0
159,224,PT07M25.00S,2,1610612764,WAS,202722,Bertans,D. Bertans,0,0,0,,0,,,0,v,SUB: Caldwell-Pope FOR Bertans,Substitution,,0,0
160,227,PT07M15.00S,2,1610612742,DAL,1628425,Brown,S. Brown,-82,168,19,Made,1,49,47,96,h,S. Brown 19' Pullup Jump Shot (2 PTS) (Burke 3 AST),Made Shot,Pullup Jump shot,1,0
161,229,PT06M57.00S,2,1610612764,WAS,203078,Beal,B. Beal,-43,150,16,Made,1,49,49,98,v,Beal 16' Driving Floating Jump Shot (15 PTS),Made Shot,Driving Floating Jump Shot,1,0
162,230,PT06M38.00S,2,1610612742,DAL,203504,Burke,T. Burke,-34,286,29,Made,1,52,49,101,h,Burke 29' 3PT Jump Shot (7 PTS) (Porzingis 1 AST),Made Shot,Jump Shot,1,0
163,232,PT06M21.00S,2,1610612764,WAS,203526,Neto,R. Neto,113,57,13,Missed,1,,,0,v,MISS Neto 13' Driving Floating Jump Shot,Missed Shot,Driving Floating Jump Shot,1,0
164,233,PT06M18.00S,2,1610612742,DAL,204001,Porzingis,K. Porzingis,0,0,0,,0,,,0,h,Porzingis REBOUND (Off:0 Def:2),Rebound,Unknown,1,0
165,234,PT06M13.00S,2,1610612742,DAL,1628467,Kleber,M. Kleber,-1,5,1,Made,1,54,49,103,h,Kleber 1' Cutting Finger Roll Layup Shot (13 PTS) (Burke 4 AST),Made Shot,Cutting Finger Roll Layup Shot,1,0
166,236,PT05M54.00S,2,1610612764,WAS,1626149,Harrell,M. Harrell,15,3,2,Missed,1,,,0,v,MISS Harrell 2' Layup,Missed Shot,Layup Shot,1,0
167,236,PT05M54.00S,2,1610612742,DAL,204001,Porzingis,K. Porzingis,0,0,0,,0,,,0,h,Porzingis BLOCK (1 BLK),,,1,0
168,238,PT05M52.00S,2,1610612742,DAL,1628425,Brown,S. Brown,0,0,0,,0,,,0,h,S. Brown REBOUND (Off:0 Def:2),Rebound,Unknown,1,0
169,239,PT05M46.00S,2,1610612742,DAL,204001,Porzingis,K. Porzingis,66,254,26,Missed,1,,,0,h,MISS Porzingis 26' 3PT Jump Shot,Missed Shot,Jump Shot,1,0
170,240,PT05M43.00S,2,1610612764,WAS,203526,Neto,R. Neto,0,0,0,,0,,,0,v,Neto REBOUND (Off:0 Def:2),Rebound,Unknown,1,0
171,241,PT05M42.00S,2,1610612764,WAS,1626149,Harrell,M. Harrell,2,6,1,Made,1,54,51,105,v,Harrell 1' Running Dunk (7 PTS) (Neto 3 AST),Made Shot,Running Dunk Shot,1,0
172,243,PT05M22.00S,2,1610612742,DAL,203504,Burke,T. Burke,-73,133,15,Made,1,56,51,107,h,Burke 15' Pullup Jump Shot (9 PTS),Made Shot,Pullup Jump shot,1,0
173,244,PT05M10.00S,2,1610612742,DAL,203501,Hardaway Jr.,T. Hardaway Jr.,0,0,0,,0,,,0,h,Hardaway Jr. P.FOUL (P1.T3) (K.Lane),Foul,Personal,1,0
174,246,PT05M10.00S,2,1610612742,DAL,203504,Burke,T. Burke,0,0,0,,0,,,0,h,SUB: Doncic FOR Burke,Substitution,,0,0
175,247,PT05M10.00S,2,1610612742,DAL,204001,Porzingis,K. Porzingis,0,0,0,,0,,,0,h,SUB: Cauley-Stein FOR Porzingis,Substitution,,0,0
176,248,PT05M10.00S,2,1610612742,DAL,1628467,Kleber,M. Kleber,0,0,0,,0,,,0,h,SUB: Finney-Smith FOR Kleber,Substitution,,0,0
177,249,PT05M10.00S,2,1610612764,WAS,1626149,Harrell,M. Harrell,0,0,0,,0,,,0,v,SUB: Gafford FOR Harrell,Substitution,,0,0
178,254,PT05M03.00S,2,1610612764,WAS,203078,Beal,B. Beal,0,0,0,,0,,,0,v,Beal Lost Ball Turnover (P1.T4),Turnover,Lost Ball,1,0
179,254,PT05M03.00S,2,1610612742,DAL,1627827,Finney-Smith,D. Finney-Smith,0,0,0,,0,,,0,h,Finney-Smith STEAL (1 STL),,,1,0
180,256,PT04M54.00S,2,1610612742,DAL,1626161,Cauley-Stein,W. Cauley-Stein,1,11,1,Made,1,58,51,109,h,Cauley-Stein 1' Alley Oop Dunk (4 PTS) (Doncic 5 AST),Made Shot,Alley Oop Dunk Shot,1,0
181,258,PT04M53.00S,2,0,,1610612764,,,0,0,0,,0,,,0,v,Wizards Timeout: Regular (Reg.2 Short 0),Timeout,Regular,0,0
182,259,PT04M32.00S,2,1610612764,WAS,1630166,Avdija,D. Avdija,0,0,0,,0,,,0,v,Avdija Traveling Turnover (P1.T5),Turnover,Traveling,1,0
183,260,PT04M20.00S,2,1610612742,DAL,203501,Hardaway Jr.,T. Hardaway Jr.,64,28,7,Missed,1,,,0,h,MISS Hardaway Jr. 7' Driving Floating Jump Shot,Missed Shot,Driving Floating Jump Shot,1,0
184,261,PT04M17.00S,2,1610612742,DAL,1626161,Cauley-Stein,W. Cauley-Stein,0,0,0,,0,,,0,h,Cauley-Stein REBOUND (Off:2 Def:0),Rebound,Unknown,1,0
185,262,PT04M16.00S,2,1610612742,DAL,1626161,Cauley-Stein,W. Cauley-Stein,0,0,0,Missed,1,,,0,h,MISS Cauley-Stein Tip Layup Shot,Missed Shot,Tip Layup Shot,1,0
186,263,PT04M15.00S,2,1610612764,WAS,203078,Beal,B. Beal,0,0,0,,0,,,0,v,Beal REBOUND (Off:0 Def:3),Rebound,Unknown,1,0
187,264,PT04M12.00S,2,1610612742,DAL,1628425,Brown,S. Brown,0,0,0,,0,,,0,h,S. Brown S.FOUL (P1.T4) (J.Goble),Foul,Shooting,1,0
188,266,PT04M12.00S,2,1610612764,WAS,203484,Caldwell-Pope,K. Caldwell-Pope,0,0,0,,0,58,52,110,v,Caldwell-Pope Free Throw 1 of 2 (3 PTS),Free Throw,Free Throw 1 of 2,1,0
189,267,PT04M12.00S,2,1610612764,WAS,203484,Caldwell-Pope,K. Caldwell-Pope,0,0,0,,0,58,53,111,v,Caldwell-Pope Free Throw 2 of 2 (4 PTS),Free Throw,Free Throw 2 of 2,1,0
190,268,PT04M00.00S,2,1610612742,DAL,203501,Hardaway Jr.,T. Hardaway Jr.,195,167,26,Missed,1,,,0,h,MISS Hardaway Jr. 26' 3PT Pullup Jump Shot,Missed Shot,Pullup Jump shot,1,0
191,269,PT03M56.00S,2,1610612764,WAS,1629655,Gafford,D. Gafford,0,0,0,,0,,,0,v,Gafford REBOUND (Off:0 Def:2),Rebound,Unknown,1,0
192,270,PT03M48.00S,2,1610612764,WAS,203484,Caldwell-Pope,K. Caldwell-Pope,-78,38,9,Made,1,58,55,113,v,Caldwell-Pope 9' Driving Floating Bank Jump Shot (6 PTS),Made Shot,Driving Floating Bank Jump Shot,1,0
193,271,PT03M24.00S,2,1610612742,DAL,1628425,Brown,S. Brown,-228,18,0,Missed,1,,,0,h,MISS S. Brown 3PT Jump Shot,Missed Shot,Jump Shot,1,0
194,272,PT03M23.00S,2,1610612764,WAS,203526,Neto,R. Neto,0,0,0,,0,,,0,v,Neto REBOUND (Off:0 Def:3),Rebound,Unknown,1,0
195,273,PT03M17.00S,2,1610612742,DAL,203501,Hardaway Jr.,T. Hardaway Jr.,0,0,0,,0,,,0,h,Hardaway Jr. S.FOUL (P2.PN) (J.Goble),Foul,Shooting,1,0
196,275,PT03M17.00S,2,1610612764,WAS,203078,Beal,B. Beal,0,0,0,,0,58,56,114,v,Beal Free Throw 1 of 3 (16 PTS),Free Throw,Free Throw 1 of 3,1,0
197,276,PT03M17.00S,2,1610612764,WAS,203078,Beal,B. Beal,0,0,0,,0,58,57,115,v,Beal Free Throw 2 of 3 (17 PTS),Free Throw,Free Throw 2 of 3,1,0
198,277,PT03M17.00S,2,1610612742,DAL,1628425,Brown,S. Brown,0,0,0,,0,,,0,h,SUB: Porzingis FOR S. Brown,Substitution,,0,0
199,278,PT03M17.00S,2,1610612742,DAL,1626161,Cauley-Stein,W. Cauley-Stein,0,0,0,,0,,,0,h,SUB: Bullock FOR Cauley-Stein,Substitution,,0,0
200,281,PT03M17.00S,2,1610612764,WAS,203078,Beal,B. Beal,0,0,0,,0,,,0,v,MISS Beal Free Throw 3 of 3,Free Throw,Free Throw 3 of 3,1,0
201,282,PT03M15.00S,2,1610612742,DAL,1627827,Finney-Smith,D. Finney-Smith,0,0,0,,0,,,0,h,Finney-Smith REBOUND (Off:1 Def:2),Rebound,Unknown,1,0
202,283,PT03M01.00S,2,1610612742,DAL,1629029,Doncic,L. Doncic,-156,80,18,Made,1,60,57,117,h,Doncic 18' Turnaround Jump Shot (17 PTS),Made Shot,Turnaround Jump Shot,1,0
203,284,PT02M41.00S,2,1610612764,WAS,1630166,Avdija,D. Avdija,-225,10,0,Missed,1,,,0,v,MISS Avdija 3PT Jump Shot,Missed Shot,Jump Shot,1,0
204,285,PT02M38.00S,2,1610612742,DAL,203493,Bullock,R. Bullock,0,0,0,,0,,,0,h,Bullock REBOUND (Off:0 Def:1),Rebound,Unknown,1,0
205,286,PT02M27.00S,2,1610612742,DAL,1629029,Doncic,L. Doncic,-60,262,27,Missed,1,,,0,h,MISS Doncic 27' 3PT Step Back Jump Shot,Missed Shot,Step Back Jump shot,1,0
206,287,PT02M23.00S,2,1610612764,WAS,203526,Neto,R. Neto,0,0,0,,0,,,0,v,Neto REBOUND (Off:0 Def:4),Rebound,Unknown,1,0
207,288,PT02M18.00S,2,1610612764,WAS,203484,Caldwell-Pope,K. Caldwell-Pope,0,0,0,,0,,,0,v,Caldwell-Pope Lost Ball Turnover (P2.T6),Turnover,Lost Ball,1,0
208,288,PT02M18.00S,2,1610612742,DAL,204001,Porzingis,K. Porzingis,0,0,0,,0,,,0,h,Porzingis STEAL (2 STL),,,1,0
209,290,PT02M07.00S,2,1610612742,DAL,1627827,Finney-Smith,D. Finney-Smith,-170,222,28,Made,1,63,57,120,h,Finney-Smith 28' 3PT Jump Shot (5 PTS) (Porzingis 2 AST),Made Shot,Jump Shot,1,0
210,292,PT01M49.00S,2,1610612764,WAS,203484,Caldwell-Pope,K. Caldwell-Pope,-64,29,7,Missed,1,,,0,v,MISS Caldwell-Pope 7' Driving Hook Shot,Missed Shot,Driving Hook Shot,1,0
211,293,PT01M46.00S,2,1610612742,DAL,203493,Bullock,R. Bullock,0,0,0,,0,,,0,h,Bullock REBOUND (Off:0 Def:2),Rebound,Unknown,1,0
212,294,PT01M38.00S,2,1610612742,DAL,203501,Hardaway Jr.,T. Hardaway Jr.,0,0,0,Made,1,65,57,122,h,Hardaway Jr. Driving Dunk (4 PTS) (Doncic 6 AST),Made Shot,Driving Dunk Shot,1,0
213,296,PT01M16.00S,2,1610612742,DAL,203501,Hardaway Jr.,T. Hardaway Jr.,0,0,0,,0,,,0,h,Hardaway Jr. P.FOUL (P3.PN) (B.Schwab),Foul,Personal,1,0
214,298,PT01M16.00S,2,1610612764,WAS,203484,Caldwell-Pope,K. Caldwell-Pope,0,0,0,,0,65,58,123,v,Caldwell-Pope Free Throw 1 of 2 (7 PTS),Free Throw,Free Throw 1 of 2,1,0
215,299,PT01M16.00S,2,1610612764,WAS,1630166,Avdija,D. Avdija,0,0,0,,0,,,0,v,SUB: Kuzma FOR Avdija,Substitution,,0,0
216,301,PT01M16.00S,2,1610612764,WAS,203484,Caldwell-Pope,K. Caldwell-Pope,0,0,0,,0,65,59,124,v,Caldwell-Pope Free Throw 2 of 2 (8 PTS),Free Throw,Free Throw 2 of 2,1,0
217,302,PT01M02.00S,2,1610612742,DAL,1629029,Doncic,L. Doncic,-126,44,13,Missed,1,,,0,h,MISS Doncic 13' Turnaround Fadeaway Shot,Missed Shot,Turnaround Fadeaway shot,1,0
218,303,PT01M00.00S,2,1610612764,WAS,203526,Neto,R. Neto,0,0,0,,0,,,0,v,Neto REBOUND (Off:0 Def:5),Rebound,Unknown,1,0
219,304,PT00M55.20S,2,1610612764,WAS,203484,Caldwell-Pope,K. Caldwell-Pope,-167,205,26,Missed,1,,,0,v,MISS Caldwell-Pope 26' 3PT Jump Shot,Missed Shot,Jump Shot,1,0
220,305,PT00M52.90S,2,1610612764,WAS,1629655,Gafford,D. Gafford,0,0,0,,0,,,0,v,Gafford REBOUND (Off:1 Def:2),Rebound,Unknown,1,0
221,306,PT00M52.90S,2,1610612764,WAS,1629655,Gafford,D. Gafford,1,21,2,Made,1,65,61,126,v,Gafford 2' Putback Dunk (6 PTS),Made Shot,Putback Dunk Shot,1,0
222,307,PT00M41.00S,2,1610612742,DAL,204001,Porzingis,K. Porzingis,74,50,9,Made,1,67,61,128,h,Porzingis 9' Turnaround Fadeaway Bank Jump Shot (10 PTS) (Doncic 7 AST),Made Shot,Turnaround Fadeaway Bank Jump Shot,1,0
223,309,PT00M32.90S,2,1610612764,WAS,203078,Beal,B. Beal,-126,16,13,Missed,1,,,0,v,MISS Beal 13' Fadeaway Jumper,Missed Shot,Fadeaway Jump Shot,1,0
224,310,PT00M29.90S,2,1610612742,DAL,204001,Porzingis,K. Porzingis,0,0,0,,0,,,0,h,Porzingis REBOUND (Off:0 Def:3),Rebound,Unknown,1,0
225,311,PT00M14.10S,2,1610612764,WAS,203078,Beal,B. Beal,0,0,0,,0,,,0,v,Beal P.FOUL (P2.T3) (K.Lane),Foul,Personal,1,0
226,313,PT00M14.10S,2,1610612764,WAS,1629655,Gafford,D. Gafford,0,0,0,,0,,,0,v,SUB: Avdija FOR Gafford,Substitution,,0,0
227,315,PT00M00.70S,2,1610612742,DAL,204001,Porzingis,K. Porzingis,66,76,10,Made,1,69,61,130,h,Porzingis 10' Turnaround Fadeaway (12 PTS),Made Shot,Turnaround Fadeaway shot,1,0
228,317,PT00M00.20S,2,1610612764,WAS,1628398,Kuzma,K. Kuzma,0,0,0,,0,,,0,v,Kuzma Bad Pass Turnover (P1.T7),Turnover,Bad Pass,1,0
229,317,PT00M00.20S,2,1610612742,DAL,203501,Hardaway Jr.,T. Hardaway Jr.,0,0,0,,0,,,0,h,Hardaway Jr. STEAL (2 STL),,,1,0
230,319,PT00M00.00S,2,0,,0,,,0,0,0,,0,69,61,130,,End of 2nd Period (9:37 PM EST),period,end,1,0
231,326,PT12M00.00S,3,0,,0,,,0,0,0,,0,69,61,130,,Start of 3rd Period (9:52 PM EST),period,start,0,0
232,327,PT11M42.00S,3,1610612764,WAS,203484,Caldwell-Pope,K. Caldwell-Pope,-51,116,13,Made,1,69,63,132,v,Caldwell-Pope 13' Driving Floating Bank Jump Shot (10 PTS),Made Shot,Driving Floating Bank Jump Shot,1,0
233,328,PT11M23.00S,3,1610612742,DAL,1626161,Cauley-Stein,W. Cauley-Stein,-17,5,2,Missed,1,,,0,h,MISS Cauley-Stein 2' Alley Oop Dunk,Missed Shot,Alley Oop Dunk Shot,1,0
234,328,PT11M23.00S,3,1610612764,WAS,1629655,Gafford,D. Gafford,0,0,0,,0,,,0,v,Gafford BLOCK (1 BLK),,,1,0
235,330,PT11M23.00S,3,1610612764,WAS,203078,Beal,B. Beal,0,0,0,,0,,,0,v,Beal REBOUND (Off:0 Def:4),Rebound,Unknown,1,0
236,331,PT11M16.00S,3,1610612764,WAS,1628398,Kuzma,K. Kuzma,0,0,0,,0,,,0,v,Kuzma Bad Pass Turnover (P2.T8),Turnover,Bad Pass,1,0
237,331,PT11M16.00S,3,1610612742,DAL,203501,Hardaway Jr.,T. Hardaway Jr.,0,0,0,,0,,,0,h,Hardaway Jr. STEAL (3 STL),,,1,0
238,333,PT11M13.00S,3,1610612764,WAS,1628398,Kuzma,K. Kuzma,0,0,0,,0,,,0,v,Kuzma S.FOUL (P2.T1) (B.Schwab),Foul,Shooting,1,0
239,335,PT11M13.00S,3,1610612742,DAL,1629029,Doncic,L. Doncic,0,0,0,,0,70,63,133,h,Doncic Free Throw 1 of 2 (18 PTS),Free Throw,Free Throw 1 of 2,1,0
240,336,PT11M13.00S,3,1610612742,DAL,1629029,Doncic,L. Doncic,0,0,0,,0,71,63,134,h,Doncic Free Throw 2 of 2 (19 PTS),Free Throw,Free Throw 2 of 2,1,0
241,337,PT11M03.00S,3,1610612764,WAS,203078,Beal,B. Beal,25,71,8,Missed,1,,,0,v,MISS Beal 8' Driving Floating Jump Shot,Missed Shot,Driving Floating Jump Shot,1,0
242,337,PT11M03.00S,3,1610612742,DAL,1626161,Cauley-Stein,W. Cauley-Stein,0,0,0,,0,,,0,h,Cauley-Stein BLOCK (2 BLK),,,1,0
243,338,PT11M01.00S,3,1610612742,DAL,1627827,Finney-Smith,D. Finney-Smith,0,0,0,,0,,,0,h,Finney-Smith REBOUND (Off:1 Def:3),Rebound,Unknown,1,0
244,339,PT11M00.00S,3,1610612764,WAS,203078,Beal,B. Beal,0,0,0,,0,,,0,v,Beal P.FOUL (P3.T2) (B.Schwab),Foul,Personal,1,0
245,341,PT10M50.00S,3,1610612742,DAL,203501,Hardaway Jr.,T. Hardaway Jr.,-147,206,25,Missed,1,,,0,h,MISS Hardaway Jr. 25' 3PT Jump Shot,Missed Shot,Jump Shot,1,0
246,342,PT10M47.00S,3,1610612764,WAS,1629655,Gafford,D. Gafford,0,0,0,,0,,,0,v,Gafford REBOUND (Off:1 Def:3),Rebound,Unknown,1,0
247,343,PT10M29.00S,3,1610612764,WAS,1628398,Kuzma,K. Kuzma,-20,283,28,Missed,1,,,0,v,MISS Kuzma 28' 3PT Step Back Jump Shot,Missed Shot,Step Back Jump shot,1,0
248,344,PT10M25.00S,3,1610612742,DAL,204001,Porzingis,K. Porzingis,0,0,0,,0,,,0,h,Porzingis REBOUND (Off:0 Def:4),Rebound,Unknown,1,0
249,345,PT10M22.00S,3,1610612764,WAS,203484,Caldwell-Pope,K. Caldwell-Pope,0,0,0,,0,,,0,v,Caldwell-Pope Violation:Kicked Ball (B.Schwab),Violation,Kicked Ball,0,0
250,347,PT10M14.00S,3,1610612764,WAS,1629655,Gafford,D. Gafford,0,0,0,,0,,,0,v,Gafford S.FOUL (P1.T3) (J.Goble),Foul,Shooting,1,0
251,349,PT10M14.00S,3,1610612742,DAL,203501,Hardaway Jr.,T. Hardaway Jr.,0,0,0,,0,,,0,h,MISS Hardaway Jr. Free Throw 1 of 2,Free Throw,Free Throw 1 of 2,1,0
252,350,PT10M14.00S,3,0,,1610612742,,,0,0,0,,0,,,0,h,MAVERICKS Rebound,Rebound,Normal Rebound,0,0
253,351,PT10M14.00S,3,1610612742,DAL,203501,Hardaway Jr.,T. Hardaway Jr.,0,0,0,,0,,,0,h,MISS Hardaway Jr. Free Throw 2 of 2,Free Throw,Free Throw 2 of 2,1,0
254,352,PT10M11.00S,3,1610612764,WAS,203484,Caldwell-Pope,K. Caldwell-Pope,0,0,0,,0,,,0,v,Caldwell-Pope REBOUND (Off:1 Def:2),Rebound,Unknown,1,0
255,353,PT09M57.00S,3,1610612742,DAL,1626161,Cauley-Stein,W. Cauley-Stein,0,0,0,,0,,,0,h,Cauley-Stein S.FOUL (P3.T1) (J.Goble),Foul,Shooting,1,0
256,355,PT09M57.00S,3,1610612764,WAS,203078,Beal,B. Beal,0,0,0,,0,71,64,135,v,Beal Free Throw 1 of 2 (18 PTS),Free Throw,Free Throw 1 of 2,1,0
257,356,PT09M57.00S,3,1610612764,WAS,203078,Beal,B. Beal,0,0,0,,0,71,65,136,v,Beal Free Throw 2 of 2 (19 PTS),Free Throw,Free Throw 2 of 2,1,0
258,357,PT09M47.00S,3,1610612742,DAL,204001,Porzingis,K. Porzingis,-22,55,6,Missed,1,,,0,h,MISS Porzingis 6' Jump Shot,Missed Shot,Jump Shot,1,0
259,358,PT09M44.00S,3,1610612764,WAS,1628398,Kuzma,K. Kuzma,0,0,0,,0,,,0,v,Kuzma REBOUND (Off:0 Def:3),Rebound,Unknown,1,0
260,359,PT09M37.00S,3,1610612764,WAS,203078,Beal,B. Beal,-217,142,26,Made,1,71,68,139,v,Beal 26' 3PT Pullup Jump Shot (22 PTS) (Kuzma 1 AST),Made Shot,Pullup Jump shot,1,0
261,361,PT09M21.00S,3,1610612742,DAL,1627827,Finney-Smith,D. Finney-Smith,-211,126,25,Made,1,74,68,142,h,Finney-Smith 25' 3PT Pullup Jump Shot (8 PTS) (Hardaway Jr. 1 AST),Made Shot,Pullup Jump shot,1,0
262,363,PT09M11.00S,3,1610612764,WAS,203078,Beal,B. Beal,0,0,0,,0,,,0,v,Beal Out of Bounds - Bad Pass Turnover Turnover (P2.T9),Turnover,Out of Bounds - Bad Pass Turnover,1,0
263,364,PT09M00.00S,3,1610612742,DAL,1629029,Doncic,L. Doncic,58,48,8,Missed,1,,,0,h,MISS Doncic 8' Driving Floating Jump Shot,Missed Shot,Driving Floating Jump Shot,1,0
264,365,PT08M58.00S,3,1610612742,DAL,1626161,Cauley-Stein,W. Cauley-Stein,0,0,0,,0,,,0,h,Cauley-Stein REBOUND (Off:3 Def:0),Rebound,Unknown,1,0
265,366,PT08M58.00S,3,1610612742,DAL,1626161,Cauley-Stein,W. Cauley-Stein,0,0,0,Missed,1,,,0,h,MISS Cauley-Stein Tip Layup Shot,Missed Shot,Tip Layup Shot,1,0
266,367,PT08M56.00S,3,1610612764,WAS,1629655,Gafford,D. Gafford,0,0,0,,0,,,0,v,Gafford REBOUND (Off:1 Def:4),Rebound,Unknown,1,0
267,368,PT08M53.00S,3,1610612764,WAS,203484,Caldwell-Pope,K. Caldwell-Pope,-10,8,1,Made,1,74,70,144,v,Caldwell-Pope 1' Running Reverse Layup (12 PTS),Made Shot,Running Reverse Layup Shot,1,0
268,369,PT08M33.00S,3,1610612742,DAL,1627827,Finney-Smith,D. Finney-Smith,207,143,25,Missed,1,,,0,h,MISS Finney-Smith 25' 3PT Jump Shot,Missed Shot,Jump Shot,1,0
269,370,PT08M33.00S,3,1610612742,DAL,203501,Hardaway Jr.,T. Hardaway Jr.,0,0,0,,0,,,0,h,Hardaway Jr. REBOUND (Off:1 Def:1),Rebound,Unknown,1,0
270,371,PT08M26.00S,3,1610612742,DAL,1629029,Doncic,L. Doncic,50,55,7,Made,1,76,70,146,h,Doncic 7' Driving Floating Jump Shot (21 PTS) (Hardaway Jr. 2 AST),Made Shot,Driving Floating Jump Shot,1,0
271,373,PT08M26.00S,3,1610612764,WAS,1629655,Gafford,D. Gafford,0,0,0,,0,,,0,v,Gafford Violation:Defensive Goaltending (B.Schwab),Violation,Defensive Goaltending,1,0
272,374,PT08M11.00S,3,1610612764,WAS,1628398,Kuzma,K. Kuzma,62,20,7,Missed,1,,,0,v,MISS Kuzma 7' Driving Hook Shot,Missed Shot,Driving Hook Shot,1,0
273,375,PT08M09.00S,3,1610612742,DAL,204001,Porzingis,K. Porzingis,0,0,0,,0,,,0,h,Porzingis REBOUND (Off:0 Def:5),Rebound,Unknown,1,0
274,376,PT08M01.00S,3,1610612742,DAL,204001,Porzingis,K. Porzingis,25,258,26,Missed,1,,,0,h,MISS Porzingis 26' 3PT Jump Shot,Missed Shot,Jump Shot,1,0
275,377,PT07M59.00S,3,0,,1610612764,,,0,0,0,,0,,,0,v,Wizards Rebound,Rebound,Unknown,0,0
276,379,PT07M48.00S,3,1610612764,WAS,203078,Beal,B. Beal,0,0,0,,0,,,0,v,Beal Out of Bounds Lost Ball Turnover (P3.T10),Turnover,Out of Bounds Lost Ball Turnover,1,0
277,380,PT07M35.00S,3,1610612742,DAL,1626161,Cauley-Stein,W. Cauley-Stein,0,0,0,,0,,,0,h,Cauley-Stein Out of Bounds Lost Ball Turnover (P2.T3),Turnover,Out of Bounds Lost Ball Turnover,1,0
278,381,PT07M35.00S,3,1610612742,DAL,1626161,Cauley-Stein,W. Cauley-Stein,0,0,0,,0,,,0,h,SUB: Powell FOR Cauley-Stein,Substitution,,0,0
279,383,PT07M19.00S,3,1610612764,WAS,203078,Beal,B. Beal,185,106,21,Made,1,76,72,148,v,Beal 21' Step Back Jump Shot (24 PTS) (Kuzma 2 AST),Made Shot,Step Back Jump shot,1,0
280,385,PT07M02.00S,3,1610612742,DAL,1629029,Doncic,L. Doncic,28,263,26,Missed,1,,,0,h,MISS Doncic 26' 3PT Step Back Jump Shot,Missed Shot,Step Back Jump shot,1,0
281,386,PT06M58.00S,3,1610612764,WAS,203484,Caldwell-Pope,K. Caldwell-Pope,0,0,0,,0,,,0,v,Caldwell-Pope REBOUND (Off:1 Def:3),Rebound,Unknown,1,0
282,387,PT06M56.00S,3,1610612764,WAS,1629655,Gafford,D. Gafford,-2,5,1,Made,1,76,74,150,v,Gafford 1' Running Layup (8 PTS) (Holiday 3 AST),Made Shot,Running Layup Shot,1,0
283,389,PT06M54.00S,3,0,,1610612742,,,0,0,0,,0,,,0,h,MAVERICKS Timeout: Regular (Full 3 Short 0),Timeout,Regular,0,0
284,390,PT06M54.00S,3,1610612764,WAS,1628988,Holiday,A. Holiday,0,0,0,,0,,,0,v,SUB: Neto FOR Holiday,Substitution,,0,0
285,392,PT06M36.00S,3,1610612742,DAL,1629029,Doncic,L. Doncic,0,0,0,,0,,,0,h,Jump Ball Doncic vs. Caldwell-Pope: Tip to Gafford,Jump Ball,,1,0
286,395,PT06M36.00S,3,1610612742,DAL,1629029,Doncic,L. Doncic,0,0,0,,0,,,0,h,Doncic Bad Pass Turnover (P2.T4),Turnover,Bad Pass,1,0
287,395,PT06M36.00S,3,1610612764,WAS,203484,Caldwell-Pope,K. Caldwell-Pope,0,0,0,,0,,,0,v,Caldwell-Pope STEAL (1 STL),,,1,0
288,397,PT06M23.00S,3,1610612764,WAS,1628398,Kuzma,K. Kuzma,-100,242,26,Made,1,76,77,153,v,Kuzma 26' 3PT Jump Shot (12 PTS) (Neto 4 AST),Made Shot,Jump Shot,1,0
289,399,PT06M09.00S,3,1610612764,WAS,1629655,Gafford,D. Gafford,0,0,0,,0,,,0,v,Gafford S.FOUL (P2.T4) (J.Goble),Foul,Shooting,1,0
290,401,PT06M09.00S,3,1610612742,DAL,203939,Powell,D. Powell,0,0,0,,0,77,77,154,h,Powell Free Throw 1 of 2 (3 PTS),Free Throw,Free Throw 1 of 2,1,0
291,402,PT06M09.00S,3,1610612742,DAL,204001,Porzingis,K. Porzingis,0,0,0,,0,,,0,h,SUB: Bullock FOR Porzingis,Substitution,,0,0
292,403,PT06M09.00S,3,1610612742,DAL,203501,Hardaway Jr.,T. Hardaway Jr.,0,0,0,,0,,,0,h,SUB: Kleber FOR Hardaway Jr.,Substitution,,0,0
293,406,PT06M09.00S,3,1610612742,DAL,203939,Powell,D. Powell,0,0,0,,0,78,77,155,h,Powell Free Throw 2 of 2 (4 PTS),Free Throw,Free Throw 2 of 2,1,0
294,407,PT05M55.00S,3,1610612764,WAS,203078,Beal,B. Beal,-31,47,6,Missed,1,,,0,v,MISS Beal 6' Driving Layup,Missed Shot,Driving Layup Shot,1,0
295,408,PT05M53.00S,3,1610612742,DAL,1628467,Kleber,M. Kleber,0,0,0,,0,,,0,h,Kleber REBOUND (Off:2 Def:2),Rebound,Unknown,1,0
296,409,PT05M38.00S,3,1610612742,DAL,1629029,Doncic,L. Doncic,0,0,0,,0,,,0,h,Doncic Bad Pass Turnover (P3.T5),Turnover,Bad Pass,1,0
297,409,PT05M38.00S,3,1610612764,WAS,203078,Beal,B. Beal,0,0,0,,0,,,0,v,Beal STEAL (2 STL),,,1,0
298,411,PT05M31.00S,3,1610612764,WAS,203526,Neto,R. Neto,-108,233,26,Made,1,78,80,158,v,Neto 26' 3PT Jump Shot (5 PTS) (Kuzma 3 AST),Made Shot,Jump Shot,1,0
299,413,PT05M08.00S,3,1610612742,DAL,203493,Bullock,R. Bullock,-173,185,25,Made,1,81,80,161,h,Bullock 25' 3PT Jump Shot (4 PTS) (Kleber 1 AST),Made Shot,Jump Shot,1,0
300,415,PT05M08.00S,3,0,,1610612764,,,0,0,0,,0,,,0,v,Wizards Timeout: Regular (Reg.3 Short 0),Timeout,Regular,0,0
301,416,PT05M08.00S,3,1610612764,WAS,1628398,Kuzma,K. Kuzma,0,0,0,,0,,,0,v,SUB: Avdija FOR Kuzma,Substitution,,0,0
302,418,PT04M46.00S,3,1610612764,WAS,203526,Neto,R. Neto,229,71,24,Made,1,81,83,164,v,Neto 24' 3PT Jump Shot (8 PTS) (Gafford 1 AST),Made Shot,Jump Shot,1,0
303,420,PT04M25.00S,3,1610612742,DAL,1629029,Doncic,L. Doncic,0,0,0,,0,,,0,h,Doncic Out of Bounds - Bad Pass Turnover Turnover (P4.T6),Turnover,Out of Bounds - Bad Pass Turnover,1,0
304,421,PT04M06.00S,3,1610612764,WAS,203484,Caldwell-Pope,K. Caldwell-Pope,39,58,7,Missed,1,,,0,v,MISS Caldwell-Pope 7' Driving Floating Jump Shot,Missed Shot,Driving Floating Jump Shot,1,0
305,422,PT04M05.00S,3,1610612764,WAS,1629655,Gafford,D. Gafford,0,0,0,,0,,,0,v,Gafford REBOUND (Off:2 Def:4),Rebound,Unknown,1,0
306,423,PT04M05.00S,3,1610612742,DAL,203939,Powell,D. Powell,0,0,0,,0,,,0,h,Powell S.FOUL (P1.T2) (J.Goble),Foul,Shooting,1,0
307,425,PT04M05.00S,3,1610612764,WAS,1629655,Gafford,D. Gafford,0,0,0,,0,81,84,165,v,Gafford Free Throw 1 of 2 (9 PTS),Free Throw,Free Throw 1 of 2,1,0
308,426,PT04M05.00S,3,1610612764,WAS,203484,Caldwell-Pope,K. Caldwell-Pope,0,0,0,,0,,,0,v,SUB: Bertans FOR Caldwell-Pope,Substitution,,0,0
309,428,PT04M05.00S,3,1610612764,WAS,1629655,Gafford,D. Gafford,0,0,0,,0,81,85,166,v,Gafford Free Throw 2 of 2 (10 PTS),Free Throw,Free Throw 2 of 2,1,0
310,429,PT03M53.00S,3,1610612742,DAL,203939,Powell,D. Powell,-2,6,1,Missed,1,,,0,h,MISS Powell 1' Driving Dunk,Missed Shot,Driving Dunk Shot,1,0
311,429,PT03M53.00S,3,1610612764,WAS,1629655,Gafford,D. Gafford,0,0,0,,0,,,0,v,Gafford BLOCK (2 BLK),,,1,0
312,431,PT03M51.00S,3,1610612764,WAS,202722,Bertans,D. Bertans,0,0,0,,0,,,0,v,Bertans REBOUND (Off:0 Def:1),Rebound,Unknown,1,0
313,432,PT03M47.00S,3,1610612764,WAS,202722,Bertans,D. Bertans,-141,253,29,Missed,1,,,0,v,MISS Bertans 29' 3PT Jump Shot,Missed Shot,Jump Shot,1,0
314,433,PT03M42.00S,3,1610612742,DAL,1629029,Doncic,L. Doncic,0,0,0,,0,,,0,h,Doncic REBOUND (Off:0 Def:2),Rebound,Unknown,1,0
315,434,PT03M36.00S,3,1610612742,DAL,1629029,Doncic,L. Doncic,-87,62,11,Made,1,83,85,168,h,Doncic 11' Driving Floating Bank Jump Shot (23 PTS),Made Shot,Driving Floating Bank Jump Shot,1,0
316,435,PT03M36.00S,3,1610612764,WAS,1630166,Avdija,D. Avdija,0,0,0,,0,,,0,v,Avdija S.FOUL (P3.PN) (K.Lane),Foul,Shooting,1,0
317,437,PT03M36.00S,3,1610612742,DAL,1629029,Doncic,L. Doncic,0,0,0,,0,,,0,h,MISS Doncic Free Throw 1 of 1,Free Throw,Free Throw 1 of 1,1,0
318,438,PT03M34.00S,3,1610612764,WAS,202722,Bertans,D. Bertans,0,0,0,,0,,,0,v,Bertans REBOUND (Off:0 Def:2),Rebound,Unknown,1,0
319,439,PT03M11.00S,3,0,,1610612764,,,0,0,0,,0,,,0,v,Wizards Turnover: Shot Clock (T#11),Turnover,Shot Clock Turnover,0,0
320,440,PT03M11.00S,3,1610612742,DAL,203939,Powell,D. Powell,0,0,0,,0,,,0,h,SUB: S. Brown FOR Powell,Substitution,,0,0
321,442,PT03M00.00S,3,1610612742,DAL,1629029,Doncic,L. Doncic,16,5,2,Made,1,85,85,170,h,Doncic 2' Driving Finger Roll Layup (25 PTS),Made Shot,Driving Finger Roll Layup Shot,1,0
322,443,PT02M33.00S,3,1610612764,WAS,1630166,Avdija,D. Avdija,-21,62,7,Made,1,85,87,172,v,Avdija 7' Driving Floating Jump Shot (7 PTS) (Gafford 2 AST),Made Shot,Driving Floating Jump Shot,1,0
323,445,PT02M21.00S,3,1610612742,DAL,1628425,Brown,S. Brown,-205,138,25,Made,1,88,87,175,h,S. Brown 25' 3PT Jump Shot (5 PTS) (Doncic 8 AST),Made Shot,Jump Shot,1,0
324,447,PT02M08.00S,3,1610612764,WAS,203526,Neto,R. Neto,-4,2,0,Made,1,88,89,177,v,Neto Driving Layup (10 PTS),Made Shot,Driving Layup Shot,1,0
325,448,PT01M56.00S,3,1610612764,WAS,203526,Neto,R. Neto,0,0,0,,0,,,0,v,Neto P.FOUL (P1.PN) (K.Lane),Foul,Personal,1,0
326,450,PT01M56.00S,3,1610612742,DAL,1629029,Doncic,L. Doncic,0,0,0,,0,89,89,178,h,Doncic Free Throw 1 of 2 (26 PTS),Free Throw,Free Throw 1 of 2,1,0
327,451,PT01M56.00S,3,1610612742,DAL,1627827,Finney-Smith,D. Finney-Smith,0,0,0,,0,,,0,h,SUB: Porzingis FOR Finney-Smith,Substitution,,0,0
328,452,PT01M56.00S,3,1610612764,WAS,203078,Beal,B. Beal,0,0,0,,0,,,0,v,SUB: Harrell FOR Beal,Substitution,,0,0
329,453,PT01M56.00S,3,1610612764,WAS,1629655,Gafford,D. Gafford,0,0,0,,0,,,0,v,SUB: Kuzma FOR Gafford,Substitution,,0,0
330,457,PT01M56.00S,3,1610612742,DAL,1629029,Doncic,L. Doncic,0,0,0,,0,90,89,179,h,Doncic Free Throw 2 of 2 (27 PTS),Free Throw,Free Throw 2 of 2,1,0
331,458,PT01M47.00S,3,1610612764,WAS,203526,Neto,R. Neto,9,6,1,Made,1,90,91,181,v,Neto 1' Driving Layup (12 PTS),Made Shot,Driving Layup Shot,1,0
332,459,PT01M28.00S,3,1610612742,DAL,203493,Bullock,R. Bullock,228,13,0,Made,1,93,91,184,h,Bullock 3PT Jump Shot (7 PTS) (Porzingis 3 AST),Made Shot,Jump Shot,1,0
333,461,PT01M10.00S,3,1610612764,WAS,1628398,Kuzma,K. Kuzma,-227,23,0,Missed,1,,,0,v,MISS Kuzma 3PT Jump Shot,Missed Shot,Jump Shot,1,0
334,462,PT01M08.00S,3,1610612742,DAL,1628425,Brown,S. Brown,0,0,0,,0,,,0,h,S. Brown REBOUND (Off:0 Def:3),Rebound,Unknown,1,0
335,463,PT00M48.20S,3,1610612742,DAL,1629029,Doncic,L. Doncic,87,243,26,Missed,1,,,0,h,MISS Doncic 26' 3PT Step Back Jump Shot,Missed Shot,Step Back Jump shot,1,0
336,464,PT00M45.40S,3,1610612764,WAS,1630166,Avdija,D. Avdija,0,0,0,,0,,,0,v,Avdija REBOUND (Off:0 Def:1),Rebound,Unknown,1,0
337,465,PT00M35.30S,3,1610612764,WAS,203526,Neto,R. Neto,23,41,5,Missed,1,,,0,v,MISS Neto 5' Driving Floating Jump Shot,Missed Shot,Driving Floating Jump Shot,1,0
338,466,PT00M31.60S,3,1610612764,WAS,1626149,Harrell,M. Harrell,0,0,0,,0,,,0,v,Harrell REBOUND (Off:2 Def:0),Rebound,Unknown,1,0
339,468,PT00M20.20S,3,1610612764,WAS,1630166,Avdija,D. Avdija,-165,209,27,Missed,1,,,0,v,MISS Avdija 27' 3PT Jump Shot,Missed Shot,Jump Shot,1,0
340,469,PT00M17.00S,3,1610612742,DAL,1629029,Doncic,L. Doncic,0,0,0,,0,,,0,h,Doncic REBOUND (Off:0 Def:3),Rebound,Unknown,1,0
341,470,PT00M00.80S,3,1610612742,DAL,204001,Porzingis,K. Porzingis,56,125,14,Missed,1,,,0,h,MISS Porzingis 14' Pullup Jump Shot,Missed Shot,Pullup Jump shot,1,0
342,471,PT00M00.80S,3,0,,1610612742,,,0,0,0,,0,,,0,h,MAVERICKS Rebound,Rebound,Unknown,0,0
343,472,PT00M00.00S,3,0,,0,,,0,0,0,,0,93,91,184,,End of 3rd Period (10:19 PM EST),period,end,1,0
344,479,PT12M00.00S,4,0,,0,,,0,0,0,,0,93,91,184,,Start of 4th Period (10:22 PM EST),period,start,0,0
345,480,PT11M40.00S,4,1610612764,WAS,202722,Bertans,D. Bertans,0,0,0,,0,,,0,v,Bertans P.FOUL (P1.T1) (J.Goble),Foul,Personal,1,0
346,482,PT11M34.00S,4,1610612742,DAL,1628467,Kleber,M. Kleber,-17,8,2,Missed,1,,,0,h,MISS Kleber 2' Layup,Missed Shot,Layup Shot,1,0
347,482,PT11M34.00S,4,1610612764,WAS,1628988,Holiday,A. Holiday,0,0,0,,0,,,0,v,Holiday BLOCK (1 BLK),,,1,0
348,484,PT11M32.00S,4,0,,1610612742,,,0,0,0,,0,,,0,h,MAVERICKS Rebound,Rebound,Unknown,0,0
349,486,PT11M32.00S,4,1610612764,WAS,1628988,Holiday,A. Holiday,0,0,0,,0,,,0,v,Holiday AWAY.FROM.PLAY.FOUL (P2.T2) (J.Goble),Foul,Away From Play,1,0
350,488,PT11M32.00S,4,1610612742,DAL,204001,Porzingis,K. Porzingis,0,0,0,,0,94,91,185,h,Porzingis Free Throw 1 of 1 (13 PTS),Free Throw,Free Throw 1 of 1,1,0
351,489,PT11M29.00S,4,1610612742,DAL,203493,Bullock,R. Bullock,-9,261,26,Missed,1,,,0,h,MISS Bullock 26' 3PT Pullup Jump Shot,Missed Shot,Pullup Jump shot,1,0
352,490,PT11M24.00S,4,1610612764,WAS,1628398,Kuzma,K. Kuzma,0,0,0,,0,,,0,v,Kuzma REBOUND (Off:0 Def:4),Rebound,Unknown,1,0
353,491,PT11M14.00S,4,1610612764,WAS,1628398,Kuzma,K. Kuzma,34,22,4,Missed,1,,,0,v,MISS Kuzma 4' Driving Dunk,Missed Shot,Driving Dunk Shot,1,0
354,491,PT11M14.00S,4,1610612742,DAL,1628467,Kleber,M. Kleber,0,0,0,,0,,,0,h,Kleber BLOCK (1 BLK),,,1,0
355,493,PT11M12.00S,4,1610612742,DAL,1628425,Brown,S. Brown,0,0,0,,0,,,0,h,S. Brown REBOUND (Off:0 Def:4),Rebound,Unknown,1,0
356,494,PT11M09.00S,4,1610612742,DAL,203504,Burke,T. Burke,-225,50,0,Made,1,97,91,188,h,Burke 3PT Pullup Jump Shot (12 PTS) (S. Brown 1 AST),Made Shot,Pullup Jump shot,1,0
357,496,PT10M48.00S,4,1610612764,WAS,202722,Bertans,D. Bertans,-189,215,29,Missed,1,,,0,v,MISS Bertans 29' 3PT Jump Shot,Missed Shot,Jump Shot,1,0
358,497,PT10M44.00S,4,1610612742,DAL,204001,Porzingis,K. Porzingis,0,0,0,,0,,,0,h,Porzingis REBOUND (Off:0 Def:6),Rebound,Unknown,1,0
359,498,PT10M36.00S,4,1610612742,DAL,204001,Porzingis,K. Porzingis,-58,22,6,Missed,1,,,0,h,MISS Porzingis 6' Pullup Jump Shot,Missed Shot,Pullup Jump shot,1,0
360,499,PT10M36.00S,4,1610612764,WAS,1628398,Kuzma,K. Kuzma,0,0,0,,0,,,0,v,Kuzma REBOUND (Off:0 Def:5),Rebound,Unknown,1,0
361,500,PT10M14.00S,4,1610612764,WAS,1626149,Harrell,M. Harrell,-179,195,26,Made,1,97,94,191,v,Harrell 26' 3PT Step Back Jump Shot (10 PTS) (Kispert 1 AST),Made Shot,Step Back Jump shot,1,0
362,502,PT09M55.00S,4,1610612764,WAS,1628988,Holiday,A. Holiday,0,0,0,,0,,,0,v,Holiday S.FOUL (P3.T3) (K.Lane),Foul,Shooting,1,0
363,504,PT09M55.00S,4,1610612742,DAL,203504,Burke,T. Burke,0,0,0,,0,98,94,192,h,Burke Free Throw 1 of 2 (13 PTS),Free Throw,Free Throw 1 of 2,1,0
364,505,PT09M55.00S,4,1610612742,DAL,1628425,Brown,S. Brown,0,0,0,,0,,,0,h,SUB: Hardaway Jr. FOR S. Brown,Substitution,,0,0
365,506,PT09M55.00S,4,1610612764,WAS,202722,Bertans,D. Bertans,0,0,0,,0,,,0,v,SUB: Beal FOR Bertans,Substitution,,0,0
366,509,PT09M55.00S,4,1610612742,DAL,203504,Burke,T. Burke,0,0,0,,0,99,94,193,h,Burke Free Throw 2 of 2 (14 PTS),Free Throw,Free Throw 2 of 2,1,0
367,510,PT09M40.00S,4,1610612742,DAL,204001,Porzingis,K. Porzingis,0,0,0,,0,,,0,h,Porzingis P.FOUL (P1.T1) (K.Lane),Foul,Personal,1,0
368,512,PT09M32.00S,4,1610612764,WAS,1628988,Holiday,A. Holiday,0,0,0,,0,,,0,v,Holiday 3 Second Violation Turnover (P2.T12),Turnover,3 Second Violation,1,0
369,513,PT09M19.00S,4,1610612742,DAL,203504,Burke,T. Burke,0,0,0,,0,,,0,h,Burke Bad Pass Turnover (P1.T7),Turnover,Bad Pass,1,0
370,513,PT09M19.00S,4,1610612764,WAS,1628398,Kuzma,K. Kuzma,0,0,0,,0,,,0,v,Kuzma STEAL (1 STL),,,1,0
371,515,PT09M14.00S,4,1610612764,WAS,1630557,Kispert,C. Kispert,10,7,1,Made,1,99,96,195,v,Kispert 1' Cutting Layup Shot (2 PTS) (Beal 5 AST),Made Shot,Cutting Layup Shot,1,0
372,517,PT09M14.00S,4,1610612742,DAL,203504,Burke,T. Burke,0,0,0,,0,,,0,h,Burke S.FOUL (P2.T2) (B.Schwab),Foul,Shooting,1,0
373,519,PT09M14.00S,4,1610612764,WAS,1630557,Kispert,C. Kispert,0,0,0,,0,,,0,v,MISS Kispert Free Throw 1 of 1,Free Throw,Free Throw 1 of 1,1,0
374,520,PT09M12.00S,4,1610612742,DAL,1628467,Kleber,M. Kleber,0,0,0,,0,,,0,h,Kleber REBOUND (Off:2 Def:3),Rebound,Unknown,1,0
375,521,PT08M59.00S,4,1610612742,DAL,203501,Hardaway Jr.,T. Hardaway Jr.,45,31,5,Missed,1,,,0,h,MISS Hardaway Jr. 5' Driving Floating Jump Shot,Missed Shot,Driving Floating Jump Shot,1,0
376,522,PT08M57.00S,4,1610612764,WAS,1630557,Kispert,C. Kispert,0,0,0,,0,,,0,v,Kispert REBOUND (Off:0 Def:1),Rebound,Unknown,1,0
377,523,PT08M52.00S,4,1610612764,WAS,1628398,Kuzma,K. Kuzma,232,15,0,Made,1,99,99,198,v,Kuzma 3PT Jump Shot (15 PTS) (Beal 6 AST),Made Shot,Jump Shot,1,0
378,525,PT08M25.00S,4,1610612742,DAL,203504,Burke,T. Burke,89,273,29,Missed,1,,,0,h,MISS Burke 29' 3PT Jump Shot,Missed Shot,Jump Shot,1,0
379,526,PT08M23.00S,4,1610612764,WAS,1628398,Kuzma,K. Kuzma,0,0,0,,0,,,0,v,Kuzma REBOUND (Off:0 Def:6),Rebound,Unknown,1,0
380,527,PT08M18.00S,4,1610612764,WAS,1630557,Kispert,C. Kispert,4,5,1,Made,1,99,101,200,v,Kispert 1' Cutting Finger Roll Layup Shot (4 PTS) (Kuzma 4 AST),Made Shot,Cutting Finger Roll Layup Shot,1,0
381,529,PT08M18.00S,4,0,,1610612742,,,0,0,0,,0,,,0,h,MAVERICKS Timeout: Regular (Full 4 Short 0),Timeout,Regular,0,0
382,530,PT08M18.00S,4,1610612742,DAL,203504,Burke,T. Burke,0,0,0,,0,,,0,h,SUB: Doncic FOR Burke,Substitution,,0,0
383,531,PT08M18.00S,4,1610612742,DAL,1628467,Kleber,M. Kleber,0,0,0,,0,,,0,h,SUB: Finney-Smith FOR Kleber,Substitution,,0,0
384,534,PT07M54.00S,4,1610612742,DAL,204001,Porzingis,K. Porzingis,-128,202,24,Missed,1,,,0,h,MISS Porzingis 24' 3PT Jump Shot,Missed Shot,Jump Shot,1,0
385,535,PT07M51.00S,4,1610612764,WAS,1628988,Holiday,A. Holiday,0,0,0,,0,,,0,v,Holiday REBOUND (Off:0 Def:2),Rebound,Unknown,1,0
386,536,PT07M29.00S,4,1610612764,WAS,1628398,Kuzma,K. Kuzma,143,22,14,Missed,1,,,0,v,MISS Kuzma 14' Turnaround Fadeaway Shot,Missed Shot,Turnaround Fadeaway shot,1,0
387,537,PT07M26.00S,4,1610612742,DAL,204001,Porzingis,K. Porzingis,0,0,0,,0,,,0,h,Porzingis REBOUND (Off:0 Def:7),Rebound,Unknown,1,0
388,538,PT07M23.00S,4,1610612764,WAS,203078,Beal,B. Beal,0,0,0,,0,,,0,v,Beal P.FOUL (P4.T4) (K.Lane),Foul,Personal,1,0
389,540,PT07M23.00S,4,1610612742,DAL,204001,Porzingis,K. Porzingis,0,0,0,,0,,,0,h,SUB: S. Brown FOR Porzingis,Substitution,,0,0
390,541,PT07M23.00S,4,1610612742,DAL,203493,Bullock,R. Bullock,0,0,0,,0,,,0,h,SUB: Kleber FOR Bullock,Substitution,,0,0
391,542,PT07M23.00S,4,1610612764,WAS,1628988,Holiday,A. Holiday,0,0,0,,0,,,0,v,SUB: Caldwell-Pope FOR Holiday,Substitution,,0,0
392,546,PT07M10.00S,4,1610612742,DAL,1628425,Brown,S. Brown,11,153,15,Missed,1,,,0,h,MISS S. Brown 15' Pullup Jump Shot,Missed Shot,Pullup Jump shot,1,0
393,547,PT07M07.00S,4,1610612742,DAL,1628425,Brown,S. Brown,0,0,0,,0,,,0,h,S. Brown REBOUND (Off:1 Def:4),Rebound,Unknown,1,0
394,548,PT06M57.00S,4,1610612742,DAL,1628425,Brown,S. Brown,-207,132,25,Made,1,102,101,203,h,S. Brown 25' 3PT Jump Shot (8 PTS) (Finney-Smith 2 AST),Made Shot,Jump Shot,1,0
395,550,PT06M38.00S,4,1610612742,DAL,1628467,Kleber,M. Kleber,0,0,0,,0,,,0,h,Kleber S.FOUL (P3.T3) (K.Lane),Foul,Shooting,1,0
396,552,PT06M38.00S,4,1610612764,WAS,1626149,Harrell,M. Harrell,0,0,0,,0,,,0,v,MISS Harrell Free Throw 1 of 2,Free Throw,Free Throw 1 of 2,1,0
397,553,PT06M38.00S,4,0,,1610612764,,,0,0,0,,0,,,0,v,Wizards Rebound,Rebound,Normal Rebound,0,0
398,554,PT06M38.00S,4,1610612764,WAS,1626149,Harrell,M. Harrell,0,0,0,,0,102,102,204,v,Harrell Free Throw 2 of 2 (11 PTS),Free Throw,Free Throw 2 of 2,1,0
399,555,PT06M27.00S,4,1610612742,DAL,1629029,Doncic,L. Doncic,32,40,5,Missed,1,,,0,h,MISS Doncic 5' Driving Layup,Missed Shot,Driving Layup Shot,1,0
400,555,PT06M27.00S,4,1610612764,WAS,203484,Caldwell-Pope,K. Caldwell-Pope,0,0,0,,0,,,0,v,Caldwell-Pope BLOCK (1 BLK),,,1,0
401,557,PT06M26.00S,4,1610612764,WAS,203484,Caldwell-Pope,K. Caldwell-Pope,0,0,0,,0,,,0,v,Caldwell-Pope REBOUND (Off:1 Def:4),Rebound,Unknown,1,0
402,558,PT06M26.00S,4,1610612742,DAL,1629029,Doncic,L. Doncic,0,0,0,,0,,,0,h,Doncic P.FOUL (P2.T4) (K.Lane),Foul,Personal,1,0
403,560,PT06M26.00S,4,1610612764,WAS,1626149,Harrell,M. Harrell,0,0,0,,0,,,0,v,SUB: Gafford FOR Harrell,Substitution,,0,0
404,562,PT06M11.00S,4,1610612764,WAS,1628398,Kuzma,K. Kuzma,0,0,0,,0,,,0,v,Kuzma Traveling Turnover (P3.T13),Turnover,Traveling,1,0
405,563,PT06M01.00S,4,1610612742,DAL,203501,Hardaway Jr.,T. Hardaway Jr.,227,25,0,Missed,1,,,0,h,MISS Hardaway Jr. 3PT Jump Shot,Missed Shot,Jump Shot,1,0
406,564,PT05M57.00S,4,1610612764,WAS,1629655,Gafford,D. Gafford,0,0,0,,0,,,0,v,Gafford REBOUND (Off:2 Def:5),Rebound,Unknown,1,0
407,565,PT05M45.00S,4,1610612764,WAS,203078,Beal,B. Beal,6,-3,1,Made,1,102,104,206,v,Beal 1' Driving Layup (26 PTS),Made Shot,Driving Layup Shot,1,0
408,566,PT05M28.00S,4,1610612742,DAL,1627827,Finney-Smith,D. Finney-Smith,-188,163,25,Missed,1,,,0,h,MISS Finney-Smith 25' 3PT Jump Shot,Missed Shot,Jump Shot,1,0
409,567,PT05M25.00S,4,1610612764,WAS,1629655,Gafford,D. Gafford,0,0,0,,0,,,0,v,Gafford REBOUND (Off:2 Def:6),Rebound,Unknown,1,0
410,568,PT05M07.00S,4,1610612764,WAS,1628398,Kuzma,K. Kuzma,-224,-4,0,Missed,1,,,0,v,MISS Kuzma 3PT Jump Shot,Missed Shot,Jump Shot,1,0
411,569,PT05M05.00S,4,1610612742,DAL,1629029,Doncic,L. Doncic,0,0,0,,0,,,0,h,Doncic REBOUND (Off:0 Def:4),Rebound,Unknown,1,0
412,570,PT04M59.00S,4,1610612742,DAL,203501,Hardaway Jr.,T. Hardaway Jr.,130,234,27,Made,1,105,104,209,h,Hardaway Jr. 27' 3PT Pullup Jump Shot (7 PTS) (Doncic 9 AST),Made Shot,Pullup Jump shot,1,0
413,572,PT04M57.00S,4,0,,1610612764,,,0,0,0,,0,,,0,v,Wizards Timeout: Regular (Reg.4 Short 0),Timeout,Regular,0,0
414,573,PT04M57.00S,4,1610612742,DAL,1628425,Brown,S. Brown,0,0,0,,0,,,0,h,SUB: Bullock FOR S. Brown,Substitution,,0,0
415,574,PT04M57.00S,4,1610612742,DAL,1627827,Finney-Smith,D. Finney-Smith,0,0,0,,0,,,0,h,SUB: Porzingis FOR Finney-Smith,Substitution,,0,0
416,575,PT04M57.00S,4,1610612764,WAS,1630557,Kispert,C. Kispert,0,0,0,,0,,,0,v,SUB: Neto FOR Kispert,Substitution,,0,0
417,580,PT04M46.00S,4,1610612764,WAS,1628398,Kuzma,K. Kuzma,-15,2,2,Made,1,105,106,211,v,Kuzma 2' Cutting Layup Shot (17 PTS) (Neto 5 AST),Made Shot,Cutting Layup Shot,1,0
418,582,PT04M31.00S,4,1610612742,DAL,203493,Bullock,R. Bullock,-237,0,24,Missed,1,,,0,h,MISS Bullock 24' 3PT Jump Shot,Missed Shot,Jump Shot,1,0
419,583,PT04M27.00S,4,1610612764,WAS,1628398,Kuzma,K. Kuzma,0,0,0,,0,,,0,v,Kuzma REBOUND (Off:0 Def:7),Rebound,Unknown,1,0
420,584,PT04M10.00S,4,1610612764,WAS,1629655,Gafford,D. Gafford,1,8,1,Made,1,105,108,213,v,Gafford 1' Reverse Dunk (12 PTS) (Neto 6 AST),Made Shot,Reverse Dunk Shot,1,0
421,586,PT03M48.00S,4,1610612742,DAL,1629029,Doncic,L. Doncic,1,8,1,Made,1,107,108,215,h,Doncic 1' Driving Floating Jump Shot (29 PTS),Made Shot,Driving Floating Jump Shot,1,0
422,587,PT03M24.00S,4,1610612764,WAS,1628398,Kuzma,K. Kuzma,0,0,0,,0,,,0,v,Kuzma Bad Pass Turnover (P4.T14),Turnover,Bad Pass,1,0
423,587,PT03M24.00S,4,1610612742,DAL,204001,Porzingis,K. Porzingis,0,0,0,,0,,,0,h,Porzingis STEAL (3 STL),,,1,0
424,589,PT03M11.00S,4,1610612742,DAL,204001,Porzingis,K. Porzingis,127,93,16,Missed,1,,,0,h,MISS Porzingis 16' Jump Shot,Missed Shot,Jump Shot,1,0
425,590,PT03M06.00S,4,1610612742,DAL,1628467,Kleber,M. Kleber,0,0,0,,0,,,0,h,Kleber REBOUND (Off:3 Def:3),Rebound,Unknown,1,0
426,591,PT02M55.00S,4,1610612742,DAL,203501,Hardaway Jr.,T. Hardaway Jr.,-85,73,11,Missed,1,,,0,h,MISS Hardaway Jr. 11' Turnaround Fadeaway Shot,Missed Shot,Turnaround Fadeaway shot,1,0
427,592,PT02M54.00S,4,1610612764,WAS,1628398,Kuzma,K. Kuzma,0,0,0,,0,,,0,v,Kuzma REBOUND (Off:0 Def:8),Rebound,Unknown,1,0
428,593,PT02M42.00S,4,1610612764,WAS,203526,Neto,R. Neto,0,0,0,,0,,,0,v,Neto Out of Bounds Lost Ball Turnover (P1.T15),Turnover,Out of Bounds Lost Ball Turnover,1,0
429,594,PT02M23.00S,4,1610612742,DAL,1629029,Doncic,L. Doncic,12,215,22,Missed,1,,,0,h,MISS Doncic 22' Step Back Jump Shot,Missed Shot,Step Back Jump shot,1,0
430,595,PT02M21.00S,4,1610612764,WAS,203484,Caldwell-Pope,K. Caldwell-Pope,0,0,0,,0,,,0,v,Caldwell-Pope REBOUND (Off:1 Def:5),Rebound,Unknown,1,0
431,596,PT02M11.00S,4,1610612742,DAL,1629029,Doncic,L. Doncic,0,0,0,,0,,,0,h,Doncic P.FOUL (P3.PN) (B.Schwab),Foul,Personal,1,0
432,598,PT02M11.00S,4,1610612764,WAS,203526,Neto,R. Neto,0,0,0,,0,,,0,v,MISS Neto Free Throw 1 of 2,Free Throw,Free Throw 1 of 2,1,0
433,599,PT02M11.00S,4,0,,1610612764,,,0,0,0,,0,,,0,v,Wizards Rebound,Rebound,Normal Rebound,0,0
434,600,PT02M11.00S,4,1610612764,WAS,203526,Neto,R. Neto,0,0,0,,0,107,109,216,v,Neto Free Throw 2 of 2 (13 PTS),Free Throw,Free Throw 2 of 2,1,0
435,601,PT01M56.00S,4,1610612742,DAL,1629029,Doncic,L. Doncic,-5,8,1,Made,1,109,109,218,h,Doncic 1' Driving Layup (31 PTS),Made Shot,Driving Layup Shot,1,0
436,602,PT01M36.00S,4,1610612764,WAS,203078,Beal,B. Beal,26,13,3,Missed,1,,,0,v,MISS Beal 3' Driving Layup,Missed Shot,Driving Layup Shot,1,0
437,603,PT01M35.00S,4,1610612764,WAS,1629655,Gafford,D. Gafford,0,0,0,,0,,,0,v,Gafford REBOUND (Off:3 Def:6),Rebound,Unknown,1,0
438,604,PT01M34.00S,4,1610612764,WAS,1628398,Kuzma,K. Kuzma,225,33,0,Made,1,109,112,221,v,Kuzma 3PT Jump Shot (20 PTS) (Gafford 3 AST),Made Shot,Jump Shot,1,0
439,606,PT01M33.00S,4,0,,1610612742,,,0,0,0,,0,,,0,h,MAVERICKS Timeout: Regular (Full 5 Short 0),Timeout,Regular,0,0
440,607,PT01M33.00S,4,1610612764,WAS,203526,Neto,R. Neto,0,0,0,,0,,,0,v,SUB: Avdija FOR Neto,Substitution,,0,0
441,609,PT01M26.00S,4,1610612742,DAL,1629029,Doncic,L. Doncic,138,215,26,Missed,1,,,0,h,MISS Doncic 26' 3PT Step Back Jump Shot,Missed Shot,Step Back Jump shot,1,0
442,610,PT01M22.00S,4,1610612764,WAS,203078,Beal,B. Beal,0,0,0,,0,,,0,v,Beal REBOUND (Off:0 Def:5),Rebound,Unknown,1,0
443,611,PT01M06.00S,4,1610612764,WAS,1630166,Avdija,D. Avdija,-230,21,0,Missed,1,,,0,v,MISS Avdija 3PT Jump Shot,Missed Shot,Jump Shot,1,0
444,612,PT01M03.00S,4,1610612764,WAS,1629655,Gafford,D. Gafford,0,0,0,,0,,,0,v,Gafford REBOUND (Off:4 Def:6),Rebound,Unknown,1,0
445,613,PT01M03.00S,4,1610612764,WAS,1629655,Gafford,D. Gafford,-5,-1,1,Made,1,109,114,223,v,Gafford 1' Putback Dunk (14 PTS),Made Shot,Putback Dunk Shot,1,0
446,614,PT00M49.40S,4,1610612742,DAL,203501,Hardaway Jr.,T. Hardaway Jr.,-189,178,26,Made,1,112,114,226,h,Hardaway Jr. 26' 3PT Jump Shot (10 PTS) (Doncic 10 AST),Made Shot,Jump Shot,1,0
447,616,PT00M29.30S,4,1610612764,WAS,203484,Caldwell-Pope,K. Caldwell-Pope,0,158,16,Made,1,112,116,228,v,Caldwell-Pope 16' Jump Shot (14 PTS) (Beal 7 AST),Made Shot,Jump Shot,1,0
448,618,PT00M29.20S,4,0,,1610612742,,,0,0,0,,0,,,0,h,MAVERICKS Timeout: Regular (Full 6 Short 0),Timeout,Regular,0,0
449,619,PT00M23.60S,4,1610612742,DAL,1629029,Doncic,L. Doncic,-27,55,6,Made,1,114,116,230,h,Doncic 6' Turnaround Fadeaway (33 PTS),Made Shot,Turnaround Fadeaway shot,1,0
450,620,PT00M10.50S,4,1610612742,DAL,1628467,Kleber,M. Kleber,0,0,0,,0,,,0,h,Kleber Personal Take Foul (P4.PN) (K.Lane),Foul,Personal Take,1,0
451,622,PT00M10.50S,4,1610612764,WAS,203484,Caldwell-Pope,K. Caldwell-Pope,0,0,0,,0,114,117,231,v,Caldwell-Pope Free Throw 1 of 2 (15 PTS),Free Throw,Free Throw 1 of 2,1,0
452,623,PT00M10.50S,4,1610612764,WAS,203484,Caldwell-Pope,K. Caldwell-Pope,0,0,0,,0,114,118,232,v,Caldwell-Pope Free Throw 2 of 2 (16 PTS),Free Throw,Free Throw 2 of 2,1,0
453,624,PT00M05.80S,4,1610612742,DAL,1629029,Doncic,L. Doncic,-64,295,30,Missed,1,,,0,h,MISS Doncic 30' 3PT Pullup Jump Shot,Missed Shot,Pullup Jump shot,1,0
454,625,PT00M01.50S,4,1610612764,WAS,1628398,Kuzma,K. Kuzma,0,0,0,,0,,,0,v,Kuzma REBOUND (Off:0 Def:9),Rebound,Unknown,1,0
455,627,PT00M00.70S,4,1610612742,DAL,204001,Porzingis,K. Porzingis,0,0,0,,0,,,0,h,Porzingis P.FOUL (P2.PN) (K.Lane),Foul,Personal,1,0
456,631,PT00M00.70S,4,0,,627,,,0,0,0,,0,114,118,232,,Instant Replay4th Period (10:52 PM EST),Instant Replay,Support Ruling,0,0
457,629,PT00M00.70S,4,1610612764,WAS,1628398,Kuzma,K. Kuzma,0,0,0,,0,114,119,233,v,Kuzma Free Throw 1 of 2 (21 PTS),Free Throw,Free Throw 1 of 2,1,0
458,630,PT00M00.70S,4,1610612764,WAS,1628398,Kuzma,K. Kuzma,0,0,0,,0,114,120,234,v,Kuzma Free Throw 2 of 2 (22 PTS),Free Throw,Free Throw 2 of 2,1,0
459,626,PT00M00.00S,4,0,,0,,,0,0,0,,0,114,118,232,,End of 4th Period (10:51 PM EST),period,end,1,0
