actionId,actionNumber,clock,period,teamId,teamTricode,personId,playerName,playerNameI,xLegacy,yLegacy,shotDistance,shotResult,isFieldGoal,scoreHome,scoreAway,pointsTotal,location,description,actionType,subType,videoAvailable,shotValue
1,0,PT12M00.00S,1,0,,0,,,0,0,0,,0,0,0,0,,Start of 1st Period (7:11 PM EST),period,start,0,0
2,1,PT12M00.00S,1,1610612764,WAS,202338,Seraphin,K. Seraphin,0,0,0,,0,,,0,h,Jump Ball Seraphin vs. Davis: Tip to Crawford,Jump Ball,,0,0
3,2,PT11M38.00S,1,1610612764,WAS,202698,Singleton,C. Singleton,-199,50,21,Missed,1,,,0,h,MISS C. Singleton 21' Jump Shot,Missed Shot,Jump Shot,0,0
4,3,PT11M37.00S,1,1610612753,ORL,200755,Redick,J. Redick,0,0,0,,0,,,0,v,Redick REBOUND (Off:0 Def:1),Rebound,Unknown,0,0
5,4,PT11M26.00S,1,1610612753,ORL,2202,Richardson,J. Richardson,193,39,20,Made,1,0,2,2,v,J. Richardson 20' Step Back Jump Shot (2 PTS),Made Shot,Step Back Jump shot,0,0
6,5,PT11M09.00S,1,1610612764,WAS,202322,Wall,J. Wall,0,0,0,,0,,,0,h,Wall Step Out of Bounds Turnover (P1.T1),Turnover,Step Out of Bounds Turnover,0,0
7,6,PT10M47.00S,1,1610612753,ORL,201583,Anderson,R. Anderson,233,-32,24,Missed,1,,,0,v,MISS Anderson 24' 3PT Jump Shot,Missed Shot,Jump Shot,0,0
8,7,PT10M46.00S,1,1610612764,WAS,202698,Singleton,C. Singleton,0,0,0,,0,,,0,h,C. Singleton REBOUND (Off:0 Def:1),Rebound,Unknown,0,0
9,8,PT10M43.00S,1,1610612764,WAS,202338,Seraphin,K. Seraphin,10,-5,1,Missed,1,,,0,h,MISS Seraphin 1' Layup,Missed Shot,Layup Shot,0,0
10,9,PT10M39.00S,1,1610612753,ORL,201175,Davis,G. Davis,0,0,0,,0,,,0,v,Davis REBOUND (Off:0 Def:1),Rebound,Unknown,0,0
11,10,PT10M38.00S,1,1610612753,ORL,200755,Redick,J. Redick,0,0,0,,0,,,0,v,Redick Out of Bounds Lost Ball Turnover (P1.T1),Turnover,Out of Bounds Lost Ball Turnover,0,0
12,11,PT10M15.00S,1,1610612764,WAS,202338,Seraphin,K. Seraphin,-38,78,9,Made,1,2,2,4,h,Seraphin 9' Jump Shot (2 PTS) (Vesely 1 AST),Made Shot,Jump Shot,0,0
13,12,PT09M57.00S,1,1610612753,ORL,2749,Nelson,J. Nelson,-16,50,5,Missed,1,,,0,v,MISS Nelson 5' Jump Shot,Missed Shot,Jump Shot,0,0
14,13,PT09M56.00S,1,1610612764,WAS,202338,Seraphin,K. Seraphin,0,0,0,,0,,,0,h,Seraphin REBOUND (Off:0 Def:1),Rebound,Unknown,0,0
15,14,PT09M49.00S,1,1610612753,ORL,201583,Anderson,R. Anderson,0,0,0,,0,,,0,v,Anderson Personal Block Foul (P1.T1),Foul,Personal Block,0,0
16,16,PT09M43.00S,1,1610612764,WAS,202348,Crawford,J. Crawford,-185,74,20,Missed,1,,,0,h,MISS Crawford 20' Jump Shot,Missed Shot,Jump Shot,0,0
17,17,PT09M42.00S,1,1610612753,ORL,201175,Davis,G. Davis,0,0,0,,0,,,0,v,Davis REBOUND (Off:0 Def:2),Rebound,Unknown,0,0
18,18,PT09M36.00S,1,1610612753,ORL,200755,Redick,J. Redick,-13,-8,2,Made,1,2,4,6,v,Redick 2' Layup (2 PTS) (Nelson 1 AST),Made Shot,Layup Shot,0,0
19,19,PT09M22.00S,1,1610612764,WAS,202698,Singleton,C. Singleton,-158,61,17,Missed,1,,,0,h,MISS C. Singleton 17' Jump Shot,Missed Shot,Jump Shot,0,0
20,20,PT09M21.00S,1,1610612753,ORL,2749,Nelson,J. Nelson,0,0,0,,0,,,0,v,Nelson REBOUND (Off:0 Def:1),Rebound,Unknown,0,0
21,21,PT09M18.00S,1,1610612753,ORL,2749,Nelson,J. Nelson,0,0,0,,0,,,0,v,Nelson Bad Pass Turnover (P1.T2),Turnover,Bad Pass,0,0
22,21,PT09M18.00S,1,1610612764,WAS,202322,Wall,J. Wall,0,0,0,,0,,,0,h,Wall STEAL (1 STL),,,0,0
23,22,PT09M09.00S,1,1610612764,WAS,202348,Crawford,J. Crawford,190,149,24,Missed,1,,,0,h,MISS Crawford 24' 3PT Jump Shot,Missed Shot,Jump Shot,0,0
24,23,PT09M08.00S,1,1610612753,ORL,200755,Redick,J. Redick,0,0,0,,0,,,0,v,Redick REBOUND (Off:0 Def:2),Rebound,Unknown,0,0
25,24,PT08M58.00S,1,1610612753,ORL,201583,Anderson,R. Anderson,0,0,0,,0,,,0,v,Anderson Step Out of Bounds Turnover (P1.T3),Turnover,Step Out of Bounds Turnover,0,0
26,25,PT08M41.00S,1,1610612764,WAS,202338,Seraphin,K. Seraphin,-108,-19,11,Made,1,4,4,8,h,Seraphin 11' Jump Hook Shot (4 PTS),Made Shot,Jump Hook Shot,0,0
27,26,PT08M28.00S,1,1610612753,ORL,201583,Anderson,R. Anderson,0,0,0,,0,,,0,v,Anderson Traveling Turnover (P2.T4),Turnover,Traveling,0,0
28,27,PT08M15.00S,1,1610612764,WAS,202322,Wall,J. Wall,-15,-10,2,Made,1,6,4,10,h,Wall 2' Layup (2 PTS) (Seraphin 1 AST),Made Shot,Layup Shot,0,0
29,28,PT08M02.00S,1,1610612753,ORL,2749,Nelson,J. Nelson,226,78,24,Missed,1,,,0,v,MISS Nelson 24' 3PT Jump Shot,Missed Shot,Jump Shot,0,0
30,29,PT08M01.00S,1,1610612764,WAS,202686,Vesely,J. Vesely,0,0,0,,0,,,0,h,Vesely REBOUND (Off:0 Def:1),Rebound,Unknown,0,0
31,30,PT07M49.00S,1,1610612764,WAS,202338,Seraphin,K. Seraphin,21,-6,2,Missed,1,,,0,h,MISS Seraphin 2' Layup,Missed Shot,Layup Shot,0,0
32,31,PT07M48.00S,1,1610612753,ORL,201583,Anderson,R. Anderson,0,0,0,,0,,,0,v,Anderson REBOUND (Off:0 Def:1),Rebound,Unknown,0,0
33,32,PT07M41.00S,1,1610612753,ORL,2202,Richardson,J. Richardson,231,-19,0,Made,1,6,7,13,v,J. Richardson 3PT Jump Shot (5 PTS) (Redick 1 AST),Made Shot,Jump Shot,0,0
34,33,PT07M22.00S,1,1610612764,WAS,202698,Singleton,C. Singleton,0,0,0,,0,,,0,h,C. Singleton Bad Pass Turnover (P1.T2),Turnover,Bad Pass,0,0
35,33,PT07M22.00S,1,1610612753,ORL,200755,Redick,J. Redick,0,0,0,,0,,,0,v,Redick STEAL (1 STL),,,0,0
36,34,PT07M13.00S,1,1610612753,ORL,201175,Davis,G. Davis,-166,-16,17,Made,1,6,9,15,v,Davis 17' Jump Shot (2 PTS) (J. Richardson 1 AST),Made Shot,Jump Shot,0,0
37,36,PT06M53.00S,1,1610612764,WAS,202348,Crawford,J. Crawford,-2,-2,0,Made,1,8,9,17,h,Crawford Reverse Layup (2 PTS),Made Shot,Reverse Layup Shot,0,0
38,37,PT06M41.00S,1,1610612753,ORL,201583,Anderson,R. Anderson,236,17,24,Missed,1,,,0,v,MISS Anderson 24' 3PT Jump Shot,Missed Shot,Jump Shot,0,0
39,38,PT06M40.00S,1,1610612764,WAS,202322,Wall,J. Wall,0,0,0,,0,,,0,h,Wall REBOUND (Off:0 Def:1),Rebound,Unknown,0,0
40,39,PT06M33.00S,1,1610612764,WAS,202686,Vesely,J. Vesely,-29,-10,3,Missed,1,,,0,h,MISS Vesely 3' Jump Shot,Missed Shot,Jump Shot,0,0
41,40,PT06M32.00S,1,1610612753,ORL,201175,Davis,G. Davis,0,0,0,,0,,,0,v,Davis REBOUND (Off:0 Def:3),Rebound,Unknown,0,0
42,41,PT06M20.00S,1,1610612753,ORL,2202,Richardson,J. Richardson,4,0,0,Missed,1,,,0,v,MISS J. Richardson Layup,Missed Shot,Layup Shot,0,0
43,42,PT06M19.00S,1,1610612764,WAS,202338,Seraphin,K. Seraphin,0,0,0,,0,,,0,h,Seraphin REBOUND (Off:0 Def:2),Rebound,Unknown,0,0
44,43,PT06M16.00S,1,1610612764,WAS,202348,Crawford,J. Crawford,0,0,0,,0,,,0,h,Crawford Offensive Charge Foul (P1),Foul,Offensive Charge,0,0
45,44,PT06M16.00S,1,1610612764,WAS,202348,Crawford,J. Crawford,0,0,0,,0,,,0,h,Crawford Foul Turnover (P1.T3),Turnover,Foul,0,0
46,45,PT06M04.00S,1,1610612753,ORL,200755,Redick,J. Redick,231,101,25,Made,1,8,12,20,v,Redick 25' 3PT Jump Shot (5 PTS) (Nelson 2 AST),Made Shot,Jump Shot,0,0
47,46,PT05M47.00S,1,1610612764,WAS,202686,Vesely,J. Vesely,190,-3,19,Missed,1,,,0,h,MISS Vesely 19' Jump Shot,Missed Shot,Jump Shot,0,0
48,47,PT05M46.00S,1,1610612753,ORL,201175,Davis,G. Davis,0,0,0,,0,,,0,v,Davis REBOUND (Off:0 Def:4),Rebound,Unknown,0,0
49,48,PT05M33.00S,1,1610612753,ORL,2749,Nelson,J. Nelson,26,246,25,Made,1,8,15,23,v,Nelson 25' 3PT Jump Shot (3 PTS),Made Shot,Jump Shot,0,0
50,49,PT05M13.00S,1,1610612764,WAS,202348,Crawford,J. Crawford,-4,11,1,Made,1,10,15,25,h,Crawford 1' Running Layup (4 PTS),Made Shot,Running Layup Shot,0,0
51,50,PT04M57.00S,1,1610612753,ORL,2202,Richardson,J. Richardson,17,12,2,Missed,1,,,0,v,MISS J. Richardson 2' Layup,Missed Shot,Layup Shot,0,0
52,50,PT04M57.00S,1,1610612764,WAS,202338,Seraphin,K. Seraphin,0,0,0,,0,,,0,h,Seraphin BLOCK (1 BLK),,,0,0
53,51,PT04M56.00S,1,0,,1610612753,,,0,0,0,,0,,,0,v,Magic Rebound,Rebound,Unknown,0,0
54,52,PT04M56.00S,1,0,,1610612764,,,0,0,0,,0,,,0,h,WIZARDS Timeout: Regular (Full 1 Short 0),Timeout,Regular,0,0
55,54,PT04M56.00S,1,1610612764,WAS,202698,Singleton,C. Singleton,0,0,0,,0,,,0,h,SUB: Martin FOR C. Singleton,Substitution,,0,0
56,55,PT04M50.00S,1,1610612753,ORL,201175,Davis,G. Davis,70,14,7,Missed,1,,,0,v,MISS Davis 7' Jump Shot,Missed Shot,Jump Shot,0,0
57,55,PT04M50.00S,1,1610612764,WAS,202338,Seraphin,K. Seraphin,0,0,0,,0,,,0,h,Seraphin BLOCK (2 BLK),,,0,0
58,57,PT04M44.00S,1,1610612764,WAS,202322,Wall,J. Wall,0,0,0,,0,,,0,h,Wall REBOUND (Off:0 Def:2),Rebound,Unknown,0,0
59,56,PT04M44.00S,1,1610612764,WAS,202322,Wall,J. Wall,-4,-6,1,Made,1,12,15,27,h,Wall 1' Driving Layup (4 PTS),Made Shot,Driving Layup Shot,0,0
60,58,PT04M29.00S,1,1610612753,ORL,200755,Redick,J. Redick,204,138,25,Missed,1,,,0,v,MISS Redick 25' 3PT Jump Shot,Missed Shot,Jump Shot,0,0
61,59,PT04M27.00S,1,1610612753,ORL,2749,Nelson,J. Nelson,0,0,0,,0,,,0,v,Nelson REBOUND (Off:1 Def:1),Rebound,Unknown,0,0
62,60,PT04M21.00S,1,1610612753,ORL,2202,Richardson,J. Richardson,228,11,0,Missed,1,,,0,v,MISS J. Richardson 3PT Jump Shot,Missed Shot,Jump Shot,0,0
63,61,PT04M20.00S,1,1610612764,WAS,202348,Crawford,J. Crawford,0,0,0,,0,,,0,h,Crawford REBOUND (Off:0 Def:1),Rebound,Unknown,0,0
64,62,PT04M10.00S,1,1610612764,WAS,202348,Crawford,J. Crawford,0,0,0,,0,,,0,h,Crawford Bad Pass Turnover (P2.T4),Turnover,Bad Pass,0,0
65,62,PT04M10.00S,1,1610612753,ORL,201175,Davis,G. Davis,0,0,0,,0,,,0,v,Davis STEAL (1 STL),,,0,0
66,63,PT04M01.00S,1,1610612753,ORL,201175,Davis,G. Davis,133,15,13,Missed,1,,,0,v,MISS Davis 13' Jump Shot,Missed Shot,Jump Shot,0,0
67,64,PT04M01.00S,1,0,,1610612753,,,0,0,0,,0,,,0,v,Magic Rebound,Rebound,Unknown,0,0
68,65,PT03M46.00S,1,1610612753,ORL,200755,Redick,J. Redick,-127,-35,13,Made,1,12,17,29,v,Redick 13' Turnaround Jump Shot (7 PTS) (Davis 1 AST),Made Shot,Turnaround Jump Shot,0,0
69,67,PT03M30.00S,1,1610612764,WAS,202686,Vesely,J. Vesely,0,-3,0,Made,1,14,17,31,h,Vesely Layup (2 PTS) (Wall 1 AST),Made Shot,Layup Shot,0,0
70,68,PT03M25.00S,1,1610612753,ORL,200755,Redick,J. Redick,-215,127,25,Made,1,14,20,34,v,Redick 25' 3PT Jump Shot (10 PTS) (Nelson 3 AST),Made Shot,Jump Shot,0,0
71,69,PT03M25.00S,1,1610612764,WAS,202348,Crawford,J. Crawford,0,0,0,,0,,,0,h,Crawford S.FOUL (P2.T1),Foul,Shooting,0,0
72,71,PT03M25.00S,1,1610612753,ORL,2202,Richardson,J. Richardson,0,0,0,,0,,,0,v,SUB: Q. Richardson FOR J. Richardson,Substitution,,0,0
73,72,PT03M25.00S,1,1610612764,WAS,202348,Crawford,J. Crawford,0,0,0,,0,,,0,h,SUB: Mason Jr. FOR Crawford,Substitution,,0,0
74,73,PT03M25.00S,1,1610612753,ORL,200755,Redick,J. Redick,0,0,0,,0,14,21,35,v,Redick Free Throw 1 of 1 (11 PTS),Free Throw,Free Throw 1 of 1,0,0
75,75,PT03M16.00S,1,1610612753,ORL,2749,Nelson,J. Nelson,0,0,0,,0,,,0,v,Nelson S.FOUL (P1.T2),Foul,Shooting,0,0
76,76,PT03M16.00S,1,1610612764,WAS,202322,Wall,J. Wall,0,0,0,,0,15,21,36,h,Wall Free Throw 1 of 2 (5 PTS),Free Throw,Free Throw 1 of 2,0,0
77,78,PT03M16.00S,1,1610612764,WAS,202322,Wall,J. Wall,0,0,0,,0,16,21,37,h,Wall Free Throw 2 of 2 (6 PTS),Free Throw,Free Throw 2 of 2,0,0
78,80,PT03M00.00S,1,1610612753,ORL,200755,Redick,J. Redick,45,39,6,Missed,1,,,0,v,MISS Redick 6' Jump Shot,Missed Shot,Jump Shot,0,0
79,81,PT02M59.00S,1,0,,1610612753,,,0,0,0,,0,,,0,v,Magic Rebound,Rebound,Unknown,0,0
80,82,PT02M55.00S,1,0,,1610612753,,,0,0,0,,0,,,0,v,Magic Timeout: Regular (Reg.1 Short 0),Timeout,Regular,0,0
81,84,PT02M55.00S,1,1610612753,ORL,201583,Anderson,R. Anderson,0,0,0,,0,,,0,v,SUB: Clark FOR Anderson,Substitution,,0,0
82,85,PT02M34.00S,1,1610612753,ORL,201175,Davis,G. Davis,51,22,6,Made,1,16,23,39,v,Davis 6' Running Hook Shot (4 PTS),Made Shot,Running Hook Shot,0,0
83,86,PT02M20.00S,1,1610612764,WAS,202322,Wall,J. Wall,0,0,0,,0,,,0,h,Wall Bad Pass Turnover (P2.T5),Turnover,Bad Pass,0,0
84,86,PT02M20.00S,1,1610612753,ORL,201175,Davis,G. Davis,0,0,0,,0,,,0,v,Davis STEAL (2 STL),,,0,0
85,87,PT02M10.00S,1,1610612753,ORL,201175,Davis,G. Davis,-18,-11,2,Missed,1,,,0,v,MISS Davis 2' Layup,Missed Shot,Layup Shot,0,0
86,87,PT02M10.00S,1,1610612764,WAS,202338,Seraphin,K. Seraphin,0,0,0,,0,,,0,h,Seraphin BLOCK (3 BLK),,,0,0
87,88,PT02M09.00S,1,1610612753,ORL,201175,Davis,G. Davis,0,0,0,,0,,,0,v,Davis REBOUND (Off:1 Def:4),Rebound,Unknown,0,0
88,89,PT02M07.00S,1,1610612753,ORL,201175,Davis,G. Davis,-15,-19,2,Made,1,16,25,41,v,Davis 2' Putback Layup (6 PTS),Made Shot,Putback Layup Shot,0,0
89,90,PT01M53.00S,1,1610612764,WAS,202322,Wall,J. Wall,0,0,0,,0,,,0,h,Wall Bad Pass Turnover (P3.T6),Turnover,Bad Pass,0,0
90,91,PT01M53.00S,1,1610612764,WAS,202686,Vesely,J. Vesely,0,0,0,,0,,,0,h,SUB: J. Singleton FOR Vesely,Substitution,,0,0
91,92,PT01M34.00S,1,1610612764,WAS,201858,Martin,C. Martin,0,0,0,,0,,,0,h,Martin S.FOUL (P1.T2),Foul,Shooting,0,0
92,93,PT01M34.00S,1,1610612753,ORL,2047,Richardson,Q. Richardson,0,0,0,,0,,,0,v,MISS Q. Richardson Free Throw 1 of 2,Free Throw,Free Throw 1 of 2,0,0
93,94,PT01M34.00S,1,0,,1610612753,,,0,0,0,,0,,,0,v,Magic Rebound,Rebound,Normal Rebound,0,0
94,95,PT01M34.00S,1,1610612753,ORL,2047,Richardson,Q. Richardson,0,0,0,,0,16,26,42,v,Q. Richardson Free Throw 2 of 2 (1 PTS),Free Throw,Free Throw 2 of 2,0,0
95,98,PT01M19.00S,1,1610612764,WAS,2427,Mason Jr.,R. Mason Jr.,-198,75,21,Missed,1,,,0,h,MISS Mason Jr. 21' Jump Shot,Missed Shot,Jump Shot,0,0
96,99,PT01M18.00S,1,1610612753,ORL,201947,Clark,E. Clark,0,0,0,,0,,,0,v,Clark REBOUND (Off:0 Def:1),Rebound,Unknown,0,0
97,100,PT01M11.00S,1,1610612753,ORL,2749,Nelson,J. Nelson,218,157,27,Made,1,16,29,45,v,Nelson 27' 3PT Jump Shot (6 PTS),Made Shot,Jump Shot,0,0
98,101,PT01M04.00S,1,1610612764,WAS,202322,Wall,J. Wall,-19,0,2,Missed,1,,,0,h,MISS Wall 2' Layup,Missed Shot,Layup Shot,0,0
99,101,PT01M04.00S,1,1610612753,ORL,201947,Clark,E. Clark,0,0,0,,0,,,0,v,Clark BLOCK (1 BLK),,,0,0
100,102,PT01M02.00S,1,1610612753,ORL,200755,Redick,J. Redick,0,0,0,,0,,,0,v,Redick REBOUND (Off:0 Def:3),Rebound,Unknown,0,0
101,103,PT00M52.90S,1,1610612753,ORL,201175,Davis,G. Davis,20,74,8,Missed,1,,,0,v,MISS Davis 8' Jump Shot,Missed Shot,Jump Shot,0,0
102,104,PT00M51.70S,1,1610612764,WAS,101189,Singleton,J. Singleton,0,0,0,,0,,,0,h,J. Singleton REBOUND (Off:0 Def:1),Rebound,Unknown,0,0
103,105,PT00M42.90S,1,1610612764,WAS,202338,Seraphin,K. Seraphin,-11,-2,1,Made,1,18,29,47,h,Seraphin 1' Reverse Layup (6 PTS) (Wall 2 AST),Made Shot,Reverse Layup Shot,0,0
104,106,PT00M24.90S,1,1610612753,ORL,2749,Nelson,J. Nelson,223,93,24,Missed,1,,,0,v,MISS Nelson 24' 3PT Jump Shot,Missed Shot,Jump Shot,0,0
105,107,PT00M23.90S,1,1610612764,WAS,101189,Singleton,J. Singleton,0,0,0,,0,,,0,h,J. Singleton REBOUND (Off:0 Def:2),Rebound,Unknown,0,0
106,108,PT00M02.70S,1,1610612764,WAS,201858,Martin,C. Martin,-4,67,7,Missed,1,,,0,h,MISS Martin 7' Jump Shot,Missed Shot,Jump Shot,0,0
107,109,PT00M01.90S,1,1610612764,WAS,202338,Seraphin,K. Seraphin,0,0,0,,0,,,0,h,Seraphin REBOUND (Off:1 Def:2),Rebound,Unknown,0,0
108,110,PT00M00.80S,1,1610612764,WAS,101189,Singleton,J. Singleton,-30,23,4,Missed,1,,,0,h,MISS J. Singleton 4' Jump Shot,Missed Shot,Jump Shot,0,0
109,110,PT00M00.80S,1,1610612753,ORL,201947,Clark,E. Clark,0,0,0,,0,,,0,v,Clark BLOCK (2 BLK),,,0,0
110,111,PT00M00.30S,1,1610612753,ORL,2047,Richardson,Q. Richardson,0,0,0,,0,,,0,v,Q. Richardson REBOUND (Off:0 Def:1),Rebound,Unknown,0,0
111,112,PT00M00.00S,1,0,,0,,,0,0,0,,0,18,29,47,,End of 1st Period (7:37 PM EST),period,end,0,0
112,114,PT12M00.00S,2,0,,0,,,0,0,0,,0,18,29,47,,Start of 2nd Period (7:40 PM EST),period,start,0,0
113,115,PT11M39.00S,2,1610612753,ORL,201583,Anderson,R. Anderson,-171,-22,17,Missed,1,,,0,v,MISS Anderson 17' Jump Shot,Missed Shot,Jump Shot,0,0
114,116,PT11M38.00S,2,0,,1610612764,,,0,0,0,,0,,,0,h,WIZARDS Rebound,Rebound,Unknown,0,0
115,117,PT11M38.00S,2,1610612753,ORL,201947,Clark,E. Clark,0,0,0,,0,,,0,v,Clark L.B.FOUL (P1.T1),Foul,Loose Ball,0,0
116,118,PT11M17.00S,2,1610612764,WAS,202338,Seraphin,K. Seraphin,-86,41,10,Made,1,20,29,49,h,Seraphin 10' Hook Shot (8 PTS),Made Shot,Hook Shot,0,0
117,119,PT11M01.00S,2,1610612753,ORL,201947,Clark,E. Clark,-188,-32,19,Missed,1,,,0,v,MISS Clark 19' Jump Shot,Missed Shot,Jump Shot,0,0
118,120,PT10M59.00S,2,1610612764,WAS,202338,Seraphin,K. Seraphin,0,0,0,,0,,,0,h,Seraphin REBOUND (Off:1 Def:3),Rebound,Unknown,0,0
119,121,PT10M47.00S,2,1610612764,WAS,202338,Seraphin,K. Seraphin,20,75,8,Made,1,22,29,51,h,Seraphin 8' Jump Hook Shot (10 PTS),Made Shot,Jump Hook Shot,0,0
120,122,PT10M24.00S,2,1610612753,ORL,2202,Richardson,J. Richardson,174,4,17,Missed,1,,,0,v,MISS J. Richardson 17' Jump Shot,Missed Shot,Jump Shot,0,0
121,123,PT10M23.00S,2,1610612764,WAS,101189,Singleton,J. Singleton,0,0,0,,0,,,0,h,J. Singleton REBOUND (Off:0 Def:3),Rebound,Unknown,0,0
122,124,PT10M16.00S,2,1610612764,WAS,2427,Mason Jr.,R. Mason Jr.,-237,112,26,Missed,1,,,0,h,MISS Mason Jr. 26' 3PT Jump Shot,Missed Shot,Jump Shot,0,0
123,125,PT10M15.00S,2,1610612753,ORL,202397,Smith,I. Smith,0,0,0,,0,,,0,v,Smith REBOUND (Off:0 Def:1),Rebound,Unknown,0,0
124,126,PT09M56.00S,2,1610612753,ORL,201947,Clark,E. Clark,-175,-44,18,Missed,1,,,0,v,MISS Clark 18' Jump Shot,Missed Shot,Jump Shot,0,0
125,127,PT09M55.00S,2,1610612753,ORL,2202,Richardson,J. Richardson,0,0,0,,0,,,0,v,J. Richardson REBOUND (Off:1 Def:0),Rebound,Unknown,0,0
126,128,PT09M53.00S,2,1610612753,ORL,2202,Richardson,J. Richardson,-15,-11,2,Missed,1,,,0,v,MISS J. Richardson 2' Layup,Missed Shot,Layup Shot,0,0
127,129,PT09M52.00S,2,1610612753,ORL,2202,Richardson,J. Richardson,0,0,0,,0,,,0,v,J. Richardson REBOUND (Off:2 Def:0),Rebound,Unknown,0,0
128,130,PT09M52.00S,2,1610612753,ORL,2202,Richardson,J. Richardson,-2,4,0,Missed,1,,,0,v,MISS J. Richardson Layup,Missed Shot,Layup Shot,0,0
129,131,PT09M52.00S,2,0,,1610612753,,,0,0,0,,0,,,0,v,Magic Rebound,Rebound,Unknown,0,0
130,132,PT09M52.00S,2,1610612764,WAS,202338,Seraphin,K. Seraphin,0,0,0,,0,,,0,h,SUB: Vesely FOR Seraphin,Substitution,,0,0
131,134,PT09M43.00S,2,1610612753,ORL,201583,Anderson,R. Anderson,198,140,24,Missed,1,,,0,v,MISS Anderson 24' 3PT Jump Shot,Missed Shot,Jump Shot,0,0
132,135,PT09M42.00S,2,1610612764,WAS,201858,Martin,C. Martin,0,0,0,,0,,,0,h,Martin REBOUND (Off:0 Def:1),Rebound,Unknown,0,0
133,136,PT09M34.00S,2,1610612764,WAS,201858,Martin,C. Martin,100,220,24,Missed,1,,,0,h,MISS Martin 24' 3PT Jump Shot,Missed Shot,Jump Shot,0,0
134,137,PT09M33.00S,2,1610612753,ORL,202397,Smith,I. Smith,0,0,0,,0,,,0,v,Smith REBOUND (Off:0 Def:2),Rebound,Unknown,0,0
135,138,PT09M26.00S,2,1610612753,ORL,2047,Richardson,Q. Richardson,217,108,24,Made,1,22,32,54,v,Q. Richardson 24' 3PT Jump Bank Shot (4 PTS) (Smith 1 AST),Made Shot,Jump Bank Shot,0,0
136,139,PT09M08.00S,2,1610612764,WAS,201858,Martin,C. Martin,92,167,19,Made,1,24,32,56,h,Martin 19' Jump Shot (2 PTS) (Mack 1 AST),Made Shot,Jump Shot,0,0
137,140,PT08M52.00S,2,0,,0,,,0,0,0,,0,,,0,,Timeout: Official,Timeout,Official,0,0
138,142,PT08M46.00S,2,1610612753,ORL,201583,Anderson,R. Anderson,0,0,0,,0,,,0,v,Anderson Offensive Charge Foul (P2),Foul,Offensive Charge,0,0
139,143,PT08M46.00S,2,1610612753,ORL,201583,Anderson,R. Anderson,0,0,0,,0,,,0,v,Anderson Foul Turnover (P3.T5),Turnover,Foul,0,0
140,144,PT08M25.00S,2,1610612764,WAS,201858,Martin,C. Martin,-153,-25,16,Made,1,26,32,58,h,Martin 16' Jump Shot (4 PTS),Made Shot,Jump Shot,0,0
141,145,PT08M10.00S,2,1610612753,ORL,202397,Smith,I. Smith,127,116,17,Missed,1,,,0,v,MISS Smith 17' Jump Shot,Missed Shot,Jump Shot,0,0
142,146,PT08M09.00S,2,1610612764,WAS,201858,Martin,C. Martin,0,0,0,,0,,,0,h,Martin REBOUND (Off:0 Def:2),Rebound,Unknown,0,0
143,147,PT08M00.00S,2,1610612753,ORL,201947,Clark,E. Clark,0,0,0,,0,,,0,v,Clark S.FOUL (P2.T2),Foul,Shooting,0,0
144,148,PT08M00.00S,2,1610612764,WAS,202714,Mack,S. Mack,0,0,0,,0,,,0,h,MISS Mack Free Throw 1 of 2,Free Throw,Free Throw 1 of 2,0,0
145,149,PT08M00.00S,2,0,,1610612764,,,0,0,0,,0,,,0,h,WIZARDS Rebound,Rebound,Normal Rebound,0,0
146,150,PT08M00.00S,2,1610612764,WAS,202714,Mack,S. Mack,0,0,0,,0,27,32,59,h,Mack Free Throw 2 of 2 (1 PTS),Free Throw,Free Throw 2 of 2,0,0
147,153,PT07M47.00S,2,1610612753,ORL,202397,Smith,I. Smith,-62,11,6,Missed,1,,,0,v,MISS Smith 6' Jump Shot,Missed Shot,Jump Shot,0,0
148,154,PT07M46.00S,2,1610612753,ORL,201947,Clark,E. Clark,0,0,0,,0,,,0,v,Clark REBOUND (Off:1 Def:1),Rebound,Unknown,0,0
149,155,PT07M43.00S,2,1610612753,ORL,201947,Clark,E. Clark,-5,-6,1,Missed,1,,,0,v,MISS Clark 1' Layup,Missed Shot,Layup Shot,0,0
150,156,PT07M42.00S,2,1610612764,WAS,101189,Singleton,J. Singleton,0,0,0,,0,,,0,h,J. Singleton REBOUND (Off:0 Def:4),Rebound,Unknown,0,0
151,157,PT07M38.00S,2,1610612764,WAS,201858,Martin,C. Martin,119,216,25,Missed,1,,,0,h,MISS Martin 25' 3PT Jump Shot,Missed Shot,Jump Shot,0,0
152,158,PT07M36.00S,2,1610612753,ORL,202397,Smith,I. Smith,0,0,0,,0,,,0,v,Smith REBOUND (Off:0 Def:3),Rebound,Unknown,0,0
153,159,PT07M17.00S,2,1610612753,ORL,2202,Richardson,J. Richardson,151,197,25,Missed,1,,,0,v,MISS J. Richardson 25' 3PT Jump Shot,Missed Shot,Jump Shot,0,0
154,160,PT07M16.00S,2,1610612753,ORL,2047,Richardson,Q. Richardson,0,0,0,,0,,,0,v,Q. Richardson REBOUND (Off:1 Def:1),Rebound,Unknown,0,0
155,161,PT07M12.00S,2,1610612753,ORL,2047,Richardson,Q. Richardson,-2,7,1,Made,1,27,34,61,v,Q. Richardson 1' Driving Layup (6 PTS),Made Shot,Driving Layup Shot,0,0
156,162,PT06M47.00S,2,1610612764,WAS,201858,Martin,C. Martin,0,6,1,Missed,1,,,0,h,MISS Martin 1' Layup,Missed Shot,Layup Shot,0,0
157,163,PT06M46.00S,2,1610612753,ORL,201947,Clark,E. Clark,0,0,0,,0,,,0,v,Clark REBOUND (Off:1 Def:2),Rebound,Unknown,0,0
158,164,PT06M39.00S,2,1610612753,ORL,2047,Richardson,Q. Richardson,-242,78,25,Missed,1,,,0,v,MISS Q. Richardson 25' 3PT Jump Shot,Missed Shot,Jump Shot,0,0
159,165,PT06M37.00S,2,1610612753,ORL,201947,Clark,E. Clark,0,0,0,,0,,,0,v,Clark REBOUND (Off:2 Def:2),Rebound,Unknown,0,0
160,166,PT06M16.00S,2,1610612753,ORL,2047,Richardson,Q. Richardson,231,-13,0,Made,1,27,37,64,v,Q. Richardson 3PT Jump Shot (9 PTS) (Smith 2 AST),Made Shot,Jump Shot,0,0
161,167,PT05M56.00S,2,1610612753,ORL,2047,Richardson,Q. Richardson,0,0,0,,0,,,0,v,Q. Richardson S.FOUL (P1.T3),Foul,Shooting,0,0
162,168,PT05M56.00S,2,0,,1610612764,,,0,0,0,,0,,,0,h,WIZARDS Timeout: Regular (Full 2 Short 0),Timeout,Regular,0,0
163,170,PT05M56.00S,2,1610612764,WAS,202714,Mack,S. Mack,0,0,0,,0,,,0,h,SUB: Wall FOR Mack,Substitution,,0,0
164,171,PT05M56.00S,2,1610612764,WAS,2427,Mason Jr.,R. Mason Jr.,0,0,0,,0,,,0,h,SUB: Crawford FOR Mason Jr.,Substitution,,0,0
165,172,PT05M56.00S,2,1610612753,ORL,201947,Clark,E. Clark,0,0,0,,0,,,0,v,SUB: Davis FOR Clark,Substitution,,0,0
166,173,PT05M56.00S,2,1610612764,WAS,202686,Vesely,J. Vesely,0,0,0,,0,28,37,65,h,Vesely Free Throw 1 of 2 (3 PTS),Free Throw,Free Throw 1 of 2,0,0
167,175,PT05M56.00S,2,1610612764,WAS,202686,Vesely,J. Vesely,0,0,0,,0,,,0,h,MISS Vesely Free Throw 2 of 2,Free Throw,Free Throw 2 of 2,0,0
168,177,PT05M55.00S,2,1610612753,ORL,201175,Davis,G. Davis,0,0,0,,0,,,0,v,Davis REBOUND (Off:1 Def:5),Rebound,Unknown,0,0
169,178,PT05M39.00S,2,1610612753,ORL,201583,Anderson,R. Anderson,-201,159,26,Missed,1,,,0,v,MISS Anderson 26' 3PT Jump Shot,Missed Shot,Jump Shot,0,0
170,179,PT05M38.00S,2,1610612764,WAS,202686,Vesely,J. Vesely,0,0,0,,0,,,0,h,Vesely REBOUND (Off:0 Def:2),Rebound,Unknown,0,0
171,180,PT05M16.00S,2,1610612764,WAS,201858,Martin,C. Martin,7,77,8,Made,1,30,37,67,h,Martin 8' Running Jump Shot (6 PTS),Made Shot,Running Jump Shot,0,0
172,181,PT05M01.00S,2,1610612753,ORL,201583,Anderson,R. Anderson,15,-5,2,Missed,1,,,0,v,MISS Anderson 2' Layup,Missed Shot,Layup Shot,0,0
173,182,PT05M00.00S,2,1610612764,WAS,202686,Vesely,J. Vesely,0,0,0,,0,,,0,h,Vesely REBOUND (Off:0 Def:3),Rebound,Unknown,0,0
174,183,PT04M48.00S,2,1610612764,WAS,202348,Crawford,J. Crawford,-226,116,25,Missed,1,,,0,h,MISS Crawford 25' 3PT Jump Shot,Missed Shot,Jump Shot,0,0
175,184,PT04M47.00S,2,1610612753,ORL,202397,Smith,I. Smith,0,0,0,,0,,,0,v,Smith REBOUND (Off:0 Def:4),Rebound,Unknown,0,0
176,186,PT04M37.00S,2,1610612753,ORL,202397,Smith,I. Smith,0,-16,2,Made,1,30,39,69,v,Smith 2' Layup (2 PTS),Made Shot,Layup Shot,0,0
177,187,PT04M21.00S,2,1610612764,WAS,101189,Singleton,J. Singleton,-4,4,1,Made,1,32,39,71,h,J. Singleton 1' Layup (2 PTS) (Crawford 1 AST),Made Shot,Layup Shot,0,0
178,188,PT04M01.00S,2,1610612753,ORL,2202,Richardson,J. Richardson,0,0,0,,0,,,0,v,J. Richardson Bad Pass Turnover (P1.T6),Turnover,Bad Pass,0,0
179,189,PT04M01.00S,2,1610612753,ORL,2047,Richardson,Q. Richardson,0,0,0,,0,,,0,v,SUB: Redick FOR Q. Richardson,Substitution,,0,0
180,190,PT04M01.00S,2,1610612753,ORL,202397,Smith,I. Smith,0,0,0,,0,,,0,v,SUB: Nelson FOR Smith,Substitution,,0,0
181,191,PT04M01.00S,2,1610612764,WAS,101189,Singleton,J. Singleton,0,0,0,,0,,,0,h,SUB: Seraphin FOR J. Singleton,Substitution,,0,0
182,192,PT03M49.00S,2,1610612753,ORL,2202,Richardson,J. Richardson,0,0,0,,0,,,0,v,J. Richardson P.FOUL (P1.T4),Foul,Personal,0,0
183,193,PT03M42.00S,2,1610612764,WAS,201858,Martin,C. Martin,-232,102,25,Missed,1,,,0,h,MISS Martin 25' 3PT Jump Shot,Missed Shot,Jump Shot,0,0
184,194,PT03M41.00S,2,1610612753,ORL,200755,Redick,J. Redick,0,0,0,,0,,,0,v,Redick REBOUND (Off:0 Def:4),Rebound,Unknown,0,0
185,195,PT03M19.00S,2,1610612753,ORL,201175,Davis,G. Davis,31,-6,3,Missed,1,,,0,v,MISS Davis 3' Jump Shot,Missed Shot,Jump Shot,0,0
186,196,PT03M18.00S,2,1610612764,WAS,202338,Seraphin,K. Seraphin,0,0,0,,0,,,0,h,Seraphin REBOUND (Off:1 Def:4),Rebound,Unknown,0,0
187,197,PT03M10.00S,2,1610612764,WAS,202338,Seraphin,K. Seraphin,1,-8,1,Made,1,34,39,73,h,Seraphin 1' Slam Dunk (12 PTS) (Crawford 2 AST),Made Shot,Slam Dunk Shot,0,0
188,198,PT03M00.00S,2,0,,1610612753,,,0,0,0,,0,,,0,v,Magic Timeout: Regular (Reg.2 Short 0),Timeout,Regular,0,0
189,200,PT03M00.00S,2,1610612764,WAS,201858,Martin,C. Martin,0,0,0,,0,,,0,h,SUB: C. Singleton FOR Martin,Substitution,,0,0
190,201,PT02M41.00S,2,1610612753,ORL,2749,Nelson,J. Nelson,198,53,20,Missed,1,,,0,v,MISS Nelson 20' Jump Shot,Missed Shot,Jump Shot,0,0
191,202,PT02M40.00S,2,1610612764,WAS,202686,Vesely,J. Vesely,0,0,0,,0,,,0,h,Vesely REBOUND (Off:0 Def:4),Rebound,Unknown,0,0
192,203,PT02M24.00S,2,1610612764,WAS,202338,Seraphin,K. Seraphin,-29,77,8,Made,1,36,39,75,h,Seraphin 8' Hook Shot (14 PTS) (Wall 3 AST),Made Shot,Hook Shot,0,0
193,204,PT02M07.00S,2,1610612753,ORL,2202,Richardson,J. Richardson,223,105,25,Missed,1,,,0,v,MISS J. Richardson 25' 3PT Jump Shot,Missed Shot,Jump Shot,0,0
194,205,PT02M05.00S,2,1610612764,WAS,202348,Crawford,J. Crawford,0,0,0,,0,,,0,h,Crawford REBOUND (Off:0 Def:2),Rebound,Unknown,0,0
195,206,PT01M49.00S,2,1610612764,WAS,202322,Wall,J. Wall,185,4,19,Missed,1,,,0,h,MISS Wall 19' Jump Shot,Missed Shot,Jump Shot,0,0
196,207,PT01M47.00S,2,1610612753,ORL,2749,Nelson,J. Nelson,0,0,0,,0,,,0,v,Nelson REBOUND (Off:1 Def:2),Rebound,Unknown,0,0
197,208,PT01M42.00S,2,1610612764,WAS,202322,Wall,J. Wall,0,0,0,,0,,,0,h,Wall P.FOUL (P1.T1),Foul,Personal,0,0
198,209,PT01M42.00S,2,1610612753,ORL,201583,Anderson,R. Anderson,0,0,0,,0,,,0,v,SUB: Clark FOR Anderson,Substitution,,0,0
199,210,PT01M23.00S,2,1610612753,ORL,201175,Davis,G. Davis,127,-35,13,Missed,1,,,0,v,MISS Davis 13' Jump Shot,Missed Shot,Jump Shot,0,0
200,211,PT01M22.00S,2,1610612764,WAS,202686,Vesely,J. Vesely,0,0,0,,0,,,0,h,Vesely REBOUND (Off:0 Def:5),Rebound,Unknown,0,0
201,212,PT01M14.00S,2,1610612764,WAS,202338,Seraphin,K. Seraphin,-24,9,3,Missed,1,,,0,h,MISS Seraphin 3' Layup,Missed Shot,Layup Shot,0,0
202,213,PT01M13.00S,2,1610612753,ORL,201947,Clark,E. Clark,0,0,0,,0,,,0,v,Clark REBOUND (Off:2 Def:3),Rebound,Unknown,0,0
203,214,PT01M04.00S,2,1610612753,ORL,2749,Nelson,J. Nelson,-114,222,25,Missed,1,,,0,v,MISS Nelson 25' 3PT Jump Shot,Missed Shot,Jump Shot,0,0
204,215,PT01M03.00S,2,1610612764,WAS,202348,Crawford,J. Crawford,0,0,0,,0,,,0,h,Crawford REBOUND (Off:0 Def:3),Rebound,Unknown,0,0
205,216,PT00M53.40S,2,1610612753,ORL,201175,Davis,G. Davis,0,0,0,,0,,,0,v,Davis S.FOUL (P1.PN),Foul,Shooting,0,0
206,217,PT00M53.40S,2,1610612764,WAS,202322,Wall,J. Wall,0,0,0,,0,37,39,76,h,Wall Free Throw 1 of 2 (7 PTS),Free Throw,Free Throw 1 of 2,0,0
207,219,PT00M53.40S,2,1610612764,WAS,202348,Crawford,J. Crawford,0,0,0,,0,,,0,h,SUB: Mason Jr. FOR Crawford,Substitution,,0,0
208,222,PT00M53.40S,2,1610612764,WAS,202322,Wall,J. Wall,0,0,0,,0,38,39,77,h,Wall Free Throw 2 of 2 (8 PTS),Free Throw,Free Throw 2 of 2,0,0
209,225,PT00M35.90S,2,1610612753,ORL,2202,Richardson,J. Richardson,0,0,0,,0,,,0,v,J. Richardson Bad Pass Turnover (P2.T7),Turnover,Bad Pass,0,0
210,225,PT00M35.90S,2,1610612764,WAS,202322,Wall,J. Wall,0,0,0,,0,,,0,h,Wall STEAL (2 STL),,,0,0
211,226,PT00M33.50S,2,1610612764,WAS,202322,Wall,J. Wall,1,1,0,Made,1,40,39,79,h,Wall Layup (10 PTS),Made Shot,Layup Shot,0,0
212,227,PT00M33.50S,2,1610612753,ORL,2749,Nelson,J. Nelson,0,0,0,,0,,,0,v,Nelson S.FOUL (P2.PN),Foul,Shooting,0,0
213,229,PT00M33.50S,2,1610612753,ORL,2749,Nelson,J. Nelson,0,0,0,,0,,,0,v,SUB: Smith FOR Nelson,Substitution,,0,0
214,230,PT00M33.50S,2,1610612764,WAS,202322,Wall,J. Wall,0,0,0,,0,41,39,80,h,Wall Free Throw 1 of 1 (11 PTS),Free Throw,Free Throw 1 of 1,0,0
215,233,PT00M11.80S,2,1610612753,ORL,201175,Davis,G. Davis,2,0,0,Made,1,41,41,82,v,Davis Layup (8 PTS),Made Shot,Layup Shot,0,0
216,234,PT00M11.80S,2,1610612764,WAS,202338,Seraphin,K. Seraphin,0,0,0,,0,,,0,h,Seraphin S.FOUL (P1.PN),Foul,Shooting,0,0
217,237,PT00M11.80S,2,1610612764,WAS,202686,Vesely,J. Vesely,0,0,0,,0,,,0,h,SUB: Martin FOR Vesely,Substitution,,0,0
218,238,PT00M11.80S,2,1610612753,ORL,201175,Davis,G. Davis,0,0,0,,0,,,0,v,MISS Davis Free Throw 1 of 1,Free Throw,Free Throw 1 of 1,0,0
219,240,PT00M10.60S,2,1610612764,WAS,202322,Wall,J. Wall,0,0,0,,0,,,0,h,Wall REBOUND (Off:0 Def:3),Rebound,Unknown,0,0
220,241,PT00M01.00S,2,1610612764,WAS,202322,Wall,J. Wall,0,0,0,,0,,,0,h,Wall Lost Ball Turnover (P4.T7),Turnover,Lost Ball,0,0
221,241,PT00M01.00S,2,1610612753,ORL,200755,Redick,J. Redick,0,0,0,,0,,,0,v,Redick STEAL (2 STL),,,0,0
222,242,PT00M00.00S,2,0,,0,,,0,0,0,,0,41,41,82,,End of 2nd Period (8:05 PM EST),period,end,0,0
223,244,PT12M00.00S,3,0,,0,,,0,0,0,,0,41,41,82,,Start of 3rd Period (8:22 PM EST),period,start,0,0
224,245,PT11M39.00S,3,1610612753,ORL,200755,Redick,J. Redick,10,45,5,Missed,1,,,0,v,MISS Redick 5' Jump Shot,Missed Shot,Jump Shot,0,0
225,246,PT11M38.00S,3,1610612764,WAS,202686,Vesely,J. Vesely,0,0,0,,0,,,0,h,Vesely REBOUND (Off:0 Def:6),Rebound,Unknown,0,0
226,247,PT11M21.00S,3,1610612764,WAS,202348,Crawford,J. Crawford,0,0,0,,0,,,0,h,Crawford Offensive Charge Foul (P3),Foul,Offensive Charge,0,0
227,248,PT11M21.00S,3,1610612764,WAS,202348,Crawford,J. Crawford,0,0,0,,0,,,0,h,Crawford Foul Turnover (P3.T8),Turnover,Foul,0,0
228,249,PT11M05.00S,3,1610612753,ORL,2202,Richardson,J. Richardson,0,0,0,,0,,,0,v,J. Richardson Traveling Turnover (P3.T8),Turnover,Traveling,0,0
229,250,PT10M46.00S,3,1610612764,WAS,202338,Seraphin,K. Seraphin,89,-21,9,Made,1,43,41,84,h,Seraphin 9' Jump Hook Shot (16 PTS),Made Shot,Jump Hook Shot,0,0
230,251,PT10M21.00S,3,1610612753,ORL,2749,Nelson,J. Nelson,42,250,25,Missed,1,,,0,v,MISS Nelson 25' 3PT Jump Shot,Missed Shot,Jump Shot,0,0
231,252,PT10M20.00S,3,1610612753,ORL,201583,Anderson,R. Anderson,0,0,0,,0,,,0,v,Anderson REBOUND (Off:1 Def:1),Rebound,Unknown,0,0
232,253,PT10M17.00S,3,1610612753,ORL,201583,Anderson,R. Anderson,-13,-5,1,Made,1,43,43,86,v,Anderson 1' Putback Layup (2 PTS),Made Shot,Putback Layup Shot,0,0
233,254,PT09M57.00S,3,1610612764,WAS,202338,Seraphin,K. Seraphin,-67,-10,7,Missed,1,,,0,h,MISS Seraphin 7' Jump Shot,Missed Shot,Jump Shot,0,0
234,255,PT09M56.00S,3,0,,1610612753,,,0,0,0,,0,,,0,v,Magic Rebound,Rebound,Unknown,0,0
235,256,PT09M37.00S,3,1610612753,ORL,2749,Nelson,J. Nelson,-40,85,9,Made,1,43,45,88,v,Nelson 9' Step Back Jump Shot (8 PTS),Made Shot,Step Back Jump shot,0,0
236,257,PT09M15.00S,3,1610612764,WAS,202686,Vesely,J. Vesely,-183,-10,18,Missed,1,,,0,h,MISS Vesely 18' Jump Shot,Missed Shot,Jump Shot,0,0
237,258,PT09M14.00S,3,1610612753,ORL,201175,Davis,G. Davis,0,0,0,,0,,,0,v,Davis REBOUND (Off:1 Def:6),Rebound,Unknown,0,0
238,259,PT09M12.00S,3,1610612753,ORL,201175,Davis,G. Davis,0,0,0,,0,,,0,v,Davis Lost Ball Turnover (P1.T9),Turnover,Lost Ball,0,0
239,259,PT09M12.00S,3,1610612764,WAS,202686,Vesely,J. Vesely,0,0,0,,0,,,0,h,Vesely STEAL (1 STL),,,0,0
240,260,PT08M57.00S,3,1610612764,WAS,202348,Crawford,J. Crawford,13,-10,2,Made,1,45,45,90,h,Crawford 2' Layup (6 PTS) (Seraphin 2 AST),Made Shot,Layup Shot,0,0
241,261,PT08M44.00S,3,1610612753,ORL,201583,Anderson,R. Anderson,192,162,25,Made,1,45,48,93,v,Anderson 25' 3PT Jump Shot (5 PTS) (Nelson 4 AST),Made Shot,Jump Shot,0,0
242,262,PT08M28.00S,3,1610612764,WAS,202698,Singleton,C. Singleton,-240,-21,24,Missed,1,,,0,h,MISS C. Singleton 24' 3PT Jump Shot,Missed Shot,Jump Shot,0,0
243,263,PT08M27.00S,3,1610612764,WAS,202686,Vesely,J. Vesely,0,0,0,,0,,,0,h,Vesely REBOUND (Off:1 Def:6),Rebound,Unknown,0,0
244,264,PT08M27.00S,3,1610612753,ORL,201175,Davis,G. Davis,0,0,0,,0,,,0,v,Davis P.FOUL (P2.T1),Foul,Personal,0,0
245,266,PT08M09.00S,3,1610612764,WAS,202348,Crawford,J. Crawford,-149,142,21,Made,1,47,48,95,h,Crawford 21' Jump Shot (8 PTS),Made Shot,Jump Shot,0,0
246,268,PT07M54.00S,3,1610612753,ORL,200755,Redick,J. Redick,-234,104,26,Missed,1,,,0,v,MISS Redick 26' 3PT Jump Shot,Missed Shot,Jump Shot,0,0
247,269,PT07M53.00S,3,1610612753,ORL,201583,Anderson,R. Anderson,0,0,0,,0,,,0,v,Anderson REBOUND (Off:2 Def:1),Rebound,Unknown,0,0
248,270,PT07M44.00S,3,1610612753,ORL,2749,Nelson,J. Nelson,-10,7,1,Made,1,47,50,97,v,Nelson 1' Driving Layup (10 PTS),Made Shot,Driving Layup Shot,0,0
249,271,PT07M35.00S,3,1610612764,WAS,202348,Crawford,J. Crawford,111,112,16,Made,1,49,50,99,h,Crawford 16' Pullup Jump Shot (10 PTS) (Wall 4 AST),Made Shot,Pullup Jump shot,0,0
250,272,PT07M18.00S,3,1610612753,ORL,2749,Nelson,J. Nelson,0,0,0,,0,,,0,v,Nelson Bad Pass Turnover (P2.T10),Turnover,Bad Pass,0,0
251,273,PT07M05.00S,3,1610612764,WAS,202348,Crawford,J. Crawford,106,19,11,Made,1,51,50,101,h,Crawford 11' Floating Jump Shot (12 PTS),Made Shot,Floating Jump shot,0,0
252,274,PT06M39.00S,3,1610612753,ORL,2749,Nelson,J. Nelson,-158,105,19,Missed,1,,,0,v,MISS Nelson 19' Jump Shot,Missed Shot,Jump Shot,0,0
253,275,PT06M38.00S,3,1610612764,WAS,202698,Singleton,C. Singleton,0,0,0,,0,,,0,h,C. Singleton REBOUND (Off:0 Def:2),Rebound,Unknown,0,0
254,276,PT06M28.00S,3,1610612764,WAS,202338,Seraphin,K. Seraphin,-86,134,16,Made,1,53,50,103,h,Seraphin 16' Jump Shot (18 PTS) (Crawford 3 AST),Made Shot,Jump Shot,0,0
255,277,PT06M11.00S,3,1610612753,ORL,201583,Anderson,R. Anderson,-243,102,26,Missed,1,,,0,v,MISS Anderson 26' 3PT Jump Shot,Missed Shot,Jump Shot,0,0
256,278,PT06M10.00S,3,1610612764,WAS,202698,Singleton,C. Singleton,0,0,0,,0,,,0,h,C. Singleton REBOUND (Off:0 Def:3),Rebound,Unknown,0,0
257,279,PT05M48.00S,3,1610612764,WAS,202348,Crawford,J. Crawford,1,55,6,Missed,1,,,0,h,MISS Crawford 6' Jump Shot,Missed Shot,Jump Shot,0,0
258,280,PT05M47.00S,3,1610612753,ORL,2202,Richardson,J. Richardson,0,0,0,,0,,,0,v,J. Richardson REBOUND (Off:2 Def:1),Rebound,Unknown,0,0
259,281,PT05M42.00S,3,1610612764,WAS,202686,Vesely,J. Vesely,0,0,0,,0,,,0,h,Vesely P.FOUL (P1.T1),Foul,Personal,0,0
260,282,PT05M42.00S,3,0,,1610612764,,,0,0,0,,0,,,0,h,WIZARDS Timeout: Regular (Full 3 Short 0),Timeout,Regular,0,0
261,284,PT05M42.00S,3,1610612753,ORL,201175,Davis,G. Davis,0,0,0,,0,,,0,v,SUB: Q. Richardson FOR Davis,Substitution,,0,0
262,285,PT05M42.00S,3,1610612753,ORL,2202,Richardson,J. Richardson,0,0,0,,0,,,0,v,SUB: Orton FOR J. Richardson,Substitution,,0,0
263,286,PT05M30.00S,3,1610612753,ORL,2749,Nelson,J. Nelson,-7,4,1,Made,1,53,52,105,v,Nelson 1' Reverse Layup (12 PTS),Made Shot,Reverse Layup Shot,0,0
264,287,PT05M05.00S,3,1610612764,WAS,202698,Singleton,C. Singleton,-201,149,25,Missed,1,,,0,h,MISS C. Singleton 25' 3PT Jump Shot,Missed Shot,Jump Shot,0,0
265,288,PT05M03.00S,3,1610612764,WAS,202348,Crawford,J. Crawford,0,0,0,,0,,,0,h,Crawford REBOUND (Off:1 Def:3),Rebound,Unknown,0,0
266,289,PT05M01.00S,3,1610612764,WAS,202348,Crawford,J. Crawford,9,0,1,Made,1,55,52,107,h,Crawford 1' Putback Layup (14 PTS),Made Shot,Putback Layup Shot,0,0
267,290,PT04M44.00S,3,1610612753,ORL,2047,Richardson,Q. Richardson,143,192,24,Made,1,55,55,110,v,Q. Richardson 24' 3PT Jump Shot (12 PTS) (Redick 2 AST),Made Shot,Jump Shot,0,0
268,291,PT04M23.00S,3,1610612764,WAS,202348,Crawford,J. Crawford,-8,75,8,Missed,1,,,0,h,MISS Crawford 8' Jump Shot,Missed Shot,Jump Shot,0,0
269,292,PT04M22.00S,3,1610612764,WAS,202686,Vesely,J. Vesely,0,0,0,,0,,,0,h,Vesely REBOUND (Off:2 Def:6),Rebound,Unknown,0,0
270,293,PT04M20.00S,3,1610612764,WAS,202686,Vesely,J. Vesely,-7,0,1,Made,1,57,55,112,h,Vesely 1' Tip Shot (5 PTS),Made Shot,Tip Shot,0,0
271,294,PT04M07.00S,3,1610612753,ORL,200755,Redick,J. Redick,-35,263,27,Missed,1,,,0,v,MISS Redick 27' 3PT Jump Shot,Missed Shot,Jump Shot,0,0
272,295,PT04M06.00S,3,1610612764,WAS,202698,Singleton,C. Singleton,0,0,0,,0,,,0,h,C. Singleton REBOUND (Off:0 Def:4),Rebound,Unknown,0,0
273,296,PT03M49.00S,3,1610612764,WAS,202348,Crawford,J. Crawford,159,-32,16,Missed,1,,,0,h,MISS Crawford 16' Jump Shot,Missed Shot,Jump Shot,0,0
274,297,PT03M48.00S,3,1610612753,ORL,202350,Orton,D. Orton,0,0,0,,0,,,0,v,Orton REBOUND (Off:0 Def:1),Rebound,Unknown,0,0
275,299,PT03M43.00S,3,1610612753,ORL,200755,Redick,J. Redick,-221,132,26,Missed,1,,,0,v,MISS Redick 26' 3PT Jump Shot,Missed Shot,Jump Shot,0,0
276,300,PT03M42.00S,3,1610612764,WAS,202338,Seraphin,K. Seraphin,0,0,0,,0,,,0,h,Seraphin REBOUND (Off:1 Def:5),Rebound,Unknown,0,0
277,301,PT03M39.00S,3,1610612764,WAS,202338,Seraphin,K. Seraphin,0,0,0,,0,,,0,h,Seraphin Bad Pass Turnover (P1.T9),Turnover,Bad Pass,0,0
278,301,PT03M39.00S,3,1610612753,ORL,201583,Anderson,R. Anderson,0,0,0,,0,,,0,v,Anderson STEAL (1 STL),,,0,0
279,302,PT03M35.00S,3,1610612753,ORL,201583,Anderson,R. Anderson,-101,230,25,Missed,1,,,0,v,MISS Anderson 25' 3PT Jump Shot,Missed Shot,Jump Shot,0,0
280,303,PT03M32.00S,3,1610612764,WAS,202338,Seraphin,K. Seraphin,0,0,0,,0,,,0,h,Seraphin REBOUND (Off:1 Def:6),Rebound,Unknown,0,0
281,304,PT03M23.00S,3,1610612764,WAS,202698,Singleton,C. Singleton,0,0,0,,0,,,0,h,C. Singleton OFF.Foul (P1),Foul,Offensive,0,0
282,305,PT03M23.00S,3,1610612764,WAS,202698,Singleton,C. Singleton,0,0,0,,0,,,0,h,C. Singleton Foul Turnover (P2.T10),Turnover,Foul,0,0
283,306,PT03M23.00S,3,1610612764,WAS,202698,Singleton,C. Singleton,0,0,0,,0,,,0,h,SUB: Martin FOR C. Singleton,Substitution,,0,0
284,307,PT03M09.00S,3,1610612753,ORL,2749,Nelson,J. Nelson,-2,0,0,Missed,1,,,0,v,MISS Nelson Layup,Missed Shot,Layup Shot,0,0
285,308,PT03M08.00S,3,1610612753,ORL,202350,Orton,D. Orton,0,0,0,,0,,,0,v,Orton REBOUND (Off:1 Def:1),Rebound,Unknown,0,0
286,309,PT03M06.00S,3,1610612753,ORL,202350,Orton,D. Orton,4,-5,1,Missed,1,,,0,v,MISS Orton 1' Layup,Missed Shot,Layup Shot,0,0
287,310,PT03M05.00S,3,1610612764,WAS,202338,Seraphin,K. Seraphin,0,0,0,,0,,,0,h,Seraphin REBOUND (Off:1 Def:7),Rebound,Unknown,0,0
288,311,PT03M02.00S,3,1610612764,WAS,202322,Wall,J. Wall,-4,14,1,Missed,1,,,0,h,MISS Wall 1' Layup,Missed Shot,Layup Shot,0,0
289,312,PT02M58.00S,3,1610612753,ORL,2047,Richardson,Q. Richardson,0,0,0,,0,,,0,v,Q. Richardson REBOUND (Off:1 Def:2),Rebound,Unknown,0,0
290,314,PT02M44.00S,3,1610612753,ORL,200755,Redick,J. Redick,0,0,0,,0,,,0,v,Redick Bad Pass Turnover (P2.T11),Turnover,Bad Pass,0,0
291,314,PT02M44.00S,3,1610612764,WAS,202348,Crawford,J. Crawford,0,0,0,,0,,,0,h,Crawford STEAL (1 STL),,,0,0
292,315,PT02M44.00S,3,1610612753,ORL,2749,Nelson,J. Nelson,0,0,0,,0,,,0,v,Nelson L.B.FOUL (P3.T2),Foul,Loose Ball,0,0
293,316,PT02M44.00S,3,0,,1610612753,,,0,0,0,,0,,,0,v,Magic Timeout: Regular (Reg.3 Short 0),Timeout,Regular,0,0
294,318,PT02M44.00S,3,1610612753,ORL,2749,Nelson,J. Nelson,0,0,0,,0,,,0,v,SUB: Smith FOR Nelson,Substitution,,0,0
295,319,PT02M25.00S,3,1610612764,WAS,202338,Seraphin,K. Seraphin,-11,53,5,Missed,1,,,0,h,MISS Seraphin 5' Jump Shot,Missed Shot,Jump Shot,0,0
296,320,PT02M24.00S,3,0,,1610612753,,,0,0,0,,0,,,0,v,Magic Rebound,Rebound,Unknown,0,0
297,321,PT02M09.00S,3,1610612753,ORL,202397,Smith,I. Smith,-7,67,7,Missed,1,,,0,v,MISS Smith 7' Jump Shot,Missed Shot,Jump Shot,0,0
298,322,PT02M08.00S,3,1610612764,WAS,202338,Seraphin,K. Seraphin,0,0,0,,0,,,0,h,Seraphin REBOUND (Off:1 Def:8),Rebound,Unknown,0,0
299,323,PT02M00.00S,3,1610612764,WAS,201858,Martin,C. Martin,228,17,0,Made,1,60,55,115,h,Martin 3PT Jump Shot (9 PTS) (Wall 5 AST),Made Shot,Jump Shot,0,0
300,324,PT01M40.00S,3,1610612753,ORL,200755,Redick,J. Redick,-119,83,15,Missed,1,,,0,v,MISS Redick 15' Jump Shot,Missed Shot,Jump Shot,0,0
301,325,PT01M39.00S,3,1610612764,WAS,202686,Vesely,J. Vesely,0,0,0,,0,,,0,h,Vesely REBOUND (Off:2 Def:7),Rebound,Unknown,0,0
302,326,PT01M33.00S,3,1610612764,WAS,202348,Crawford,J. Crawford,233,-17,0,Missed,1,,,0,h,MISS Crawford 3PT Jump Shot,Missed Shot,Jump Shot,0,0
303,327,PT01M31.00S,3,1610612753,ORL,2047,Richardson,Q. Richardson,0,0,0,,0,,,0,v,Q. Richardson REBOUND (Off:1 Def:3),Rebound,Unknown,0,0
304,328,PT01M26.00S,3,1610612764,WAS,202322,Wall,J. Wall,0,0,0,,0,,,0,h,Wall Personal Block Foul (P2.T2),Foul,Personal Block,0,0
305,329,PT01M26.00S,3,1610612764,WAS,202338,Seraphin,K. Seraphin,0,0,0,,0,,,0,h,SUB: J. Singleton FOR Seraphin,Substitution,,0,0
306,330,PT01M26.00S,3,1610612764,WAS,202322,Wall,J. Wall,0,0,0,,0,,,0,h,SUB: Mack FOR Wall,Substitution,,0,0
307,333,PT01M15.00S,3,1610612753,ORL,2047,Richardson,Q. Richardson,-73,255,27,Missed,1,,,0,v,MISS Q. Richardson 27' 3PT Jump Shot,Missed Shot,Jump Shot,0,0
308,334,PT01M15.00S,3,0,,1610612764,,,0,0,0,,0,,,0,h,WIZARDS Rebound,Rebound,Unknown,0,0
309,335,PT01M15.00S,3,1610612753,ORL,201583,Anderson,R. Anderson,0,0,0,,0,,,0,v,Anderson L.B.FOUL (P3.T3),Foul,Loose Ball,0,0
310,336,PT01M00.00S,3,1610612764,WAS,201858,Martin,C. Martin,0,0,0,,0,,,0,h,Martin Lost Ball Turnover (P1.T11),Turnover,Lost Ball,0,0
311,336,PT01M00.00S,3,1610612753,ORL,201583,Anderson,R. Anderson,0,0,0,,0,,,0,v,Anderson STEAL (2 STL),,,0,0
312,337,PT00M58.20S,3,1610612753,ORL,2047,Richardson,Q. Richardson,-18,7,2,Made,1,60,57,117,v,Q. Richardson 2' Dunk (14 PTS) (Redick 3 AST),Made Shot,Dunk Shot,0,0
313,338,PT00M39.90S,3,1610612764,WAS,202714,Mack,S. Mack,-235,-17,24,Missed,1,,,0,h,MISS Mack 24' 3PT Jump Shot,Missed Shot,Jump Shot,0,0
314,339,PT00M38.40S,3,1610612753,ORL,202350,Orton,D. Orton,0,0,0,,0,,,0,v,Orton REBOUND (Off:1 Def:2),Rebound,Unknown,0,0
315,340,PT00M31.60S,3,1610612753,ORL,202397,Smith,I. Smith,12,-8,1,Made,1,60,59,119,v,Smith 1' Driving Reverse Layup (4 PTS),Made Shot,Driving Reverse Layup Shot,0,0
316,341,PT00M11.90S,3,1610612764,WAS,202348,Crawford,J. Crawford,86,239,25,Missed,1,,,0,h,MISS Crawford 25' 3PT Jump Shot,Missed Shot,Jump Shot,0,0
317,342,PT00M10.40S,3,1610612764,WAS,201858,Martin,C. Martin,0,0,0,,0,,,0,h,Martin REBOUND (Off:1 Def:2),Rebound,Unknown,0,0
318,343,PT00M02.90S,3,1610612764,WAS,201858,Martin,C. Martin,233,-19,0,Missed,1,,,0,h,MISS Martin 3PT Jump Shot,Missed Shot,Jump Shot,0,0
319,344,PT00M01.50S,3,0,,1610612753,,,0,0,0,,0,,,0,v,Magic Rebound,Rebound,Unknown,0,0
320,345,PT00M01.40S,3,1610612764,WAS,202686,Vesely,J. Vesely,0,0,0,,0,,,0,h,Vesely L.B.FOUL (P2.PN),Foul,Loose Ball,0,0
321,346,PT00M01.40S,3,1610612753,ORL,201583,Anderson,R. Anderson,0,0,0,,0,60,60,120,v,Anderson Free Throw 1 of 2 (6 PTS),Free Throw,Free Throw 1 of 2,0,0
322,348,PT00M01.40S,3,1610612753,ORL,201583,Anderson,R. Anderson,0,0,0,,0,60,61,121,v,Anderson Free Throw 2 of 2 (7 PTS),Free Throw,Free Throw 2 of 2,0,0
323,350,PT00M00.00S,3,0,,0,,,0,0,0,,0,60,61,121,,End of 3rd Period (8:42 PM EST),period,end,0,0
324,352,PT12M00.00S,4,0,,0,,,0,0,0,,0,60,61,121,,Start of 4th Period (8:45 PM EST),period,start,0,0
325,353,PT11M42.00S,4,1610612764,WAS,202714,Mack,S. Mack,0,0,0,,0,,,0,h,Mack Bad Pass Turnover (P1.T12),Turnover,Bad Pass,0,0
326,353,PT11M42.00S,4,1610612753,ORL,201175,Davis,G. Davis,0,0,0,,0,,,0,v,Davis STEAL (3 STL),,,0,0
327,354,PT11M25.00S,4,1610612753,ORL,202397,Smith,I. Smith,-98,-17,10,Made,1,60,63,123,v,Smith 10' Floating Jump Shot (6 PTS) (Davis 2 AST),Made Shot,Floating Jump shot,0,0
328,355,PT11M15.00S,4,1610612764,WAS,2427,Mason Jr.,R. Mason Jr.,-202,-33,20,Made,1,62,63,125,h,Mason Jr. 20' Jump Shot (2 PTS) (Martin 1 AST),Made Shot,Jump Shot,0,0
329,356,PT11M12.00S,4,1610612764,WAS,202714,Mack,S. Mack,0,0,0,,0,,,0,h,Mack P.FOUL (P1.T1),Foul,Personal,0,0
330,357,PT11M12.00S,4,1610612764,WAS,202686,Vesely,J. Vesely,0,0,0,,0,,,0,h,SUB: Seraphin FOR Vesely,Substitution,,0,0
331,358,PT10M51.00S,4,1610612753,ORL,202397,Smith,I. Smith,0,0,0,,0,,,0,v,Smith Lost Ball Turnover (P1.T12),Turnover,Lost Ball,0,0
332,358,PT10M51.00S,4,1610612764,WAS,101189,Singleton,J. Singleton,0,0,0,,0,,,0,h,J. Singleton STEAL (1 STL),,,0,0
333,359,PT10M48.00S,4,1610612753,ORL,2047,Richardson,Q. Richardson,0,0,0,,0,,,0,v,Q. Richardson S.FOUL (P2.T1),Foul,Shooting,0,0
334,360,PT10M48.00S,4,1610612764,WAS,202714,Mack,S. Mack,0,0,0,,0,,,0,h,MISS Mack Free Throw 1 of 2,Free Throw,Free Throw 1 of 2,0,0
335,361,PT10M48.00S,4,0,,1610612764,,,0,0,0,,0,,,0,h,WIZARDS Rebound,Rebound,Normal Rebound,0,0
336,362,PT10M48.00S,4,1610612764,WAS,202714,Mack,S. Mack,0,0,0,,0,63,63,126,h,Mack Free Throw 2 of 2 (2 PTS),Free Throw,Free Throw 2 of 2,0,0
337,365,PT10M31.00S,4,1610612753,ORL,2202,Richardson,J. Richardson,-75,6,8,Missed,1,,,0,v,MISS J. Richardson 8' Jump Shot,Missed Shot,Jump Shot,0,0
338,366,PT10M29.00S,4,1610612753,ORL,201175,Davis,G. Davis,0,0,0,,0,,,0,v,Davis REBOUND (Off:2 Def:6),Rebound,Unknown,0,0
339,367,PT10M29.00S,4,1610612764,WAS,201858,Martin,C. Martin,0,0,0,,0,,,0,h,Martin S.FOUL (P2.T2),Foul,Shooting,0,0
340,368,PT10M29.00S,4,1610612753,ORL,201175,Davis,G. Davis,0,0,0,,0,63,64,127,v,Davis Free Throw 1 of 2 (9 PTS),Free Throw,Free Throw 1 of 2,0,0
341,370,PT10M29.00S,4,1610612753,ORL,201175,Davis,G. Davis,0,0,0,,0,,,0,v,MISS Davis Free Throw 2 of 2,Free Throw,Free Throw 2 of 2,0,0
342,372,PT10M28.00S,4,1610612764,WAS,101189,Singleton,J. Singleton,0,0,0,,0,,,0,h,J. Singleton REBOUND (Off:0 Def:5),Rebound,Unknown,0,0
343,374,PT10M16.00S,4,1610612764,WAS,202714,Mack,S. Mack,39,-10,4,Missed,1,,,0,h,MISS Mack 4' Jump Shot,Missed Shot,Jump Shot,0,0
344,374,PT10M16.00S,4,1610612753,ORL,201947,Clark,E. Clark,0,0,0,,0,,,0,v,Clark BLOCK (3 BLK),,,0,0
345,375,PT10M16.00S,4,0,,1610612764,,,0,0,0,,0,,,0,h,WIZARDS Rebound,Rebound,Unknown,0,0
346,376,PT10M16.00S,4,0,,1610612764,,,0,0,0,,0,,,0,h,WIZARDS Timeout: Regular (Full 4 Short 0),Timeout,Regular,0,0
347,378,PT10M14.00S,4,1610612764,WAS,2427,Mason Jr.,R. Mason Jr.,200,-32,20,Missed,1,,,0,h,MISS Mason Jr. 20' Jump Shot,Missed Shot,Jump Shot,0,0
348,379,PT10M13.00S,4,1610612764,WAS,202338,Seraphin,K. Seraphin,0,0,0,,0,,,0,h,Seraphin REBOUND (Off:2 Def:8),Rebound,Unknown,0,0
349,380,PT10M10.00S,4,1610612764,WAS,202338,Seraphin,K. Seraphin,69,3,7,Made,1,65,64,129,h,Seraphin 7' Jump Bank Shot (20 PTS),Made Shot,Jump Bank Shot,0,0
350,382,PT09M54.00S,4,1610612753,ORL,201947,Clark,E. Clark,187,0,19,Missed,1,,,0,v,MISS Clark 19' Jump Shot,Missed Shot,Jump Shot,0,0
351,383,PT09M52.00S,4,1610612764,WAS,101189,Singleton,J. Singleton,0,0,0,,0,,,0,h,J. Singleton REBOUND (Off:0 Def:6),Rebound,Unknown,0,0
352,384,PT09M32.00S,4,1610612764,WAS,202338,Seraphin,K. Seraphin,0,58,6,Made,1,67,64,131,h,Seraphin 6' Jump Shot (22 PTS) (Mason Jr. 1 AST),Made Shot,Jump Shot,0,0
353,385,PT09M13.00S,4,1610612753,ORL,202397,Smith,I. Smith,-10,53,5,Made,1,67,66,133,v,Smith 5' Running Jump Shot (8 PTS),Made Shot,Running Jump Shot,0,0
354,386,PT08M59.00S,4,1610612764,WAS,101189,Singleton,J. Singleton,143,121,19,Made,1,69,66,135,h,J. Singleton 19' Jump Shot (4 PTS) (Martin 2 AST),Made Shot,Jump Shot,0,0
355,387,PT08M37.00S,4,1610612753,ORL,2047,Richardson,Q. Richardson,-193,93,21,Missed,1,,,0,v,MISS Q. Richardson 21' Jump Shot,Missed Shot,Jump Shot,0,0
356,388,PT08M37.00S,4,0,,1610612764,,,0,0,0,,0,,,0,h,WIZARDS Rebound,Rebound,Unknown,0,0
357,389,PT08M28.00S,4,1610612764,WAS,202714,Mack,S. Mack,36,33,5,Missed,1,,,0,h,MISS Mack 5' Jump Shot,Missed Shot,Jump Shot,0,0
358,389,PT08M28.00S,4,1610612753,ORL,202397,Smith,I. Smith,0,0,0,,0,,,0,v,Smith BLOCK (1 BLK),,,0,0
359,390,PT08M26.00S,4,1610612753,ORL,202397,Smith,I. Smith,0,0,0,,0,,,0,v,Smith REBOUND (Off:0 Def:5),Rebound,Unknown,0,0
360,391,PT08M20.00S,4,1610612753,ORL,2202,Richardson,J. Richardson,144,192,24,Made,1,69,69,138,v,J. Richardson 24' 3PT Jump Shot (8 PTS) (Smith 3 AST),Made Shot,Jump Shot,0,0
361,392,PT07M56.00S,4,1610612764,WAS,202714,Mack,S. Mack,-139,110,18,Missed,1,,,0,h,MISS Mack 18' Jump Shot,Missed Shot,Jump Shot,0,0
362,393,PT07M55.00S,4,1610612753,ORL,201947,Clark,E. Clark,0,0,0,,0,,,0,v,Clark REBOUND (Off:2 Def:4),Rebound,Unknown,0,0
363,394,PT07M43.00S,4,1610612753,ORL,202397,Smith,I. Smith,-70,-8,7,Missed,1,,,0,v,MISS Smith 7' Jump Shot,Missed Shot,Jump Shot,0,0
364,395,PT07M42.00S,4,1610612764,WAS,202338,Seraphin,K. Seraphin,0,0,0,,0,,,0,h,Seraphin REBOUND (Off:2 Def:9),Rebound,Unknown,0,0
365,396,PT07M29.00S,4,1610612764,WAS,201858,Martin,C. Martin,174,164,24,Made,1,72,69,141,h,Martin 24' 3PT Jump Shot (12 PTS) (Mack 2 AST),Made Shot,Jump Shot,0,0
366,397,PT07M27.00S,4,0,,1610612753,,,0,0,0,,0,,,0,v,Magic Timeout: Regular (Reg.4 Short 0),Timeout,Regular,0,0
367,399,PT07M27.00S,4,1610612764,WAS,202714,Mack,S. Mack,0,0,0,,0,,,0,h,SUB: Wall FOR Mack,Substitution,,0,0
368,400,PT07M27.00S,4,1610612753,ORL,201947,Clark,E. Clark,0,0,0,,0,,,0,v,SUB: Anderson FOR Clark,Substitution,,0,0
369,401,PT07M27.00S,4,1610612753,ORL,2047,Richardson,Q. Richardson,0,0,0,,0,,,0,v,SUB: Redick FOR Q. Richardson,Substitution,,0,0
370,402,PT07M27.00S,4,1610612753,ORL,202397,Smith,I. Smith,0,0,0,,0,,,0,v,SUB: Nelson FOR Smith,Substitution,,0,0
371,403,PT07M04.00S,4,1610612753,ORL,2202,Richardson,J. Richardson,200,-3,20,Missed,1,,,0,v,MISS J. Richardson 20' Jump Shot,Missed Shot,Jump Shot,0,0
372,404,PT07M02.00S,4,1610612764,WAS,2427,Mason Jr.,R. Mason Jr.,0,0,0,,0,,,0,h,Mason Jr. REBOUND (Off:0 Def:1),Rebound,Unknown,0,0
373,405,PT06M51.00S,4,1610612753,ORL,2202,Richardson,J. Richardson,0,0,0,,0,,,0,v,J. Richardson P.FOUL (P2.T2),Foul,Personal,0,0
374,406,PT06M39.00S,4,1610612764,WAS,101189,Singleton,J. Singleton,-166,-16,17,Made,1,74,69,143,h,J. Singleton 17' Jump Shot (6 PTS) (Martin 3 AST),Made Shot,Jump Shot,0,0
375,408,PT06M16.00S,4,1610612753,ORL,2749,Nelson,J. Nelson,-56,-5,6,Missed,1,,,0,v,MISS Nelson 6' Jump Shot,Missed Shot,Jump Shot,0,0
376,408,PT06M16.00S,4,1610612764,WAS,202322,Wall,J. Wall,0,0,0,,0,,,0,h,Wall BLOCK (1 BLK),,,0,0
377,409,PT06M16.00S,4,0,,1610612753,,,0,0,0,,0,,,0,v,Magic Rebound,Rebound,Unknown,0,0
378,410,PT06M11.00S,4,1610612753,ORL,200755,Redick,J. Redick,201,-28,20,Made,1,74,71,145,v,Redick 20' Jump Shot (13 PTS) (Nelson 5 AST),Made Shot,Jump Shot,0,0
379,411,PT05M50.00S,4,1610612753,ORL,200755,Redick,J. Redick,0,0,0,,0,,,0,v,Redick S.FOUL (P1.T3),Foul,Shooting,0,0
380,412,PT05M50.00S,4,1610612764,WAS,202338,Seraphin,K. Seraphin,0,0,0,,0,75,71,146,h,Seraphin Free Throw 1 of 2 (23 PTS),Free Throw,Free Throw 1 of 2,0,0
381,414,PT05M50.00S,4,1610612764,WAS,2427,Mason Jr.,R. Mason Jr.,0,0,0,,0,,,0,h,SUB: Crawford FOR Mason Jr.,Substitution,,0,0
382,415,PT05M50.00S,4,1610612764,WAS,202338,Seraphin,K. Seraphin,0,0,0,,0,76,71,147,h,Seraphin Free Throw 2 of 2 (24 PTS),Free Throw,Free Throw 2 of 2,0,0
383,418,PT05M38.00S,4,1610612764,WAS,202338,Seraphin,K. Seraphin,0,0,0,,0,,,0,h,Seraphin S.FOUL (P2.T3),Foul,Shooting,0,0
384,419,PT05M38.00S,4,1610612753,ORL,201175,Davis,G. Davis,0,0,0,,0,76,72,148,v,Davis Free Throw 1 of 2 (10 PTS),Free Throw,Free Throw 1 of 2,0,0
385,421,PT05M38.00S,4,1610612753,ORL,201175,Davis,G. Davis,0,0,0,,0,,,0,v,MISS Davis Free Throw 2 of 2,Free Throw,Free Throw 2 of 2,0,0
386,423,PT05M37.00S,4,1610612764,WAS,202338,Seraphin,K. Seraphin,0,0,0,,0,,,0,h,Seraphin REBOUND (Off:2 Def:10),Rebound,Unknown,0,0
387,424,PT05M17.00S,4,1610612764,WAS,101189,Singleton,J. Singleton,-116,47,13,Made,1,78,72,150,h,J. Singleton 13' Jump Bank Shot (8 PTS) (Crawford 4 AST),Made Shot,Jump Bank Shot,0,0
388,425,PT04M53.00S,4,1610612753,ORL,2749,Nelson,J. Nelson,-16,78,8,Made,1,78,74,152,v,Nelson 8' Running Bank Shot (14 PTS),Made Shot,Running Bank shot,0,0
389,426,PT04M46.00S,4,1610612764,WAS,202322,Wall,J. Wall,31,52,6,Made,1,80,74,154,h,Wall 6' Floating Jump Shot (13 PTS),Made Shot,Floating Jump shot,0,0
390,427,PT04M35.00S,4,1610612753,ORL,2749,Nelson,J. Nelson,69,247,26,Made,1,80,77,157,v,Nelson 26' 3PT Jump Shot (17 PTS),Made Shot,Jump Shot,0,0
391,428,PT04M17.00S,4,1610612753,ORL,200755,Redick,J. Redick,0,0,0,,0,,,0,v,Redick S.FOUL (P2.T4),Foul,Shooting,0,0
392,429,PT04M17.00S,4,1610612764,WAS,101189,Singleton,J. Singleton,0,0,0,,0,81,77,158,h,J. Singleton Free Throw 1 of 2 (9 PTS),Free Throw,Free Throw 1 of 2,0,0
393,431,PT04M17.00S,4,1610612764,WAS,101189,Singleton,J. Singleton,0,0,0,,0,82,77,159,h,J. Singleton Free Throw 2 of 2 (10 PTS),Free Throw,Free Throw 2 of 2,0,0
394,433,PT04M09.00S,4,1610612753,ORL,201175,Davis,G. Davis,1,0,0,Missed,1,,,0,v,MISS Davis Layup,Missed Shot,Layup Shot,0,0
395,433,PT04M09.00S,4,1610612764,WAS,202338,Seraphin,K. Seraphin,0,0,0,,0,,,0,h,Seraphin BLOCK (4 BLK),,,0,0
396,434,PT04M09.00S,4,0,,1610612764,,,0,0,0,,0,,,0,h,WIZARDS Rebound,Rebound,Unknown,0,0
397,435,PT03M57.00S,4,1610612764,WAS,202322,Wall,J. Wall,-7,1,1,Made,1,84,77,161,h,Wall 1' Driving Finger Roll Layup (15 PTS),Made Shot,Driving Finger Roll Layup Shot,0,0
398,436,PT03M44.00S,4,1610612753,ORL,2749,Nelson,J. Nelson,192,148,24,Missed,1,,,0,v,MISS Nelson 24' 3PT Jump Shot,Missed Shot,Jump Shot,0,0
399,437,PT03M43.00S,4,0,,1610612753,,,0,0,0,,0,,,0,v,Magic Rebound,Rebound,Unknown,0,0
400,438,PT03M41.00S,4,1610612753,ORL,2749,Nelson,J. Nelson,0,0,0,,0,,,0,v,Nelson Traveling Turnover (P3.T13),Turnover,Traveling,0,0
401,439,PT03M26.00S,4,1610612764,WAS,202348,Crawford,J. Crawford,0,0,0,,0,,,0,h,Crawford Bad Pass Turnover (P4.T13),Turnover,Bad Pass,0,0
402,439,PT03M26.00S,4,1610612753,ORL,200755,Redick,J. Redick,0,0,0,,0,,,0,v,Redick STEAL (3 STL),,,0,0
403,440,PT03M18.00S,4,1610612753,ORL,2202,Richardson,J. Richardson,-250,45,25,Missed,1,,,0,v,MISS J. Richardson 25' 3PT Jump Shot,Missed Shot,Jump Shot,0,0
404,441,PT03M17.00S,4,1610612764,WAS,101189,Singleton,J. Singleton,0,0,0,,0,,,0,h,J. Singleton REBOUND (Off:0 Def:7),Rebound,Unknown,0,0
405,442,PT03M06.00S,4,1610612764,WAS,202322,Wall,J. Wall,18,201,20,Missed,1,,,0,h,MISS Wall 20' Jump Shot,Missed Shot,Jump Shot,0,0
406,443,PT03M05.00S,4,1610612753,ORL,201583,Anderson,R. Anderson,0,0,0,,0,,,0,v,Anderson REBOUND (Off:2 Def:2),Rebound,Unknown,0,0
407,444,PT03M00.00S,4,1610612753,ORL,2202,Richardson,J. Richardson,6,12,1,Made,1,84,79,163,v,J. Richardson 1' Dunk (10 PTS) (Nelson 6 AST),Made Shot,Dunk Shot,0,0
408,445,PT02M36.00S,4,1610612764,WAS,202348,Crawford,J. Crawford,-11,0,1,Made,1,86,79,165,h,Crawford 1' Driving Layup (16 PTS),Made Shot,Driving Layup Shot,0,0
409,446,PT02M20.00S,4,1610612753,ORL,2749,Nelson,J. Nelson,-10,-3,1,Missed,1,,,0,v,MISS Nelson 1' Layup,Missed Shot,Layup Shot,0,0
410,447,PT02M19.00S,4,1610612753,ORL,201175,Davis,G. Davis,0,0,0,,0,,,0,v,Davis REBOUND (Off:3 Def:6),Rebound,Unknown,0,0
411,448,PT02M17.00S,4,1610612753,ORL,201175,Davis,G. Davis,-10,1,1,Made,1,86,81,167,v,Davis 1' Putback Layup (12 PTS),Made Shot,Putback Layup Shot,0,0
412,449,PT01M51.00S,4,1610612764,WAS,202322,Wall,J. Wall,91,156,18,Missed,1,,,0,h,MISS Wall 18' Jump Shot,Missed Shot,Jump Shot,0,0
413,450,PT01M50.00S,4,1610612753,ORL,201175,Davis,G. Davis,0,0,0,,0,,,0,v,Davis REBOUND (Off:3 Def:7),Rebound,Unknown,0,0
414,451,PT01M44.00S,4,1610612753,ORL,2202,Richardson,J. Richardson,-231,124,26,Missed,1,,,0,v,MISS J. Richardson 26' 3PT Jump Shot,Missed Shot,Jump Shot,0,0
415,452,PT01M41.00S,4,1610612764,WAS,101189,Singleton,J. Singleton,0,0,0,,0,,,0,h,J. Singleton REBOUND (Off:0 Def:8),Rebound,Unknown,0,0
416,453,PT01M21.00S,4,1610612764,WAS,202348,Crawford,J. Crawford,234,-19,0,Made,1,89,81,170,h,Crawford 3PT Jump Shot (19 PTS) (Wall 6 AST),Made Shot,Jump Shot,0,0
417,454,PT01M21.00S,4,0,,1610612753,,,0,0,0,,0,,,0,v,Magic Timeout: Short (Reg.4 Short 1),Timeout,Short,0,0
418,456,PT01M21.00S,4,0,,0,,,0,0,0,,0,,,0,,Timeout: Official,Timeout,Official,0,0
419,458,PT01M16.00S,4,1610612753,ORL,200755,Redick,J. Redick,204,82,22,Made,1,89,83,172,v,Redick 22' Jump Shot (15 PTS) (Nelson 7 AST),Made Shot,Jump Shot,0,0
420,459,PT00M58.80S,4,1610612764,WAS,101189,Singleton,J. Singleton,7,1,1,Made,1,91,83,174,h,J. Singleton 1' Alley Oop Dunk (12 PTS) (Wall 7 AST),Made Shot,Alley Oop Dunk Shot,0,0
421,460,PT00M48.80S,4,1610612753,ORL,200755,Redick,J. Redick,-228,-25,0,Missed,1,,,0,v,MISS Redick 3PT Jump Shot,Missed Shot,Jump Shot,0,0
422,461,PT00M47.80S,4,1610612764,WAS,202338,Seraphin,K. Seraphin,0,0,0,,0,,,0,h,Seraphin REBOUND (Off:2 Def:11),Rebound,Unknown,0,0
423,462,PT00M32.70S,4,1610612764,WAS,202348,Crawford,J. Crawford,-4,0,0,Made,1,93,83,176,h,Crawford Driving Layup (21 PTS),Made Shot,Driving Layup Shot,0,0
424,463,PT00M18.90S,4,1610612753,ORL,201175,Davis,G. Davis,-243,82,26,Missed,1,,,0,v,MISS Davis 26' 3PT Jump Shot,Missed Shot,Jump Shot,0,0
425,464,PT00M17.50S,4,1610612753,ORL,2749,Nelson,J. Nelson,0,0,0,,0,,,0,v,Nelson REBOUND (Off:2 Def:2),Rebound,Unknown,0,0
426,465,PT00M14.40S,4,1610612753,ORL,2749,Nelson,J. Nelson,-15,4,2,Made,1,93,85,178,v,Nelson 2' Layup (19 PTS),Made Shot,Layup Shot,0,0
427,466,PT00M00.00S,4,0,,0,,,0,0,0,,0,93,85,178,,End of 4th Period (9:12 PM EST),period,end,0,0
